339.86832	19.114375
340.2509644343084	33996.28125
340.6335677717954	477.859375
341.0161300043036	451.4633333333333
341.3986511236755	725.4360416666667
341.78113112175373	632.5947916666668
342.16356999038084	657.1704166666667
342.5459677213995	727.2564583333333
342.92832430665214	10977.112499999997
343.3106397379815	1844.0820833333335
343.69291400723	729.9870833333334
344.0751471062403	669.9133333333334
344.45733902685504	831.9304166666667
344.83948976091665	779.1383333333333
345.2215993002679	805.5343750000001
345.60366763675125	788.2404166666666
345.9856947622093	917.4900000000001
346.3676806684845	709.0522916666667
346.74962534741974	789.1506250000001
347.1315287908573	855.5958333333333
347.51339099064	958.449375
347.8952119386102	765.4852083333332
348.2769916266106	800.9833333333335
348.6587300464838	1598.3258333333333
349.0404271900723	1046.7395833333333
349.4220830492187	1126.8379166666666
349.80369761576566	1020.3435416666666
350.1852708815557	1146.8625
350.5668028384313	1062.213125
350.9482934782352	1577.3910416666668
351.32974279281	973.0127083333333
351.71115077399816	943.8860416666666
352.0925174136422	1250.62625
352.47384270358486	1140.4910416666667
352.8551266356687	1007.600625
353.23636920173624	1079.5070833333332
353.61757039363005	1074.0458333333333
353.9987302031928	1408.0922916666666
354.379848622267	1319.8020833333333
354.76092564269516	1138.670625
355.14196125632	1117.7358333333334
355.52295545498407	1170.5279166666667
355.90390823052985	1175.9891666666667
356.2848195748	2089.8383333333336
356.6656894796371	1161.4258333333335
357.04651793688373	1212.3975
357.4273049383824	1189.6422916666668
357.8080504759759	1125.0175000000002
358.18875454150657	1267.9202083333332
358.5694171268171	1122.286875
358.9500382237499	1203.2954166666666
359.3306178241479	1236.0629166666668
359.7111559198534	1185.0912499999997
360.0916525027091	1146.8625
360.47210756455746	1155.9645833333334
360.85252109724127	1173.2585416666668
361.23289309260286	1031.2660416666665
361.61322354248495	1154.1441666666667
361.99351243873014	1192.3729166666667
362.37375977318095	1429.9372916666669
362.75396553768	1336.1858333333332
363.1341297240698	1190.5525
363.514252324193	1054.9314583333332
363.8943333298922	1031.2660416666668
364.27437273300995	1468.1660416666666
364.65437052538874	1256.0874999999999
365.03432669887127	1029.445625
365.4142412453001	1144.131875
365.7941141565177	1611.9789583333334
366.1739454243669	1130.47875
366.55373504069	1200.5647916666667
366.93348299732975	1118.6460416666666
367.31318928612865	1186.0014583333334
367.6928538989293	1098.6214583333333
368.0724768275743	1065.8539583333334
368.4520580639063	1359.85125
368.83159759976763	1255.1772916666666
369.21109542700117	1777.636875
369.59055153744936	1279.7529166666666
369.9699659229547	1146.8625000000002
370.34933857536	1152.32375
370.72866948650767	1025.8047916666667
371.10795864824024	1103.1725000000001
371.4872060524004	1398.9902083333334
371.8664116908307	1205.1158333333333
372.2455755553737	2278.2514583333336
372.6246976378721	1262.4589583333334
373.00377793016827	1343.4675
373.38281642410493	1297.9570833333332
373.76181311152465	1310.7
374.14076798427	1282.4835416666667
374.5196810341835	1409.9127083333333
374.8985522531078	1260.6385416666667
375.2773816328855	1155.054375
375.6561691653591	1172.3483333333334
376.0349148423712	1117.7358333333334
376.4136186557645	1017.6129166666668
376.7922805973814	1147.7727083333334
377.17090065906456	1003.9597916666667
377.5494788326565	1033.0864583333332
377.92801511000005	1237.8833333333334
378.3065094829374	1328.904166666667
378.6849619433114	1059.4825
379.0633724829646	1344.3777083333332
379.4417410937395	1204.205625
379.82006776747875	2142.6304166666664
380.1983524960249	1124.1072916666665
380.57659527122047	1033.0864583333334
380.9547960849082	1131.3889583333332
381.33295492893046	1003.0495833333333
381.71107179513	1195.1035416666666
382.08914667534935	1134.1195833333331
382.467179561431	997.5883333333333
382.84517044521766	1084.9683333333335
383.22311931855194	1170.5279166666667
383.60102617327624	1228.78125
383.97889100123325	1472.7170833333332
384.35671379426554	1107.7235416666665
384.73449454421575	1087.6989583333334
385.1122332429263	1104.0827083333334
385.48992988224	1196.01375
385.8675844539992	1027.6252083333331
386.24519695004665	1128.6583333333335
386.6227673622248	1115.0052083333333
387.0002956823763	1161.4258333333335
387.3777819023437	1521.868333333333
387.75522601396966	1213.3077083333333
388.1326280090966	1117.7358333333334
388.5099878795673	1152.3237499999998
388.8873056172243	1101.3520833333332
389.26458121391	994.8577083333333
389.6418146614671	1215.128125
390.0190059517382	1027.6252083333331
390.3961550765659	1054.9314583333332
390.77326202779267	1229.6914583333335
391.15032679726124	1019.4333333333334
391.5273493768141	1075.86625
391.9043297582938	1295.2264583333335
392.2812679335429	1109.5439583333334
392.65816389440414	1213.3077083333333
393.03501763272	1131.3889583333332
393.41182914033305	1252.4466666666667
393.7885984090858	1106.8133333333333
394.165325430821	1298.8672916666667
394.5420101973811	1216.0383333333334
394.9186527006087	1113.1847916666668
395.29525293234644	1190.5525
395.67181088443687	1051.2906249999999
396.04832654872257	1142.3114583333333
396.424799917046	1355.3002083333333
396.80123098124994	1013.9720833333334
397.1776197331769	1297.9570833333335
397.5539661646694	1165.0666666666666
397.93027026757005	1123.1970833333332
398.30653203372145	1159.6054166666665
398.6827514549662	989.3964583333333
399.05892852314685	1290.6754166666667
399.4350632301059	1028.5354166666666
399.8111555676861	1052.2008333333333
400.18720552772993	1035.8170833333334
400.56321310207994	1137.7604166666667
400.9391782825788	1115.9154166666667
401.315101061069	1138.670625
401.6909814293932	1261.54875
402.06681937939385	1115.9154166666667
402.4426149029137	1062.213125
402.8183679917953	1203.2954166666666
403.19407863788103	1115.0052083333333
403.56974683301377	1104.9929166666668
403.94537256903584	1006.6904166666667
404.32095583779	1049.4702083333332
404.69649663111875	1253.3568750000002
405.0719949408646	1228.78125
405.4474507588703	1110.4541666666667
405.82286407697836	1245.165
406.1982348870312	1059.4825
406.57356318087164	1180.5402083333336
406.94884895034215	1057.6620833333334
407.3240921872853	1085.8785416666667
407.6992928835437	1204.2056249999998
408.07445103095995	1027.6252083333334
408.4495666213767	1140.4910416666664
408.8246396466363	1046.7395833333333
409.19967009858135	1082.2377083333333
409.5746579690547	1232.4220833333331
409.94960324989876	1084.9683333333332
410.324505932956	1067.6743749999998
410.69936601006924	1090.4295833333333
411.07418347308095	1166.8870833333333
411.4489583138336	1283.39375
411.82369052417	1283.39375
412.1983800959325	1069.4947916666667
412.5730270209638	1131.3889583333332
412.9476312911065	1068.5845833333333
413.32219289820307	1270.6508333333334
413.6967118340962	1118.6460416666666
414.0711880906285	1234.2425
414.4456216596423	1107.7235416666665
414.8200125329805	1289.7652083333335
415.19436070248554	1220.5893750000002
415.56866615999996	1084.058125
415.94292889736636	1250.62625
416.3171489064274	1153.2339583333332
416.6913261790256	1309.7897916666666
417.0654607070035	1228.78125
417.43955248220374	1408.0922916666666
417.81360149646883	1301.5979166666668
418.1876077416415	1464.5252083333332
418.56157120956414	1078.596875
418.9354918920794	1116.8256250000002
419.30936978103	1215.128125
419.68320486825826	1186.9116666666666
420.056997145607	1212.3975
420.43074660491874	1200.5647916666667
420.80445323803593	1130.47875
421.17811703680127	1279.7529166666666
421.55173799305726	1199.6545833333334
421.9253160986466	1234.2425
422.2988513454117	1217.85875
422.67234372519533	1195.1035416666666
423.04579322983994	1270.6508333333334
423.4191998511882	1439.9495833333333
423.79256358108256	1210.5770833333333
424.16588441136577	1189.6422916666668
424.5391623338803	1746.6897916666667
424.9123973404688	1320.7122916666667
425.2855894229737	1216.9485416666666
425.65873857323766	1248.8058333333333
426.03184478310334	1214.2179166666667
426.4049080444133	1418.1045833333335
426.77792834901	1453.602708333333
427.1509056887361	1304.3285416666668
427.5238400554342	1381.69625
427.8967314409469	1203.2954166666666
428.2695798371167	1637.4647916666665
428.6423852357862	1324.3531249999999
429.0151476287981	1466.345625
429.38786700799477	2277.34125
429.76054336521895	1451.7822916666667
430.13317669231316	1525.5091666666667
430.50576698111996	1421.7454166666666
430.878314223482	1556.45625
431.25081841124177	1481.819166666667
431.623279536242	1970.6010416666668
431.99569759032505	1560.0970833333333
432.3680725653337	1676.60375
432.7404044531105	1766.7143750000002
433.11269324549784	1651.1179166666668
433.4849389343386	1651.1179166666668
433.85714151147505	1652.9383333333335
434.22930096874995	1723.9345833333334
434.60141729800597	1767.6245833333332
434.9734904910854	1822.2370833333334
435.3455205398311	1919.6293750000002
435.71750743608555	1836.8004166666667
436.08945117169117	2067.9933333333333
436.4613517384908	2018.8420833333332
436.833209128327	2248.214583333333
437.2050233330421	2152.6427083333333
437.57679434447897	2206.345
437.94852215448	2431.1664583333336
438.3202067548878	2382.9254166666665
438.69184813754504	2493.0606249999996
439.0634462942942	2520.366875
439.43500121697787	2726.0739583333334
439.8065128974388	2757.021041666667
440.17798132751926	2747.9189583333336
440.54940649906206	2884.450208333333
440.92078840390974	2963.638333333334
441.2921270339049	3215.766041666667
441.66342238089	3274.929583333333
442.0346744367077	3355.0279166666664
442.4058831932006	3438.7670833333336
442.7770486422113	3443.318125
443.1481707755823	3540.710416666667
443.5192495851562	3962.136875
443.89028506277566	3801.03
444.26127720028313	3858.3731249999996
444.6322259895213	3905.703958333333
445.00313142233273	3792.8381249999998
445.37399349056	3814.683125
445.74481218604564	3697.26625
446.1155875006322	3834.7077083333334
446.4863194261624	3579.849375
446.8570079544787	4413.600208333334
447.2276530774237	3640.8333333333335
447.5982547868401	3451.5099999999998
447.9688130745703	3570.7472916666666
448.3393279324569	3505.2122916666667
448.7097993523426	3308.6072916666667
449.08022732607	3158.4229166666664
449.45061184548155	3078.3245833333335
449.82095290241983	3017.3406250000003
450.1912504887275	2969.099583333333
450.56150459624706	2714.24125
450.93171521682126	2909.025833333333
451.30188234229246	3077.414375
451.67200596450334	2575.889583333333
452.04208607529654	2519.456666666667
452.4121226665145	2331.95375
452.78211573	2417.513333333334
453.15206525759544	2306.467916666667
453.52197124114343	2182.679583333333
453.8918336724866	2177.2183333333332
454.2616525434675	2070.7239583333335
454.6314278459287	2712.420833333333
455.0011595717129	2025.2135416666667
455.37084771266245	2119.8752083333334
455.74049226062016	2118.054791666667
456.11009320742846	1977.8827083333335
456.47965054492994	1993.35625
456.8491642649673	1955.1274999999998
457.21863435938303	2088.017916666667
457.5880608200197	2044.3279166666669
457.95744363871995	2024.3033333333333
458.3267828073262	1945.1152083333334
458.69607831768127	1983.3439583333331
459.0653301616276	1971.5112500000002
459.43453833100773	1892.3231250000001
459.8037028176643	1915.9885416666668
460.17282361344	1786.7389583333334
460.54190071017723	2123.5160416666663
460.9109340997186	1822.2370833333332
461.2799237739068	1842.2616666666665
461.64886972458436	2005.1889583333334
462.01777194359374	1942.3845833333335
462.38663042277767	2665.09
462.75544515397866	1948.7560416666668
463.1242161290393	1855.0045833333334
463.49294333980225	1824.9677083333336
463.86162677810995	1723.9345833333334
464.2302664358051	1845.9025000000001
464.5988623047302	1793.1104166666667
464.96741437672785	1702.9997916666669
465.3359226436407	2077.0954166666666
465.70438709731116	2261.867708333333
466.0728077295821	1939.6539583333333
466.4411845322957	1800.3920833333334
466.8095174972949	1836.8004166666667
467.1778066164222	1712.101875
467.54605188151993	1766.7143749999998
467.914253284431	2254.586041666667
468.2824108169978	1783.0981249999998
468.65052447106297	1876.8495833333334
469.0185942384692	1950.5764583333332
469.38662011105873	1759.432708333333
469.75460208067443	1834.9799999999998
470.1225401391589	1804.943125
470.49043427835454	1789.4695833333335
470.85828449010404	2070.7239583333335
471.22609076624997	1824.0575000000001
471.5938530986349	1815.8656250000001
471.96157147910145	2170.846875
472.3292458994921	1952.3968750000001
472.69687635164945	1998.8174999999999
473.06446282741626	2117.1445833333332
473.4320053186349	2135.3487499999997
473.7995038171479	2086.1975
474.1669583147982	2082.556666666667
474.5343688034279	2873.5277083333335
474.90173527488	2151.7325
475.26905772099684	2199.9735416666667
475.63633613362094	2868.0664583333332
476.0035705045952	2327.4027083333335
476.3707608257619	2472.1258333333335
476.7379070889637	2321.03125
477.1050092860433	2364.72125
477.4720674088431	2904.474791666667
477.8390814492057	2381.105
478.2060513989739	2334.6843750000003
478.57297724998995	2224.5491666666667
478.9398589940967	2230.0104166666665
479.30669662313665	2294.635208333333
479.67349012895227	2306.467916666667
480.04023950338626	2758.841458333334
480.4069447382812	2252.765625
480.77360582547965	2421.1541666666667
481.1402227568242	2843.4908333333333
481.5067955241573	2377.4641666666666
481.8733241193217	2233.65125
482.23980853416	2228.19
482.60624876051463	2230.920625
482.97264479022823	2343.7864583333335
483.3389966151434	2433.8970833333333
483.70530422710266	2238.2022916666665
484.0715676179487	2296.455625
484.43778677952406	2294.6352083333336
484.80396170367123	2315.57
485.170092382233	2309.1985416666666
485.53617880705167	2545.8527083333333
485.90222096996996	2833.478541666667
486.2682188628305	2586.8120833333332
486.63417247747583	2284.6229166666667
487.0000818057485	2969.099583333333
487.36594683949113	2467.5747916666664
487.73176757054625	2476.6768749999997
488.09754399075644	2743.3679166666666
488.46327609196436	2476.6768749999997
488.8289638660125	2362.900833333333
489.19460730474356	2411.141875
489.56020639999997	3736.4052083333336
489.9257611436244	2539.48125
490.29127152745946	2610.4775
490.65673754334756	2537.6608333333334
491.0221591831315	2503.983125
491.3875364386538	2482.138125
491.75286930175685	2537.6608333333334
492.11815776428347	3098.349166666667
492.4834018180762	3132.9370833333337
492.8486014549774	2605.9264583333334
493.21375666683	2725.16375
493.5788674454763	2727.8943750000003
493.94393378275896	3501.5714583333333
494.30895567052073	2839.85
494.67393310060385	2841.6704166666664
495.0388660648512	2883.5399999999995
495.4037545551053	3039.185625
495.76859856320857	3085.6062500000003
496.1333980810037	3142.039166666667
496.49815310033335	3008.238541666667
496.8628636130399	3339.5543749999997
497.22752961096626	3045.557083333333
497.59215108595464	3042.826458333333
497.95672802984774	3065.581666666667
498.3212604344883	3717.290833333333
498.6857482917187	3223.9579166666663
499.05019159338167	3544.3512499999997
499.4145903313197	3543.4410416666665
499.7789444973753	3527.9675
500.14325408339124	3839.2587499999995
500.50751908121	3461.5222916666667
500.8717394826741	3541.620625
501.2359152796262	3663.5885416666665
501.6000464639089	3636.2822916666664
501.9641330273647	3742.7766666666666
502.3281749618363	4009.467708333333
502.69217225916606	3811.0422916666666
503.0561249111968	4026.7616666666668
503.42003290977095	3825.605625
503.78389624673116	3916.6264583333336
504.14771491391997	3934.830625
504.51148890318	4140.537708333334
504.8752182063538	4378.102083333334
505.238902815284	4155.101041666666
505.60254272181305	4257.044375
505.9661379177837	4297.093541666666
506.3296883950385	4209.713541666667
506.69319414541985	4253.403541666667
507.05665516077056	6166.661458333333
507.42007143293307	4551.951875
507.78344295374995	4598.3725
508.14676971506384	5605.062916666667
508.51005170871747	4804.079583333333
508.8732889265531	4845.949166666666
509.2364813604135	4836.847083333333
509.5996290021412	4885.088124999999
509.9627318435789	5047.105208333333
510.325789876569	5108.999375
510.6888030929541	5120.832083333334
511.051771484577	5128.1137499999995
511.41469504328	5398.445625
511.77757376090574	5250.081666666666
512.1404076292971	5376.600624999999
512.5031966402962	5598.691458333334
512.8659407857458	5613.254791666666
513.2286400574887	5818.051666666666
513.5912944473672	5767.990208333334
513.953903947224	5843.537499999999
514.3164685489018	5822.602708333333
514.6789882442428	5983.709583333333
515.04146302509	6235.837291666667
515.4038928832857	6279.527291666666
515.7662778106726	6216.722916666667
516.1286177990931	6394.213541666667
516.4909128403904	6436.993333333333
516.8531629264063	6996.771458333334
517.2153680489837	6694.582291666667
517.5775281999652	6766.4887499999995
517.9396433711935	6760.1172916666665
518.3017135545108	6806.537916666667
518.66373874176	6923.044583333333
519.0257189247836	6972.195833333334
519.3876540954242	7163.339583333333
519.7495442455245	7335.368958333333
520.1113893669268	7354.483333333334
520.4731894514738	7339.920000000001
520.8349444910081	7552.90875
521.1966544773722	7762.256666666665
521.558319402409	7555.639375
521.9199392579607	7924.27375
522.28151403587	8212.809791666667
522.6430437279796	8340.238958333333
523.0045283261317	8103.584791666667
523.3659678221695	8234.654791666666
523.7273622079351	8371.186041666666
524.0887114752712	8519.550000000001
524.4500156160204	8360.263541666667
524.8112746220253	8661.542500000001
525.1724884851286	8849.955625
525.5336571971726	9982.254791666666
525.8947807500001	9040.189166666667
526.2558591354534	9102.083333333334
526.6168923453754	9341.468125000001
526.9778803716086	9098.4425
527.3388232059956	9463.436041666666
527.6997208403786	11839.99
528.0605732666008	9446.142083333332
528.4213804765045	9525.330208333333
528.782142461932	9671.873749999999
529.1428592147264	9833.890833333333
529.50353072673	9529.88125
529.8641569897852	9812.956041666666
530.224737995735	10181.590416666666
530.5852737364216	9714.653541666667
530.9457642036878	9923.09125
531.3062093893762	9900.336041666667
531.6666092853293	9790.200833333334
532.0269638833895	9908.527916666668
532.3872731753997	10086.018541666666
532.7475371532023	10157.014791666666
533.10775580864	9904.887083333333
533.4679291335551	9924.001458333334
533.8280571197906	10162.476041666667
534.1881397591887	10421.885416666666
534.5481770435923	10268.970416666667
534.9081689648438	10237.113124999998
535.2681155147857	10376.375
535.6280166852607	10378.195416666667
535.9878724681114	10558.416666666666
536.3476828551802	10419.154791666666
536.7074478383099	10992.586041666667
537.0671674093431	10760.482916666666
537.4268415601222	10579.351458333334
537.7864702824897	10651.257916666667
538.1460535682887	10794.160624999999
538.5055914093612	10811.454583333334
538.8650837975499	10694.037708333333
539.2245307246978	10885.181458333333
539.5839321826469	10778.687083333334
539.9432881632401	10816.915833333334
540.30259865832	10915.218333333332
540.6618636597291	10933.4225
541.0210831593098	10910.667291666667
541.380257148905	11157.33375
541.7393856203572	11014.431041666665
542.0984685655087	10867.887499999999
542.4575059762025	11112.733541666666
542.8164978442809	10985.304375
543.1754441615866	10895.19375
543.5343449199621	11028.084166666667
543.89320011125	10902.475416666666
544.2520097272928	10778.687083333332
544.6107737599334	10725.895000000002
544.9694922010141	10724.984791666668
545.3281650423775	10949.80625
545.6867922758662	10892.463125
546.0453738933229	10649.437499999998
546.40390988659	10815.095416666667
546.7624002475101	11058.121041666665
547.1208449679259	10846.952708333332
547.4792440396799	10572.069791666667
547.8375974546148	10687.66625
548.195905204573	11079.966041666667
548.5541672813971	10607.567916666667
548.91238367693	10613.939375
549.2705543830137	10766.854375
549.6286793914913	10695.858124999999
549.986758694205	10689.486666666666
550.3447922829978	10565.698333333334
550.702780149712	10610.298541666669
551.0607222861901	10473.767291666669
551.4186186842746	10623.041458333333
551.7764693358087	10549.314583333333
552.1342742326343	10377.285208333333
552.4920333665942	10597.555624999999
552.8497467295313	10396.399583333334
553.2074143132876	10392.75875
553.565036109706	10464.665208333334
553.9226121106294	10536.571666666665
554.2801423078997	10380.926041666666
554.63762669336	10361.811666666666
554.9950652588526	10519.277708333333
555.3524579962202	10256.2275
555.7098048973054	10134.259583333333
556.0671059539508	10402.771041666667
556.4243611579986	10125.157500000001
556.7815705012921	10192.512916666667
557.1387339756732	10221.639583333334
557.495851572985	9841.1725
557.8529232850698	9934.923958333335
558.20994910377	9725.576041666667
558.5669290209286	9751.972083333332
558.9238630283878	9856.646041666667
559.2807511179905	9667.322708333333
559.6375932815791	9669.143125
559.9943895109963	9599.057083333333
560.3511397980844	9463.436041666666
560.7078441346864	9696.449374999998
561.0645025126445	9671.873749999999
561.4211149238015	9387.88875
561.77768136	9420.65625
562.1342018130823	9313.251666666667
562.4906762748914	9431.57875
562.8471047372697	9519.868958333333
563.2034871920595	9305.059791666667
563.5598236311037	9441.591041666667
563.9161140462448	10117.875833333334
564.2723584293254	9606.338749999999
564.6285567721882	9257.728958333333
564.9847090666755	9353.300833333333
565.34081530463	9109.365
565.6968754778943	9774.727291666668
566.052889578311	9562.64875
566.4088575977227	10075.096041666666
566.7647795279719	9193.104166666666
567.1206553609012	9216.769583333333
567.4764850883533	9133.940625000001
567.8322687021706	9046.560625
568.1880061941957	9424.297083333333
568.5436975562714	9121.197708333333
568.89934278024	9308.700625
569.2549418579441	9219.500208333333
569.6104947812267	9419.746041666665
569.9660015419297	9133.940625000001
570.3214621318963	9038.36875
570.6768765429688	8968.282708333334
571.0322447669896	9017.433958333333
571.3875667958016	8905.478333333333
571.7428426212473	9349.66
572.0980722351692	8901.8375
572.45325562941	9014.703333333333
572.8083927958121	8948.258125
573.1634837262183	9180.36125
573.5185284124709	9062.034166666666
573.8735268464127	9042.919791666667
574.2284790198863	9325.084375
574.5833849247341	9142.1325
574.9382445527988	9325.994583333333
575.293057895923	9349.66
575.6478249459491	9231.332916666666
576.0025456947199	9440.680833333334
576.357220134078	9547.175208333334
576.7118482558658	9750.151666666667
577.066430051926	9548.085416666667
577.4209655141011	9978.613958333333
577.7754546342337	10168.847499999998
578.1298974041664	10211.627291666666
578.4842938157419	10460.114166666666
578.8386438608024	10416.424166666666
579.192947531191	10505.624583333332
579.54720481875	10481.959166666666
579.9014157153218	10613.029166666667
580.2555802127495	10970.741041666668
580.609698302875	10887.001875
580.9637699775415	10884.27125
581.3177952285913	11069.95375
581.6717740478667	11132.758125
582.0257064272109	11085.427291666667
582.3795923584662	11116.374375
582.7334318334749	11440.408541666666
583.08722484408	11515.955833333333
583.4409713821237	11715.291458333333
583.794671439449	11213.766666666668
584.1483250078983	11689.805624999999
584.501932079314	11426.755416666667
584.8554926455387	11360.310208333334
585.2090066984154	11495.021041666667
585.5624742297861	11351.208125
585.9158952314937	11310.248749999999
586.2692696953808	11258.366875
586.6225976132899	11156.423541666665
586.9758789770636	11104.541666666666
587.3291137785446	11212.856458333334
587.6823020095754	10966.19
588.0354436619982	11003.508541666668
588.3885387276563	10913.397916666667
588.7415871983918	10717.703125
589.0945890660471	10830.568958333331
589.4475443224653	10672.192708333334
589.8004529594888	10664.000833333334
590.15331496896	10825.107708333335
590.5061303427216	10691.307083333333
590.8588990726163	10422.795624999999
591.2116211504864	10539.302291666667
591.5642965681747	10661.270208333333
591.9169253175238	10312.660416666666
592.269507390376	10076.916458333333
592.6220427785742	10113.324791666666
592.974531473961	9995.907916666665
593.3269734683787	10334.505416666667
593.6793687536699	9904.887083333333
594.0317173216775	9728.306666666665
594.3840191642438	9634.555208333333
594.7362742732114	9422.476666666667
595.0884826404231	9627.273541666667
595.4406442577213	9334.186458333332
595.7927591169484	9221.320625
596.1448272099474	9078.417916666667
596.4968485285606	9313.251666666667
596.8488230646306	8961.001041666668
597.2007508099999	8782.600208333335
597.5526317565115	8654.260833333334
597.9044658960074	9965.871041666667
598.2562532203306	8744.371458333333
598.6079937213235	8626.044375
598.9596873908287	8406.684166666666
599.3113342206889	8402.133125
599.6629342027466	8354.802291666667
600.0144873288441	9775.637499999999
600.3659935908244	8233.744583333333
600.71745298053	8072.637708333333
601.0688654898032	7833.252916666667
601.4202311104871	8044.421249999999
601.7715498344237	7676.697083333333
602.1228216534558	8217.360833333334
602.4740465594261	7729.489166666666
602.8252245441772	7670.325625
603.1763555995517	7494.655416666666
603.5274397173916	7377.238541666667
603.8784768895403	7483.732916666667
604.22946710784	7362.675208333334
604.5804103641332	7253.450208333333
604.9313066502625	7804.12625
605.2821559580708	7138.763958333333
605.6329582794003	7121.47
605.9837136060937	7051.383958333333
606.3344219299937	6893.917916666666
606.6850832429426	7242.527708333334
607.0356975367833	6877.534166666667
607.3862648033582	7788.652708333334
607.73678503451	6710.055833333333
608.0872582220811	6777.41125
608.4376843579142	6441.544375
608.7880634338519	6690.941458333334
609.1383954417366	6405.136041666666
609.4886803734113	6364.176666666666
609.838918220718	6267.694583333333
610.1891089754997	6142.0858333333335
610.5392526295989	6112.048958333333
610.8893491748582	5991.901458333334
611.2393986031199	6048.334375000001
611.589400906227	5811.680208333332
611.9393560760218	5725.210416666666
612.289264104347	5670.597916666667
612.6391249830451	5642.381458333333
612.9889387039588	5582.307708333334
613.3387052589305	5487.646041666667
613.6884246398027	5488.556250000001
614.0380968384185	5471.262291666667
614.38772184662	5452.147916666667
614.7372996562499	5298.322708333334
615.0868302591509	5345.653541666667
615.4363136471654	5230.967291666667
615.785749812136	5372.049583333333
616.1351387459055	5104.448333333334
616.4844804403161	5098.076875
616.8337748872108	5042.554166666667
617.1830220784319	4903.292291666667
617.5322220058221	4836.847083333333
617.8813746612238	4897.831041666667
618.2304800364799	4959.725208333333
618.5795381234328	4803.169375
618.9285489139249	4822.28375
619.2775123997992	4757.658958333333
619.6264285728979	4666.638125
619.9752974250638	4748.556874999999
620.3241189481392	4545.580416666667
620.6728931339671	4591.090833333333
621.0216199743898	4427.253333333333
621.3702994612498	4456.38
621.71893158639	4564.694791666667
622.0675163416527	4394.485833333333
622.4160537188806	4313.477291666667
622.7645437099163	4333.501875
623.1129863066024	4284.350625
623.4613815007812	4261.595416666666
623.8097292842956	4205.162499999999
624.1580296489882	4150.55
624.5062825867013	4115.962083333333
624.8544880892778	4135.986666666667
625.20264614856	4098.668125
625.5507567563906	4052.2475
625.8988199046122	3914.8060416666667
626.2468355850674	4107.770208333333
626.5948037895986	3895.691666666667
626.9427245100487	3806.4912500000005
627.2905977382602	3862.924166666667
627.6384234660752	3901.1529166666664
627.9862016853368	4045.8760416666664
628.3339323878878	3774.6339583333333
628.6816155655699	3570.7472916666666
629.0292512102264	3752.788958333333
629.3768393136999	4844.12875
629.7243798678326	3607.155625
630.071872864467	4145.998958333334
630.4193182954463	3696.3560416666664
630.7667161526125	3483.367291666667
631.1140664278083	3403.2689583333336
631.4613691128765	3336.8237499999996
631.8086241996596	3208.484375
632.1558316799999	3602.6045833333337
632.5029915457404	3246.7131249999998
632.8501037887233	3327.7216666666664
633.1971684007915	3321.3502083333333
633.5441853737874	3142.039166666667
633.8911546995539	3090.1572916666664
634.2380763699327	3059.2102083333334
634.5849503767676	3304.05625
634.9317767119002	3070.132708333333
635.2785553671735	3012.789583333333
635.6252863344299	3171.165833333333
635.9719696055123	2994.585416666667
636.318605172263	2951.8056249999995
636.6651930265247	2900.833958333333
637.0117331601399	2990.9445833333334
637.3582255649512	2922.6789583333334
637.7046702328013	3092.8879166666666
638.0510671555326	2962.7281249999996
638.3974163249877	2878.07875
638.7437177330092	2838.029583333333
639.08997137144	5105.358541666667
639.4361772321222	2973.650625
639.7823353068986	2725.1637499999997
640.1284455876117	2800.711041666667
640.4745080661042	2761.572083333334
640.8205227342187	2783.4170833333337
641.1664895837977	2615.93875
641.5124086066837	2593.1835416666668
641.8582797947192	2595.0039583333332
642.2041031397473	2845.31125
642.54987863361	2582.2610416666666
642.8956062681501	2649.6164583333334
643.2412860352101	2743.3679166666666
643.586917926633	2571.3385416666665
643.9325019342607	2518.5464583333337
644.2780380499362	2478.4972916666666
644.623526265502	2345.606875
644.9689665728008	2551.3139583333336
645.3143589636749	2589.5427083333334
645.6597034299672	2433.8970833333333
646.00499996352	2583.17125
646.3502485561759	2884.450208333333
646.6954491997778	2330.1333333333337
647.040601886168	2274.610625
647.385706607189	2286.4433333333336
647.7307633546837	2330.1333333333337
648.0757721204944	2327.4027083333335
648.4207328964637	2264.5983333333334
648.7656456744345	2224.5491666666667
649.1105104462491	2356.529375
649.4553272037499	2245.4839583333337
649.8000959387799	2169.0264583333333
650.1448166431815	2499.432083333333
650.4894893087971	2308.2883333333334
650.8341139274694	2182.679583333333
651.1786904910413	2074.3647916666664
651.5232189913548	2147.1814583333335
651.867699420253	2075.275
652.2121317695781	2053.43
652.5565160311729	2062.5320833333335
652.9008521968799	2094.389375
653.2451402585418	2015.20125
653.589380208001	2083.466875
653.9335720371001	2207.2552083333335
654.2777157376819	2007.0093749999999
654.6218113015888	2072.544375
654.9658587206632	1903.2456249999998
655.3098579867482	2236.3818750000005
655.6538090916857	2104.4016666666666
655.9977120273187	1888.6822916666667
656.34156678549	1964.229583333333
656.6853733580418	2142.630416666667
657.0291317368166	1908.706875
657.3728419136573	2028.854375
657.7165038804063	1865.9270833333333
658.0601176289063	1877.7597916666666
658.4036831509995	1871.3883333333333
658.7472004385293	1871.3883333333333
659.0906694833374	2208.1654166666667
659.4340902772667	1896.8741666666665
659.77746281216	1916.89875
660.1207870798596	2196.3327083333334
660.4640630722082	1919.6293749999998
660.8072907810484	1871.3883333333333
661.1504701982227	1906.8864583333334
661.4936013155738	1835.8902083333335
661.8366841249441	1780.3675
662.1797186181763	1784.0083333333332
662.5227047871128	1763.0735416666666
662.8656426235966	1957.858125
663.2085321194701	1884.1312500000001
663.5513732665754	1729.3958333333333
663.8941660567558	1702.9997916666669
664.2369104818536	1787.6491666666668
664.5796065337111	1740.3183333333334
664.9222542041712	1683.8854166666667
665.2648534850765	1709.3712500000001
665.6074043682694	1957.858125
665.9499068455925	1803.1227083333333
666.2923609088887	1747.6000000000001
666.63476655	1661.1302083333333
666.9771237607694	1597.4156250000003
667.3194325330395	1777.6368750000001
667.6616928586526	1687.52625
668.0039047294514	1659.3097916666666
668.3460681372787	1740.3183333333334
668.6881830739768	1709.3712500000001
669.0302495313884	1608.3381250000002
669.3722675013561	2171.7570833333334
669.7142369757223	1944.205
670.0561579463299	1611.9789583333334
670.3980304050212	1671.1425
670.7398543436391	1705.7304166666665
671.0816297540256	1574.6604166666666
671.4233566280238	2288.26375
671.7650349574764	1708.4610416666667
672.1066647342252	1587.4033333333334
672.4482459501136	1748.5102083333334
672.7897785969838	2133.528333333333
673.1312626666784	1572.8400000000001
673.4726981510399	1640.1954166666667
673.8140850419113	1780.3675
674.1554233311347	1525.5091666666667
674.4967130105528	1549.1745833333334
674.8379540720083	1636.5545833333333
675.1791465073437	1921.4497916666667
675.5202903084016	1906.8864583333334
675.8613854670248	1480.9089583333334
676.2024319750553	1547.3541666666667
676.5434298243362	1733.9468750000003
676.88437900671	1676.60375
677.2252795140191	1618.350416666667
677.5661313381062	1596.5054166666666
677.9069344708139	1424.4760416666668
678.2476889039847	1508.2152083333333
678.5883946294612	1438.1291666666666
678.9290516390861	1374.4145833333332
679.2696599247018	1566.4685416666664
679.6102194781508	1540.0725
679.9507302912762	1377.1452083333334
680.29119235592	1589.22375
680.631605663925	1632.0035416666667
680.9719702071338	1486.3702083333335
681.312285977389	1546.4439583333333
681.6525529665331	1652.028125
681.9927711664087	1615.6197916666667
682.3329405688585	1449.961875
682.6730611657248	1428.116875
683.0131329488505	1570.109375
683.353155910078	1401.7208333333335
683.6931300412499	1583.7624999999998
684.0330553342089	1601.0564583333335
684.3729317807973	1523.68875
684.7127593728582	1480.9089583333334
685.0525381022335	1572.8400000000001
685.3922679607663	1396.2595833333335
685.7319489402989	1519.1377083333334
686.0715810326739	1566.4685416666669
686.4111642297341	1495.4722916666667
686.750698523322	1371.6839583333333
687.0901839052799	1450.8720833333334
687.4296203674508	1354.3899999999999
687.7690079016771	1466.3456250000002
688.1083464998012	1513.6764583333334
688.4476361536658	1350.7491666666667
688.7868768551137	1427.206666666667
689.1260685959872	1369.8635416666666
689.465211368129	1378.0554166666668
689.8043051633817	1646.5668750000002
690.1433499735879	1518.2275
690.48234579059	2444.8195833333334
690.8212926062307	2228.19
691.1601904123526	1377.1452083333334
691.4990392007982	1332.5449999999998
691.8378389634104	1316.1612499999999
692.1765896920311	1385.337083333333
692.5152913785035	1291.585625
692.8539440146701	1256.9977083333333
693.1925475923734	1644.746458333333
693.5311021034557	1410.8229166666667
693.86960753976	4095.9375
694.2080638931286	1610.1585416666667
694.5464711554041	1309.7897916666668
694.8848293184293	1272.4712499999998
695.2231383740468	1579.2114583333334
695.5613983140987	1291.585625
695.899609130428	1184.1810416666667
696.2377708148773	1322.5327083333334
696.5758833592889	1285.2141666666666
696.9139467555057	1378.0554166666668
697.25196099537	1385.337083333333
697.5899260707245	1455.423125
697.9278419734118	1472.7170833333332
698.2657086952745	1296.1366666666665
698.603526228155	1429.9372916666664
698.9412945638961	1649.2975
699.2790136943405	1290.6754166666667
699.6166836113304	1326.1735416666668
699.9543043067085	1540.0725000000002
700.2918757723176	1571.0195833333335
700.629398	1497.2927083333334
700.9668709815984	1309.7897916666666
701.3042947089555	1275.201875
701.6416691739137	1547.3541666666667
701.9789943683154	1586.493125
702.3162702840036	1319.8020833333333
702.6534969128209	1299.7775
702.9906742466095	1237.8833333333332
703.3278022772121	1416.2841666666666
703.6648809964715	1246.9854166666667
704.00191039623	1235.1527083333333
704.3388904683302	1247.895625
704.6758212046151	1158.6952083333333
705.0127025969267	1466.345625
705.3495346371078	1323.4429166666666
705.6863173170012	1369.8635416666666
706.0230506284493	1236.973125
706.3597345632945	1147.7727083333332
706.6963691133798	1278.8427083333333
707.0329542705473	1167.7972916666668
707.3694900266399	1414.46375
707.7059763735002	1302.508125
708.0424133029707	1348.92875
708.3788008068938	1191.4627083333332
708.7151388771123	1429.9372916666664
709.0514275054688	1368.043125
709.3876666838056	1540.0725000000002
709.7238564039657	1259.7283333333332
710.0599966577913	1243.3445833333333
710.3960874371253	1387.1575
710.73212873381	1420.8352083333332
711.0681205396882	2091.65875
711.4040628466022	24452.746874999997
711.7399556463948	2472.125833333333
712.0757989309087	1271.5610416666666
712.4115926919862	1307.0591666666667
712.7473369214699	1179.63
713.0830316112028	1218.7689583333333
713.418676753027	1287.9447916666666
713.7542723387851	1264.2793749999998
714.08981836032	1187.8218749999999
714.425314809474	1390.7983333333332
714.7607616780898	1246.9854166666667
715.09615895801	1160.515625
715.4315066410772	1203.2954166666668
715.7668047191336	1236.0629166666668
716.1020531840225	1325.2633333333333
716.4372520275859	1135.94
716.7724012416666	1319.8020833333333
717.107500818107	1187.8218749999999
717.44255074875	1190.5525
717.777551025438	1163.2462500000001
718.1125016400134	1126.8379166666666
718.4474025843191	1129.5685416666665
718.7822538501974	1390.7983333333334
719.1170554294912	1273.3814583333333
719.4518073140429	1155.054375
719.7865094956949	1334.3654166666668
720.1211619662901	1203.2954166666668
720.4557647176711	1230.6016666666667
720.7903177416799	1152.3237500000002
721.1248210301598	1263.3691666666666
721.459274574953	1314.3408333333334
721.7936783679021	1201.475
722.1280324008497	1122.286875
722.4623366656388	1182.360625
722.7965911541114	1220.5893749999998
723.13079585811	1784.9185416666667
723.4649507694777	1462.7047916666668
723.7990558800569	1155.9645833333332
724.13311118169	1245.165
724.4671166662197	1064.9437500000001
724.8010723254887	1156.8747916666669
725.1349781513393	1116.825625
725.4688341356142	1313.430625
725.8026402701563	1191.4627083333332
726.1363965468076	1105.903125
726.4701029574111	1275.201875
726.8037594938094	1233.3322916666666
727.1373661478447	1317.0714583333333
727.4709229113599	1187.8218749999999
727.8044297761977	1079.5070833333332
728.1378867342002	1080.4172916666666
728.4712937772103	1193.283125
728.8046508970707	1125.0175
729.1379580856236	1120.4664583333333
729.4712153347119	1147.7727083333334
729.8044226361783	1144.131875
730.137579981865	1215.128125
730.4706873636146	1175.0789583333333
730.80374477327	1224.2302083333334
731.1367522026735	1339.8266666666668
731.4697096436678	1096.8010416666666
731.8026170880954	1376.235
732.1354745277993	1294.3162499999999
732.4682819546213	1253.3568750000002
732.8010393604045	1344.3777083333332
733.1337467369915	1385.3370833333336
733.4664040762245	1249.7160416666666
733.7990113699465	1210.5770833333333
734.1315686099999	1194.1933333333334
734.4640757882273	1449.961875
734.7965328964714	1358.9410416666667
735.1289399265746	1266.0997916666668
735.4612968703796	1136.8502083333333
735.7936037197286	1488.190625
736.1258604664649	1161.4258333333335
736.4580671024305	1160.515625
736.7902236194681	1172.3483333333334
737.1223300094205	1088.6091666666666
737.45438626413	1058.5722916666666
737.7863923754393	1179.6299999999999
738.118348335191	1047.6497916666665
738.4502541352277	1125.0175
738.7821097673918	1192.3729166666667
739.1139152235262	1243.3445833333335
739.4456704954733	1367.1329166666667
739.7773755750756	1170.5279166666667
740.1090304541757	1136.8502083333333
740.4406351246164	1169.6177083333332
740.7721895782399	1496.3825
741.1036938068892	1260.6385416666667
741.4351478024066	1054.9314583333335
741.7665515566348	1379.8758333333335
742.0979050614163	1554.6358333333335
742.4292083085937	1372.5941666666668
742.7604612900096	1247.8956249999999
743.0916639975067	1326.1735416666668
743.4228164229273	1129.5685416666665
743.7539185581142	1077.6866666666665
744.0849703949099	1203.2954166666666
744.4159719251571	1185.0912500000002
744.7469231406983	1121.3766666666668
745.0778240333758	1245.165
745.4086745950326	1071.3152083333334
745.7394748175113	1402.6310416666668
746.0702246926539	1117.7358333333334
746.4009242123037	1204.2056249999998
746.731573368303	1197.8341666666665
747.0621721524942	1164.1564583333334
747.39272055672	1128.6583333333335
747.723218572823	1219.6791666666668
748.0536661926458	1128.6583333333333
748.384063408031	1037.6375
748.7144102108211	1180.5402083333336
749.0447065928587	1321.6224999999997
749.3749525459865	1175.9891666666665
749.7051480620469	1228.78125
750.0352931328825	1090.4295833333333
750.365387750336	1252.4466666666667
750.6954319062501	1164.1564583333334
751.025425592467	1165.976875
751.3553688008293	1091.3397916666665
751.6852615231801	1182.360625
752.0151037513616	1462.7047916666668
752.3448954772161	1355.3002083333333
752.6746366925869	1401.7208333333335
753.004327389316	1399.9004166666666
753.333967559246	1875.0291666666665
753.66355719422	1262.4589583333334
753.99309628608	1164.1564583333331
754.3225848266688	1280.663125
754.652022807829	1134.1195833333334
754.9814102214033	1155.9645833333334
755.3107470592339	1165.976875
755.6400333131637	1285.2141666666666
755.9692689750353	1219.6791666666666
756.298454036691	1150.5033333333333
756.6275884899737	1246.0752083333334
756.9566723267259	1212.3975
757.28570553879	1348.0185416666666
757.6146881180086	1327.08375
757.9436200562246	1102.2622916666667
758.2725013452803	1049.4702083333334
758.6013319770183	1493.6518750000002
758.9301119432813	1230.6016666666667
759.2588412359117	1062.213125
759.5875198467521	1054.02125
759.9161477676453	1336.1858333333332
760.2447249904338	1168.7075
760.5732515069599	1125.9277083333334
760.9017273090666	1185.0912500000002
761.2301523885964	1415.3739583333333
761.5585267373914	1170.5279166666667
761.8868503472946	1137.7604166666667
762.2151232101487	1221.4995833333332
762.5433453177961	1280.663125
762.8715166620792	1250.62625
763.1996372348409	1104.9929166666668
763.5277070279236	1300.6877083333331
763.85572603317	1119.5562499999999
764.1836942424226	1157.7849999999999
764.5116116475239	1379.8758333333335
764.8394782403163	1209.6668750000001
765.1672940126431	1077.6866666666665
765.4950589563462	1053.1110416666668
765.8227730632684	1128.6583333333335
766.1504363252524	1155.9645833333334
766.4780487341407	1227.8710416666665
766.8056102817754	1141.4012500000001
767.13312096	1333.4552083333333
767.4605807606565	1126.8379166666666
767.7879896755875	1091.3397916666665
768.1153476966355	1277.9325
768.4426548156436	1256.0874999999999
768.7699110244537	1235.1527083333333
769.0971163149088	1549.1745833333332
769.4242706788516	1237.8833333333334
769.7513741081242	1216.0383333333332
770.0784265945695	1087.6989583333332
770.40542813003	1360.7614583333334
770.7323787063482	1188.7320833333335
771.059278315367	1496.3825
771.3861269489287	1385.337083333333
771.7129245988758	1306.1489583333332
772.0396712570512	1223.32
772.3663669152974	1273.3814583333333
772.6930115654565	1277.9325000000001
773.0196051993717	1191.4627083333332
773.3461478088853	1307.0591666666667
773.6726393858401	1206.93625
773.9990799220781	1197.8341666666665
774.3254694094426	1267.9202083333332
774.6518078397759	1398.9902083333334
774.9780952049204	1158.6952083333333
775.3043314967188	1175.0789583333335
775.6305167070137	1249.7160416666666
775.9566508276476	1340.7368749999998
776.2827338504633	1258.818125
776.6087657673032	1226.9608333333333
776.93474657001	1134.1195833333334
777.2606762504261	1194.1933333333334
777.5865548003943	1205.1158333333333
777.9123822117568	1178.7197916666667
778.2381584763566	1140.4910416666664
778.5638835860362	1180.5402083333333
778.889557532638	1139.5808333333332
779.2151803080047	1289.7652083333332
779.540751903979	1493.6518749999998
779.8662723124031	1117.7358333333334
780.1917415251199	1168.7075000000002
780.5171595339721	1307.0591666666667
780.8425263308019	1300.6877083333331
781.1678419074518	1434.4883333333335
781.493106255765	1314.3408333333334
781.8183193675837	1304.3285416666668
782.1434812347505	1194.1933333333334
782.4685918491078	1298.8672916666667
782.7936512024986	1150.5033333333333
783.118659286765	1251.5364583333333
783.4436160937499	1478.1783333333333
783.768521615296	1099.5316666666665
784.0933758432454	1936.0131250000002
784.418178769441	1163.2462500000001
784.7429303857256	1278.8427083333333
785.0676306839412	1140.4910416666664
785.3922796559308	1189.6422916666668
785.716877293537	1160.515625
786.0414235886021	1280.663125
786.3659185329689	1077.6866666666667
786.69036211848	1309.7897916666666
787.0147543369778	1620.1708333333336
787.339095180305	1241.5241666666668
787.6633846403042	1181.4504166666668
787.987622708818	1187.8218749999999
788.3118093776886	1176.899375
788.6359446387593	1301.5979166666666
788.9600284838722	1225.1404166666666
789.2840609048698	1171.438125
789.6080418935949	1252.4466666666667
789.93197144189	1149.593125
790.2558495415977	1187.8218749999999
790.5796761845605	1206.93625
790.9034513626214	1273.3814583333333
791.2271750676223	1261.54875
791.5508472914062	1135.9399999999998
791.8744680258158	1182.360625
792.1980372626931	1285.2141666666666
792.5215549938813	1259.7283333333335
792.8450212112227	1546.4439583333333
793.16843590656	1459.0639583333334
793.4917990717355	1357.120625
793.8151106985922	1403.5412500000002
794.1383707789723	1117.7358333333334
794.4615793047186	1320.7122916666667
794.7847362676737	1339.8266666666666
795.1078416596802	1322.5327083333334
795.4308954725801	1077.6866666666667
795.7538976982169	1410.8229166666667
796.0768483284327	3920.2672916666666
796.3997473550701	1707.5508333333335
796.7225947699715	1374.4145833333334
797.0453905649798	1358.0308333333335
797.3681347319375	1125.9277083333334
797.690827262687	1097.71125
798.0134681490712	1103.1725
798.3360573829325	1324.3531249999999
798.6585949561133	1213.3077083333335
798.9810808604566	1266.0997916666668
799.3035150878045	1222.4097916666667
799.6258976299999	1638.375
799.9482284788854	1299.7775
800.2705076263034	1621.99125
800.5927350640966	1228.78125
800.9149107841075	1331.6347916666666
801.2370347781787	1593.7747916666667
801.5591070381528	1205.1158333333333
801.8811275558725	1203.2954166666666
802.2030963231803	1300.6877083333334
802.5250133319183	1317.9816666666666
802.84687857393	1197.8341666666668
803.1686920410574	1398.08
803.4904537251431	1314.3408333333334
803.8121636180297	1337.0960416666667
804.13382171156	1208.7566666666667
804.4554279975763	1058.5722916666666
804.7769824679212	1200.5647916666667
805.0984851144376	1288.8550000000002
805.4199359289677	1271.5610416666666
805.7413349033543	1197.8341666666668
806.06268202944	1160.5156250000002
806.3839772990672	1221.4995833333335
806.7052207040786	2424.795
807.0264122363169	1375.3247916666667
807.3475518876243	1257.9079166666668
807.6686396498436	1226.9608333333333
807.9896755148177	1152.32375
808.3106594743887	1371.6839583333333
808.6315915203992	1431.7577083333333
808.9524716446922	1100.4418750000002
809.2732998391101	1153.2339583333332
809.594076095495	1296.1366666666668
809.9148004056901	1214.2179166666667
810.235472761538	1159.6054166666665
810.5560931548807	1210.5770833333333
810.8766615775612	1162.3360416666667
811.1971780214221	1155.054375
811.5176424783058	1126.8379166666666
811.8380549400548	1205.1158333333333
812.1584153985121	1226.050625
812.4787238455199	1199.6545833333332
812.7989802729209	1155.9645833333334
813.1191846725578	1307.0591666666667
813.4393370362732	1180.5402083333333
813.759437355909	1307.969375
814.0794856233088	1281.5733333333335
814.3994818303146	1114.095
814.7194259687689	1135.0297916666666
815.0393180305146	1193.283125
815.3591580073941	1319.8020833333333
815.6789458912499	1211.4872916666666
815.9986816739249	1818.5962499999998
816.3183653472614	1202.3852083333334
816.637996903102	1283.39375
816.9575763332895	1469.9864583333335
817.2771036296664	1714.8325000000002
817.5965787840748	1258.818125
817.9160017883579	1419.0147916666665
818.2353726343582	1322.5327083333332
818.5546913139178	1094.980625
818.87395781888	1271.5610416666668
819.1931721410868	1101.3520833333334
819.5123342723809	1554.6358333333335
819.8314442046052	1112.2745833333336
820.1505019296019	1268.8304166666667
820.4695074392138	1212.3975
820.7884607252832	1101.3520833333334
821.107361779653	1208.756666666667
821.4262105941658	1171.438125
821.7450071606638	1113.1847916666668
822.0637514709899	1401.7208333333335
822.3824435169868	1380.786041666667
822.7010832904965	1312.5204166666665
823.0196707833622	2091.65875
823.3382059874264	1231.511875
823.6566888945312	1065.8539583333334
823.9751194965196	1071.3152083333334
824.2934977852343	1165.0666666666666
824.6118237525172	1079.5070833333332
824.9300973902117	1051.2906249999999
825.24831869016	1137.7604166666667
825.5664876442045	1287.9447916666666
825.8846042441882	1353.4797916666666
826.2026684819534	1103.1725
826.5206803493426	1212.3975
826.8386398381987	1302.508125
827.156546940364	1305.2387500000002
827.4744016476814	1095.8908333333334
827.7922039519929	1377.1452083333334
828.1099538451416	2941.7933333333335
828.42765131897	1236.0629166666668
828.7452963653204	1271.5610416666666
829.0628889760359	1174.16875
829.3804291429586	1180.5402083333333
829.697916857931	1214.2179166666667
830.0153521127962	1133.2093750000001
830.3327348993965	1160.515625
830.6500652095742	1160.515625
830.9673430351726	1279.7529166666666
831.2845683680337	1423.5658333333333
831.6017411999999	1127.7481249999998
831.9188615229143	1258.818125
832.2359293286195	1526.4193750000002
832.5529446089574	1272.4712499999998
832.8699073557715	1228.78125
833.1868175609037	1150.5033333333333
833.5036752161967	1106.8133333333333
833.8204803134935	1239.70375
834.1372328446362	1140.4910416666667
834.4539328014675	1283.39375
834.7705801758299	1229.6914583333335
835.0871749595664	1275.201875
835.4037171445192	1087.6989583333334
835.7202067225306	1143.2216666666666
836.0366436854439	1048.56
836.3530280251014	1267.01
836.6693597333452	1206.93625
836.9856388020186	1317.9816666666668
837.3018652229639	1328.9041666666665
837.6180389880233	1251.5364583333333
837.9341600890399	1178.7197916666667
838.2502285178563	1142.3114583333333
838.5662442663146	1154.1441666666667
838.8822073262578	1246.0752083333334
839.1981176895283	1227.8710416666665
839.5139753479687	1128.6583333333335
839.8297802934217	1205.1158333333333
840.1455325177297	1131.3889583333334
840.4612320127352	1234.2425
840.7768787702812	1258.818125
841.0924727822099	1274.2916666666667
841.4080140403643	1091.3397916666665
841.7235025365862	1206.93625
842.038938262719	1205.1158333333333
842.3543212106048	1129.5685416666668
842.6696513720862	1317.071458333333
842.9849287390061	1941.4743749999998
843.3001533032069	1249.7160416666666
843.6153250565309	1295.2264583333333
843.9304439908211	1236.0629166666668
844.24551009792	1197.8341666666668
844.5605233696699	1226.9608333333333
844.8754837979137	1196.01375
845.190391374494	1197.8341666666668
845.5052460912531	1193.2831250000002
845.8200479400336	1268.8304166666667
846.1347969126784	2296.455625
846.4494930010297	1311.6102083333333
846.7641361969305	1364.4022916666668
847.0787264922232	1530.0602083333333
847.3932638787498	1592.8645833333333
847.7077483483539	1264.279375
848.0221798928775	1230.6016666666667
848.3365585041632	1612.8891666666666
848.6508841740534	1268.8304166666667
848.9651568943913	1139.5808333333332
849.2793766570189	3046.4672916666664
849.5935434537789	1526.4193750000002
849.9076572765141	1182.360625
850.221718117067	1155.9645833333334
850.5357259672799	1390.7983333333334
850.8496808189958	1101.3520833333334
851.1635826640571	1193.2831250000002
851.4774314943061	1238.7935416666667
851.7912273015859	1262.4589583333334
852.1049700777388	1170.5279166666667
852.4186598146072	1502.7539583333335
852.732296504034	1110.4541666666667
853.0458801378618	1105.903125
853.3594107079327	1127.748125
853.67288820609	1175.0789583333333
853.9863126241758	1237.8833333333334
854.2996839540325	1183.2708333333333
854.6130021875033	1095.8908333333331
854.9262673164303	1388.9779166666667
855.2394793326564	1180.5402083333336
855.5526382280236	1230.6016666666667
855.8657439943752	1204.2056249999998
856.1787966235535	1231.511875
856.4917961074007	1152.32375
856.80474243776	1243.3445833333333
857.1176356064736	1273.3814583333333
857.4304756053841	1303.4183333333333
857.7432624263345	1293.4060416666669
858.0559960611668	1473.6272916666667
858.3686765017236	1105.903125
858.681303739848	1118.6460416666666
858.9938777673823	1125.9277083333334
859.3063985761688	1938.7437499999999
859.6188661580505	1187.8218749999999
859.93128050487	1267.01
860.2436416084694	1094.0704166666667
860.5559494606917	1168.7075
860.8682040533795	1144.131875
861.1804053783749	1429.0270833333334
861.4925534275212	1093.1602083333332
861.8046481926605	1214.2179166666667
862.1166896656355	1134.1195833333334
862.4286778382884	1076.7764583333335
862.7406127024626	1249.7160416666666
863.0524942500001	1090.4295833333333
863.3643224727433	1227.8710416666665
863.6760973625354	1373.5043749999998
863.9878189112187	1183.2708333333333
864.2994871106355	1233.3322916666666
864.6111019526287	1442.6802083333332
864.9226634290409	1123.1970833333332
865.2341715317144	1529.1499999999999
865.5456262524921	1287.9447916666668
865.8570275832164	1344.3777083333334
866.1683755157298	1054.9314583333332
866.4796700418752	1175.0789583333333
866.7909111534951	1155.9645833333332
867.1020988424316	1140.4910416666667
867.4132331005279	1115.9154166666667
867.7243139196262	1097.71125
868.0353412915691	1080.4172916666666
868.3463152081995	1418.1045833333335
868.6572356613597	1216.0383333333334
868.9681026428924	1289.7652083333332
869.2789161446399	1058.5722916666666
869.5896761584452	1289.7652083333335
869.9003826761507	1120.4664583333333
870.2110356895988	1194.1933333333334
870.5216351906323	1129.5685416666668
870.8321811710938	1259.7283333333332
871.1426736228256	1092.25
871.4531125376707	1079.5070833333334
871.7634979074714	1105.903125
872.0738297240702	1171.438125
872.38410797931	1342.5572916666667
872.6943326650331	1145.0420833333333
873.0045037730821	1135.0297916666666
873.3146212952998	1171.4381250000001
873.6246852235287	1110.4541666666667
873.9346955496112	1147.7727083333332
874.24465226539	1188.7320833333333
874.5545553627078	1792.2002083333334
874.8644048334069	1391.7085416666666
875.17420066933	1115.9154166666667
875.48394286232	1187.8218749999999
875.793631404219	1114.095
876.1032662868698	1796.75125
876.4128475021149	1279.7529166666666
876.7223750417972	1322.5327083333334
877.0318488977587	1104.0827083333334
877.3412690618425	1199.6545833333332
877.650635525891	1107.7235416666665
877.9599482817465	1186.9116666666666
878.269207321252	1086.78875
878.57841263625	1008.5108333333334
878.8875642185828	1135.9399999999998
879.1966620600934	1185.0912499999997
879.5057061526242	1061.3029166666668
879.8146964880174	1074.0458333333333
880.1236330581162	1272.4712499999998
880.4325158547629	1475.4477083333331
880.7413448697998	1319.8020833333333
881.05012009507	1287.0345833333333
881.358841522416	1171.438125
881.6675091436798	1103.1725
881.9761229507047	1141.4012500000001
882.2846829353331	1036.7272916666668
882.5931890894074	1165.0666666666668
882.9016414047699	1115.9154166666667
883.2100398732638	1212.3975
883.5183844867314	1048.56
883.826675237015	1108.63375
884.1349121159577	1264.279375
884.4430951154019	1592.8645833333333
884.7512242271898	1271.5610416666666
885.0592994431647	1246.9854166666667
885.3673207551687	1302.508125
885.6752881550442	1165.976875
885.9832016346343	1097.71125
886.2910611857814	1103.1725
886.5988668003275	1166.8870833333333
886.9066184701161	1300.6877083333336
887.2143161869893	1086.78875
887.5219599427896	1091.3397916666665
887.82954972936	1092.25
888.1370855385427	1286.124375
888.4445673621801	1152.32375
888.7519951921154	1254.2670833333334
889.0593690201907	1206.93625
889.3666888382488	1088.6091666666666
889.673954638132	1142.3114583333333
889.9811664116833	1137.7604166666667
890.288324150745	1162.3360416666667
890.5954278471595	1123.1970833333332
890.90247749277	1166.8870833333333
891.2094730794186	1265.1895833333335
891.5164145989478	1172.3483333333334
891.8233020432004	1424.4760416666668
892.1301354040191	1440.8597916666665
892.4369146732461	1179.6299999999999
892.7436398427244	1091.3397916666668
893.0503109042965	1533.7010416666665
893.3569278498044	1082.2377083333333
893.6634906710915	1118.6460416666666
893.96999936	1155.9645833333334
894.2764539083722	1688.4364583333333
894.5828543080514	1483.6395833333333
894.8892005508795	1099.5316666666668
895.1954926286993	1140.4910416666667
895.5017305333536	1999.727708333333
895.8079142566849	1213.3077083333333
896.1140437905356	1077.6866666666667
896.4201191267481	1167.7972916666668
896.7261402571654	1034.906875
897.03210717363	1125.9277083333334
897.3380198679843	1212.3975
897.643878332071	1298.8672916666665
897.9496825577328	1533.7010416666665
898.2554325368118	1229.6914583333335
898.5611282611512	1325.2633333333333
898.8667697225933	1248.8058333333333
899.1723569129805	1128.6583333333333
899.4778898241558	1054.02125
899.7833684479614	1470.8966666666665
900.0887927762399	1074.0458333333333
900.3941628008342	1059.4825
900.6994785135867	1131.3889583333332
901.0047399063398	1364.4022916666668
901.3099469709363	1735.7672916666668
901.6150996992188	1305.23875
901.9201980830295	1081.3275
902.2252421142116	2198.1531250000003
902.5302317846073	1125.0175000000002
902.8351670860594	1156.8747916666669
903.1400480104098	1317.9816666666666
903.4448745495021	1253.3568750000002
903.7496466951783	1520.958125
904.0543644392808	1360.7614583333334
904.3590277736527	1051.2906249999999
904.6636366901363	1066.7641666666668
904.968191180574	1126.8379166666666
905.2726912368087	1405.3616666666667
905.5771368506829	1283.39375
905.8815280140391	1246.0752083333334
906.18586471872	1465.435416666667
906.490146956568	1147.7727083333332
906.7943747194257	1246.0752083333334
907.0985479991359	1477.2681250000003
907.4026667875411	1323.4429166666666
907.7067310764836	1236.9731250000002
908.0107408578065	1092.25
908.3146961233518	1243.3445833333333
908.6185968649625	1131.3889583333332
908.9224430744811	1353.4797916666664
909.2262347437501	1257.9079166666666
909.529971864612	1268.8304166666667
909.8336544289094	7041.371666666666
910.137282428485	1459.0639583333334
910.4408558551816	1221.4995833333332
910.7443747008411	1116.8256250000002
911.0478389573069	1446.3210416666664
911.351248616421	1763.0735416666666
911.6546036700261	1296.1366666666668
911.9579041099649	1260.6385416666665
912.26114992808	1114.095
912.5643411162137	1838.6208333333332
912.867477666209	1522.7785416666666
913.1705595699083	1200.5647916666665
913.4735868191539	1092.25
913.7765594057887	1174.1687499999998
914.0794773216553	1064.9437500000001
914.382340558596	1153.2339583333332
914.6851491084537	1695.718125
914.9879029630708	1280.663125
915.2906021142899	1166.8870833333333
915.5932465539537	1219.6791666666668
915.8958362739046	1178.7197916666667
916.1983712659853	1163.2462500000001
916.5008515220383	1210.5770833333333
916.8032770339062	1087.6989583333334
917.1056477934318	1035.8170833333334
917.407963792457	1519.1377083333334
917.7102250228253	1278.8427083333333
918.0124314763789	1146.8625
918.3145831449599	1072.2254166666667
918.6166800204115	1162.3360416666667
918.9187220945763	1261.54875
919.2207093592963	2044.3279166666664
919.5226418064146	1134.1195833333331
919.8245194277738	1158.6952083333333
920.1263422152159	1091.3397916666668
920.4281101605843	1137.7604166666667
920.7298232557209	1125.0175000000002
921.0314814924685	1097.71125
921.3330848626699	1194.1933333333334
921.6346333581675	1466.345625
921.9361269708037	1247.895625
922.2375656924214	1084.0581250000002
922.538949514863	1076.7764583333333
922.8402784299712	1254.2670833333334
923.1415524295884	1241.5241666666668
923.4427715055573	1145.0420833333335
923.7439356497206	1113.1847916666668
924.0450448539206	1121.3766666666668
924.34609911	1119.5562499999999
924.6470984098015	1225.1404166666666
924.9480427451673	1059.4825
925.2489321079405	1203.2954166666666
925.5497664899635	1163.24625
925.8505458830786	1181.4504166666666
926.1512702791289	1054.9314583333335
926.4519396699565	1114.095
926.752554047404	1163.24625
927.0531134033143	1245.165
927.35361772953	1107.7235416666665
927.6540670178932	1051.290625
927.9544612602471	1213.3077083333335
928.2548004484337	1148.6829166666666
928.5550845742961	1027.6252083333331
928.8553136296762	1104.0827083333334
929.1554876064173	1050.3804166666666
929.4556064963617	1324.353125
929.7556702913517	1282.4835416666667
930.0556789832303	1346.1981250000001
930.35563256384	1236.0629166666668
930.6555310250232	1249.7160416666668
930.9553743586226	1114.095
931.2551625564809	1124.1072916666665
931.5548956104402	1254.2670833333332
931.8545735123437	1136.8502083333333
932.1541962540336	1131.3889583333332
932.4537638273525	1025.8047916666667
932.7532762241433	1180.5402083333333
933.0527334362483	1295.2264583333333
933.3521354555098	1106.8133333333333
933.6514822737711	1094.9806250000001
933.9507738828743	1448.1414583333335
934.2500102746618	1177.8095833333334
934.5491914409766	1116.8256250000002
934.8483173736612	1367.1329166666667
935.1473880645581	1180.5402083333333
935.4464035055097	1074.9560416666666
935.745363688359	1076.7764583333335
936.0442686049482	1226.9608333333333
936.3431182471198	1143.2216666666666
936.641912606717	1077.6866666666667
936.9406516755819	1061.3029166666668
937.239335445557	1158.6952083333333
937.537963908485	1080.4172916666666
937.8365370562088	1244.2547916666667
938.1350548805704	1057.6620833333334
938.4335173734129	1074.0458333333333
938.7319245265786	1133.2093750000001
939.0302763319099	1064.0335416666667
939.3285727812499	1078.596875
939.626813866441	1064.9437499999997
939.9249995793253	1150.5033333333333
940.223129911746	1013.061875
940.5212048555455	1135.0297916666666
940.8192244025662	1095.8908333333331
941.1171885446508	1108.6337500000002
941.415097273642	1103.1725
941.7129505813822	1172.3483333333334
942.0107484597139	1165.0666666666666
942.30849090048	1120.4664583333335
942.6061778955228	1115.9154166666667
942.9038094366849	1512.76625
943.2013855158092	1520.0479166666664
943.4989061247379	1055.8416666666665
943.7963712553136	1135.94
944.0937808993792	1104.9929166666666
944.3911350487772	1163.24625
944.6884336953495	1324.3531249999999
944.9856768309398	1596.5054166666669
945.28286444739	1276.1120833333334
945.5799965365427	1619.2606250000001
945.8770730902406	1211.4872916666666
946.1740941003263	1224.2302083333334
946.4710595586421	1254.2670833333334
946.7679694570312	1170.5279166666667
947.0648237873357	1168.7075
947.3616225413981	1059.4825
947.6583657110614	1050.3804166666666
947.9550532881678	1116.8256250000002
948.25168526456	1347.1083333333333
948.5482616320805	1301.5979166666666
948.8447823825722	1316.1612499999999
949.1412475078774	1205.1158333333333
949.4376569998386	1036.7272916666666
949.7340108502987	1050.3804166666666
950.0303090511001	1055.8416666666665
950.3265515940852	1267.01
950.6227384710969	1027.6252083333331
950.9188696739777	1072.2254166666664
951.2149451945699	1177.8095833333334
951.5109650247166	1060.3927083333333
951.8069291562598	1008.5108333333334
952.1028375810424	1064.0335416666665
952.3986902909071	1396.2595833333335
952.6944872776962	1135.0297916666666
952.9902285332523	1069.4947916666667
953.2859140494182	1196.9239583333333
953.5815438180365	1101.3520833333334
953.8771178309494	1489.1008333333332
954.1726360799998	1216.9485416666666
954.4680985570304	1091.3397916666665
954.7635052538835	1024.8945833333335
955.0588561624015	1101.3520833333332
955.3541512744275	1094.980625
955.6493905818038	1052.2008333333333
955.9445740763729	1228.78125
956.2397017499775	1225.1404166666664
956.5347735944603	1259.7283333333332
956.8297896016634	1272.4712499999998
957.1247497634299	1307.969375
957.4196540716023	1221.4995833333332
957.7145025180229	1102.2622916666667
958.0092950945348	1107.7235416666667
958.3040317929799	1172.3483333333334
958.5987126052012	1254.2670833333334
958.8933375230413	2017.0216666666668
959.1879065383425	1527.3295833333334
959.4824196429477	1487.2804166666665
959.7768768286993	1132.2991666666667
960.07127808744	1244.2547916666665
960.3656234110122	1078.596875
960.6599127912586	1105.903125
960.9541462200218	1030.3558333333333
961.2483236891444	1056.751875
961.5424451904687	1267.9202083333332
961.8365107158377	1224.2302083333334
962.1305202570937	1123.1970833333335
962.4244738060793	1324.3531249999999
962.7183713546373	1163.24625
963.01221289461	984.8454166666667
963.3059984178401	1077.6866666666667
963.5997279161703	1033.0864583333332
963.893401381443	1186.0014583333334
964.1870188055007	1249.7160416666668
964.4805801801863	1068.5845833333333
964.7740854973422	1261.54875
965.0675347488107	1230.6016666666667
965.3609279264349	1171.438125
965.6542650220572	1144.131875
965.9475460275199	1054.9314583333335
966.240770934666	1015.7925
966.5339397353379	1222.4097916666667
966.8270524213779	1030.3558333333333
967.120108984629	1025.8047916666667
967.4131094169337	1137.7604166666667
967.7060537101345	1153.2339583333332
967.9989418560739	1213.3077083333333
968.2917738465945	1111.364375
968.5845496735391	1233.3322916666666
968.8772693287499	1125.9277083333334
969.16993280407	979.3841666666667
969.4625400913416	1018.523125
969.755091182407	1070.405
970.0475860691095	1828.6085416666667
970.3400247432913	1307.0591666666667
970.6324071967948	1592.8645833333333
970.924733421463	1115.0052083333333
971.2170034091381	1032.17625
971.5092171516628	1128.6583333333335
971.80137464088	2227.2797916666664
972.0934758686318	1109.5439583333334
972.385520826761	1287.9447916666666
972.6775095071101	1187.8218749999999
972.9694419015219	1154.1441666666667
973.2613180018386	1032.17625
973.5531377999032	1064.0335416666667
973.8449012875581	1096.8010416666666
974.1366084566458	1098.6214583333333
974.4282592990087	1302.508125
974.71985380649	1143.2216666666666
975.0113919709318	1216.9485416666666
975.3028737841765	1052.2008333333333
975.5942992380673	1047.6497916666667
975.8856683244463	1115.0052083333333
976.1769810351561	1025.8047916666667
976.4682373620396	1294.3162499999999
976.7594372969393	1065.8539583333334
977.0505808316972	1152.32375
977.3416679581567	1368.043125
977.6326986681601	1264.2793749999998
977.9236729535495	1140.4910416666667
978.2145908061682	1175.9891666666665
978.5054522178584	2571.3385416666665
978.7962571804626	1157.7849999999999
979.0870056858237	1121.3766666666666
979.3776977257842	1351.659375
979.6683332921862	1247.895625
979.9589123768728	1555.5460416666665
980.2494349716867	1384.4268749999999
980.53990106847	1233.3322916666668
980.8303106590655	1556.45625
981.1206637353158	1130.47875
981.4109602890635	1017.6129166666666
981.7012003121511	1177.8095833333334
981.9913837964212	1216.9485416666666
982.2815107337166	1254.2670833333334
982.5715811158793	1108.63375
982.8615949347526	1030.3558333333333
983.1515521821785	1202.3852083333334
983.4414528499998	1251.5364583333333
983.7312969300594	1237.8833333333332
984.0210844141994	1385.337083333333
984.3108152942625	1384.426875
984.6004895620915	1181.4504166666668
984.8901072095288	1131.3889583333332
985.1796682284167	1135.9399999999998
985.4691726105984	1319.8020833333333
985.7586203479162	1642.9260416666666
986.0480114322123	1090.4295833333333
986.33734585533	1038.5477083333335
986.6266236091113	1086.78875
986.9158446853992	1515.496875
987.2050090760357	1220.589375
987.4941167728639	1057.6620833333334
987.7831677677262	1106.8133333333333
988.0721620524652	1189.6422916666668
988.3610996189235	1014.8822916666667
988.6499804589438	1256.9977083333333
988.9388045643683	1093.1602083333335
989.2275719270399	1046.7395833333333
989.5162825388013	1055.8416666666667
989.8049363914945	1111.3643749999999
990.0935334769628	1054.9314583333332
990.3820737870484	1077.6866666666665
990.6705573135936	1212.3974999999998
990.9589840484416	1197.8341666666665
991.2473539834347	1087.6989583333334
991.5356671104153	1527.3295833333332
991.8239234212261	1155.9645833333334
992.1121229077099	1128.6583333333335
992.400265561709	1068.5845833333333
992.6883513750662	1034.906875
992.9763803396239	1093.1602083333335
993.2643524472247	1294.31625
993.5522676897112	1038.5477083333333
993.8401260589261	1095.8908333333331
994.1279275467119	1015.7925
994.4156721449109	1197.8341666666668
994.7033598453662	1281.5733333333335
994.99099063992	1236.9731250000002
995.2785645204149	1016.7027083333332
995.5660814786938	1150.5033333333333
995.853541506599	1169.6177083333332
996.140944595973	1201.4750000000001
996.4282907386587	1287.9447916666668
996.7155799264985	1091.3397916666665
997.0028121513348	1351.659375
997.2899874050105	1202.3852083333334
997.5771056793681	1064.9437500000001
997.8641669662499	953.8983333333334
998.1511712574988	1154.1441666666667
998.4381185449574	1033.9966666666667
998.725008820468	1278.8427083333333
999.0118420758735	1034.906875
999.2986183030163	1043.0987499999999
999.585337493739	1136.8502083333333
999.8719996398839	1114.095
1000.158604733294	1042.1885416666667
1000.445152765812	1443.5904166666667
1000.7316437292799	1154.1441666666667
1001.0180776155407	1280.663125
1001.3044544164371	1075.86625
1001.5907741238111	1471.8068750000002
1001.8770367295059	1697.5385416666668
1002.1632422253638	1196.9239583333335
1002.4493906032271	1179.6299999999999
1002.735481854939	1003.9597916666667
1003.0215159723417	1345.287916666667
1003.3074929472778	1064.9437500000001
1003.59341277159	1167.7972916666668
1003.8792754371208	1196.9239583333335
1004.1650809357126	1321.6224999999997
1004.4508292592081	1300.6877083333331
1004.7365203994503	1314.3408333333334
1005.0221543482811	1035.8170833333334
1005.3077310975436	1224.2302083333334
1005.5932506390802	1050.3804166666666
1005.8787129647335	1050.3804166666666
1006.1641180663456	1200.5647916666667
1006.4494659357599	1172.3483333333334
1006.7347565648188	1091.3397916666665
1007.0199899453642	1658.399583333333
1007.3051660692394	1054.9314583333332
1007.5902849282868	1010.3312500000001
1007.8753465143486	1094.0704166666667
1008.160350819268	1206.93625
1008.4452978348874	1160.5156249999998
1008.7301875530488	1275.201875
1009.0150199655957	1273.3814583333333
1009.2997950643701	1094.0704166666667
1009.5845128412144	1188.7320833333333
1009.8691732879718	1059.4824999999998
1010.1537763964845	1124.1072916666665
1010.4383221585949	1203.2954166666666
1010.7228105661462	1104.0827083333334
1011.0072416109805	1109.5439583333334
1011.2916152849402	1114.095
1011.5759315798686	1091.3397916666668
1011.8601904876076	977.5637499999999
1012.144392	1068.5845833333333
1012.4285361088884	1071.3152083333334
1012.7126228061155	1130.47875
1012.9966520835236	1515.496875
1013.2806239329553	1124.107291666667
1013.5645383462538	1172.3483333333334
1013.8483953152609	1271.5610416666666
1014.1321948318193	1181.4504166666666
1014.4159368877722	1117.7358333333334
1014.6996214749615	1200.5647916666667
1014.98324858523	1248.805833333333
1015.2668182104202	1137.7604166666667
1015.5503303423751	1348.0185416666666
1015.8337849729367	1188.7320833333333
1016.1171820939478	1160.515625
1016.4005216972512	1263.3691666666666
1016.6838037746892	1089.519375
1016.9670283181047	1288.8549999999998
1017.2501953193398	1206.93625
1017.5333047702371	1078.596875
1017.81635666264	1270.6508333333334
1018.0993509883903	1304.3285416666665
1018.3822877393309	1175.0789583333335
1018.6651669073037	1135.94
1018.9479884841523	1103.1725
1019.2307524617187	1257.9079166666668
1019.5134588318456	1164.1564583333331
1019.7961075863757	1320.7122916666667
1020.0786987171514	1075.86625
1020.3612322160153	1307.969375
1020.6437080748101	1193.283125
1020.9261262853781	1088.6091666666664
1021.208486839562	1156.8747916666666
1021.4907897292048	1171.438125
1021.7730349461489	1400.810625
1022.0552224822362	1089.519375
1022.33735232931	1050.3804166666666
1022.6194244792129	1181.4504166666666
1022.9014389237868	1095.8908333333331
1023.1833956548752	1198.744375
1023.46529466432	1244.2547916666667
1023.7471359439638	1038.5477083333333
1024.0289194856498	1116.8256250000002
1024.3106452812199	1205.1158333333333
1024.5923133225172	1105.903125
1024.8739236013837	1151.4135416666668
1025.1554761096625	1151.4135416666668
1025.436970839196	1151.4135416666668
