339.86832	19.114375
340.2509644343084	33996.28125
340.6335677717954	665.111984375
341.0161300043036	613.16184375
341.3986511236755	599.9865781249998
341.78113112175373	592.6821562499999
342.16356999038084	592.7504218749999
342.5459677213995	595.481046875
342.92832430665214	612.5474531250001
343.3106397379815	608.1101875000002
343.69291400723	615.2780781250003
344.0751471062403	628.385078125
344.45733902685504	629.4090625000001
344.83948976091665	666.0677031250002
345.2215993002679	671.59721875
345.60366763675125	694.3979375
345.9856947622093	717.539984375
346.3676806684845	719.5196874999999
346.74962534741974	750.3074843749998
347.1315287908573	787.170921875
347.51339099064	780.3443593750003
347.8952119386102	808.5380625
348.2769916266106	819.5288281249999
348.6587300464838	854.7538906249998
349.0404271900723	855.777875
349.4220830492187	880.9678906250001
349.80369761576566	897.078578125
350.1852708815557	912.8479375
350.5668028384313	931.5527187500002
350.9482934782352	941.0416406249999
351.32974279281	947.185546875
351.71115077399816	965.7537968749997
352.0925174136422	981.5914218750002
352.47384270358486	1000.0231406249998
352.8551266356687	1004.3238749999998
353.23636920173624	1014.4271875000001
353.61757039363005	1006.64490625
353.9987302031928	1024.052640625
354.379848622267	1026.9197968749997
354.76092564269516	1037.2279062500002
355.14196125632	1053.7481875
355.52295545498407	1044.4640625
355.90390823052985	1057.3662656249999
356.2848195748	1050.1983750000002
356.6656894796371	1035.9991249999998
357.04651793688373	1056.000953125
357.4273049383824	1050.676234375
357.8080504759759	1047.46775
358.18875454150657	1056.1374843750004
358.5694171268171	1043.78140625
358.9500382237499	1053.7481874999999
359.3306178241479	1053.7481875
359.7111559198534	1042.893953125
360.0916525027091	1048.218671875
360.47210756455746	1028.285109375
360.85252109724127	1037.978828125
361.23289309260286	1046.7168281250001
361.61322354248495	1044.9419218750002
361.99351243873014	1031.3570624999998
362.37375977318095	1038.115359375
362.75396553768	1024.5305000000003
363.1341297240698	1037.3644375
363.514252324193	1037.7057656250001
363.8943333298922	1015.178109375
364.27437273300995	1037.1596406249998
364.65437052538874	1023.7113124999998
365.03432669887127	1020.6393593749999
365.4142412453001	1016.338625
365.7941141565177	1016.8847499999999
366.1739454243669	1019.6836406250002
366.55373504069	1012.0378906250004
366.93348299732975	1017.9769999999999
367.31318928612865	1014.154125
367.6928538989293	1005.82571875
368.0724768275743	1013.74453125
368.4520580639063	1020.6393593749999
368.83159759976763	1004.6652031249998
369.21109542700117	1014.7002499999996
369.59055153744936	1018.3183281250001
369.9699659229547	1019.000984375
370.34933857536	1013.4032031250001
370.72866948650767	1015.041578125
371.10795864824024	1018.7279218750002
371.4872060524004	1015.92903125
371.8664116908307	1019.000984375
372.2455755553737	1018.3183281249998
372.6246976378721	1005.6209218750002
373.00377793016827	1028.967765625
373.38281642410493	1003.5046875
373.76181311152465	1018.1135312499998
374.14076798427	1003.91428125
374.5196810341835	1013.5397343750003
374.8985522531078	1023.5747812500001
375.2773816328855	1003.163359375
375.6561691653591	1008.7611406249998
376.0349148423712	1009.580328125
376.4136186557645	1015.6559687499999
376.7922805973814	1014.9050468750002
377.17090065906456	1020.8441562500002
377.5494788326565	1010.3312500000002
377.92801511000005	1014.768515625
378.3065094829374	1009.6485937500001
378.6849619433114	1014.4954531249999
379.0633724829646	1005.7574531249999
379.4417410937395	1010.3995156249999
379.82006776747875	1020.2297656250003
380.1983524960249	1011.8330937499998
380.57659527122047	1018.7961874999999
380.9547960849082	1015.5194374999999
381.33295492893046	1013.8127968750002
381.71107179513	1020.9124218749996
382.08914667534935	1011.9696250000001
382.467179561431	1026.8515312499999
382.84517044521766	1019.4788437499998
383.22311931855194	1030.0600156249998
383.60102617327624	1018.1135312500003
383.97889100123325	1014.4271874999998
384.35671379426554	1022.0046718750002
384.73449454421575	1014.6319843749998
385.1122332429263	1017.2943437500004
385.48992988224	1020.9124218750001
385.8675844539992	1007.73715625
386.24519695004665	1018.7961874999999
386.6227673622248	1021.595078125
387.0002956823763	1021.0489531250001
387.3777819023437	1032.17625
387.75522601396966	1018.3865937500001
388.1326280090966	1009.3755312500001
388.5099878795673	1022.8238593750002
388.8873056172243	1010.9456406249999
389.26458121391	1031.1522656249997
389.6418146614671	1027.4659218749998
390.0190059517382	1032.7223749999998
390.3961550765659	1020.02496875
390.77326202779267	1025.6227500000002
391.15032679726124	1026.3054062499998
391.5273493768141	1015.0415781249998
391.9043297582938	1019.8201718750004
392.2812679335429	1021.2537500000001
392.65816389440414	1028.831234375
393.03501763272	1012.7888125
393.41182914033305	1017.0212812500001
393.7885984090858	1023.9161093750001
394.165325430821	1015.0415781249998
394.5420101973811	1020.7758906249998
394.9186527006087	1027.192859375
395.29525293234644	1025.827546875
395.67181088443687	1031.2205312500002
396.04832654872257	1027.12459375
396.424799917046	1029.85521875
396.80123098124994	1018.7279218749998
397.1776197331769	1025.6910156249999
397.5539661646694	1013.2666718749999
397.93027026757005	1022.7555937499999
398.30653203372145	1011.6965624999999
398.6827514549662	1034.0876875
399.05892852314685	1016.2020937499998
399.4350632301059	1021.9364062499997
399.8111555676861	1032.4493125000001
400.18720552772993	1031.0157343749993
400.56321310207994	1022.9603906250001
400.9391782825788	1022.004671875
401.315101061069	1032.17625
401.6909814293932	1035.0434062499996
402.06681937939385	1018.3865937499999
402.4426149029137	1014.9050468750002
402.8183679917953	1025.6910156249999
403.19407863788103	1018.7961874999999
403.56974683301377	1021.1854843750001
403.94537256903584	1028.5581718749995
404.32095583779	1034.5655468750003
404.69649663111875	1023.3699843750003
405.0719949408646	1018.5913906250004
405.4474507588703	1035.8625937500003
405.82286407697836	1027.1245937500003
406.1982348870312	1026.5102031250003
406.57356318087164	1034.8386093750003
406.94884895034215	1035.1799375
407.3240921872853	1016.953015625
407.6992928835437	1026.1688749999996
408.07445103095995	1033.4732968750002
408.4495666213767	1031.834921875
408.8246396466363	1031.561859375
409.19967009858135	1030.2648125000003
409.5746579690547	1032.7906406250004
409.94960324989876	1023.5747812500001
410.324505932956	1040.0950625
410.69936601006924	1040.9142499999998
411.07418347308095	1029.58215625
411.4489583138336	1024.5305000000003
411.82369052417	1020.8441562499996
412.1983800959325	1018.7961875000003
412.5730270209638	1022.4142656249996
412.9476312911065	1019.4788437499999
413.32219289820307	1031.152265625
413.6967118340962	1027.7389843750002
414.0711880906285	1027.1928593750004
414.4456216596423	1026.510203125
414.8200125329805	1040.5729218749998
415.19436070248554	1029.923484375
415.56866615999996	1023.9843750000002
415.94292889736636	1024.5987656250002
416.3171489064274	1036.750046875
416.6913261790256	1042.3478281249998
417.0654607070035	1028.1485781249999
417.43955248220374	1026.237140625
417.81360149646883	1045.761109375
418.1876077416415	1029.0360312500002
418.56157120956414	1028.5581718750002
418.9354918920794	1036.4087187499997
419.30936978103	1039.071078125
419.68320486825826	1023.0286562499999
420.056997145607	1038.0470937500002
420.43074660491874	1025.7592812500002
420.80445323803593	1026.85153125
421.17811703680127	1024.1891718749998
421.55173799305726	1040.3681250000002
421.9253160986466	1040.23159375
422.2988513454117	1033.6098281249997
422.67234372519533	1028.012046875
423.04579322983994	1038.4566875000003
423.4191998511882	1036.6817812499999
423.79256358108256	1044.5323281249998
424.16588441136577	1034.4290156249995
424.5391623338803	1036.1356562500002
424.9123973404688	1031.3570625
425.2855894229737	1037.5692343749997
425.65873857323766	1029.3773593749997
426.03184478310334	1042.484359375
426.4049080444133	1028.0803125000002
426.77792834901	1040.163328125
427.1509056887361	1031.8349218750002
427.5238400554342	1035.0434062500003
427.8967314409469	1039.617203125
428.2695798371167	1033.95115625
428.6423852357862	1029.650421875
429.0151476287981	1035.5895312500002
429.38786700799477	1033.95115625
429.76054336521895	1030.4696093750001
430.13317669231316	1029.923484375
430.50576698111996	1031.2887968750001
430.878314223482	1041.6651718750002
431.25081841124177	1036.2721875
431.623279536242	1033.7463593749997
431.99569759032505	1042.620890625
432.3680725653337	1038.7980156250003
432.7404044531105	1035.111671875
433.11269324549784	1036.40871875
433.4849389343386	1032.58584375
433.85714151147505	1045.6245781249995
434.22930096874995	1037.8422968749999
434.60141729800597	1033.6098281250001
434.9734904910854	1050.88103125
435.3455205398311	1033.2002343749998
435.71750743608555	1043.7814062500001
436.08945117169117	1038.798015625
436.4613517384908	1038.1836250000001
436.833209128327	1035.3847343750003
437.2050233330421	1028.4899062499999
437.57679434447897	1052.24634375
437.94852215448	1044.9419218749997
438.3202067548878	1043.9179375
438.69184813754504	1034.2924843750002
439.0634462942942	1025.008359375
439.43500121697787	1047.5360156250003
439.8065128974388	1044.7371249999999
440.17798132751926	1041.528640625
440.54940649906206	1045.2149843749999
440.92078840390974	1042.2795625
441.2921270339049	1041.392109375
441.66342238089	1050.1983750000002
442.0346744367077	1045.6928437500003
442.4058831932006	1040.77771875
442.7770486422113	1044.6005937500004
443.1481707755823	1033.473296875
443.5192495851562	1046.1707031249994
443.89028506277566	1033.6780937499998
444.26127720028313	1038.388421875
444.6322259895213	1051.768484375
445.00313142233273	1044.8053906249995
445.37399349056	1047.672546875
445.74481218604564	1047.0581562499997
446.1155875006322	1043.3718125
446.4863194261624	1048.56
446.8570079544787	1040.1633281250001
447.2276530774237	1049.0378593750002
447.5982547868401	1044.60059375
447.9688130745703	1048.082140625
448.3393279324569	1046.7850937500002
448.7097993523426	1054.8404374999998
449.08022732607	1045.4880468750002
449.45061184548155	1040.1633281250001
449.82095290241983	1037.3644375
450.1912504887275	1048.355203125
450.56150459624706	1036.13565625
450.93171521682126	1048.6282656249996
451.30188234229246	1046.1024375000002
451.67200596450334	1038.1153593750003
452.04208607529654	1038.7297500000002
452.4121226665145	1031.9714531250004
452.78211573	1039.8219999999997
453.15206525759544	1040.436390625
453.52197124114343	1044.3957968749996
453.8918336724866	1040.9142500000003
454.2616525434675	1038.183625
454.6314278459287	1034.019421875
455.0011595717129	1041.5286406250002
455.37084771266245	1035.453
455.74049226062016	1047.0581562500001
456.11009320742846	1035.248203125
456.47965054492994	1036.4087187500002
456.8491642649673	1041.392109375
457.21863435938303	1037.023109375
457.5880608200197	1037.50096875
457.95744363871995	1047.262953125
458.3267828073262	1040.9825156250004
458.69607831768127	1042.2795625
459.0653301616276	1049.174390625
459.43453833100773	1052.9289999999999
459.8037028176643	1039.617203125
460.17282361344	1035.999125
460.54190071017723	1060.7112812500002
460.9109340997186	1039.7537343750002
461.2799237739068	1041.05078125
461.64886972458436	1045.4197812500001
462.01777194359374	1049.4474531250003
462.38663042277767	1041.32384375
462.75544515397866	1043.0304843750002
463.1242161290393	1043.9862031250002
463.49294333980225	1035.58953125
463.86162677810995	1034.6338125000007
464.2302664358051	1040.91425
464.5988623047302	1051.0175624999997
464.96741437672785	1037.9105625
465.3359226436407	1046.034171875
465.70438709731116	1030.6744062500002
466.0728077295821	1042.6208906250001
466.4411845322957	1044.941921875
466.8095174972949	1040.7094531250002
467.1778066164222	1045.897640625
467.54605188151993	1042.9622187500004
467.914253284431	1044.8736562499998
468.2824108169978	1028.285109375
468.65052447106297	1041.8699687499998
469.0185942384692	1039.4806718749999
469.38662011105873	1050.266640625
469.75460208067443	1045.4880468750002
470.1225401391589	1040.77771875
470.49043427835454	1031.22053125
470.85828449010404	1057.2980000000002
471.22609076624997	1048.0821406250002
471.5938530986349	1041.3238437500002
471.96157147910145	1041.665171875
472.3292458994921	1054.0212499999996
472.69687635164945	1047.9456093750002
473.06446282741626	1036.3404531250005
473.4320053186349	1041.255578125
473.7995038171479	1049.9253124999998
474.1669583147982	1055.864421875
474.5343688034279	1047.3312187500003
474.90173527488	1046.3755000000003
475.26905772099684	1041.1873124999997
475.63633613362094	1056.8201406250002
476.0035705045952	1054.567375
476.3707608257619	1051.085828125
476.7379070889637	1053.7481875
477.1050092860433	1042.6208906250001
477.4720674088431	1054.499109375
477.8390814492057	1058.458515625
478.2060513989739	1045.8293749999998
478.57297724998995	1053.88471875
478.9398589940967	1053.5433906249996
479.30669662313665	1057.298
479.67349012895227	1044.8053906250002
480.04023950338626	1053.06553125
480.4069447382812	1044.6688593750002
480.77360582547965	1043.9179374999999
481.1402227568242	1054.2260468749998
481.5067955241573	1057.7075937500001
481.8733241193217	1054.2943125000002
482.23980853416	1054.8404375
482.60624876051463	1054.0212499999998
482.97264479022823	1044.532328125
483.3389966151434	1050.539703125
483.70530422710266	1042.074765625
484.0715676179487	1052.587671875
484.43778677952406	1064.1928281249998
484.80396170367123	1056.0692187500001
485.170092382233	1044.668859375
485.53617880705167	1045.1467187500002
485.90222096996996	1051.4271562499998
486.2682188628305	1047.1946874999999
486.63417247747583	1051.5636875000002
487.0000818057485	1056.683609375
487.36594683949113	1055.9326875000002
487.73176757054625	1061.1208750000003
488.09754399075644	1052.451140625
488.46327609196436	1041.5969062500003
488.8289638660125	1035.521265625
489.19460730474356	1056.2057499999996
489.56020639999997	1057.9806562499998
489.9257611436244	1053.4751250000002
490.29127152745946	1053.543390625
490.65673754334756	1049.7205156249997
491.0221591831315	1051.5636874999998
491.3875364386538	1052.382875
491.75286930175685	1047.8090781250003
492.11815776428347	1065.8312031250002
492.4834018180762	1060.57475
492.8486014549774	1051.83675
493.21375666683	1048.6282656250003
493.5788674454763	1059.550765625
493.94393378275896	1059.4142343749998
494.30895567052073	1059.2777031250002
494.67393310060385	1052.6559374999997
495.0388660648512	1056.5470781249999
495.4037545551053	1062.1448593750001
495.76859856320857	1056.820140625
496.1333980810037	1056.683609375
496.49815310033335	1059.4824999999998
496.8628636130399	1067.7426406250001
497.22752961096626	1065.0802812499996
497.59215108595464	1064.1245625000004
497.95672802984774	1064.8072187499997
498.3212604344883	1067.606109375
498.6857482917187	1062.690984375
499.05019159338167	1060.9160781250005
499.4145903313197	1064.0562968749998
499.7789444973753	1071.0193906250001
500.14325408339124	1076.0710468749999
500.50751908121	1071.08765625
500.8717394826741	1061.735265625
501.2359152796262	1057.9806562499996
501.6000464639089	1060.2334218749997
501.9641330273647	1067.8791718749999
502.3281749618363	1077.6411562500002
502.69217225916606	1071.3607187499997
503.0561249111968	1079.9621874999998
503.42003290977095	1058.9363750000005
503.78389624673116	1073.5452187500002
504.14771491391997	1065.285078125
504.51148890318	1067.4013125
504.8752182063538	1062.07659375
505.238902815284	1068.971421875
505.60254272181305	1075.86625
505.9661379177837	1081.2592343749998
506.3296883950385	1080.9861718750003
506.69319414541985	1066.7869218749997
507.05665516077056	1083.2389374999996
507.42007143293307	1080.0987187500002
507.78344295374995	1071.9751093749999
508.14676971506384	1079.211265625
508.51005170871747	1098.8717656249999
508.8732889265531	1084.8090468750001
509.2364813604135	1088.56365625
509.5996290021412	1069.927140625
509.9627318435789	1066.7869218750004
510.325789876569	1077.0267656249998
510.6888030929541	1076.890234375
511.051771484577	1083.443734375
511.41469504328	1084.19465625
511.77757376090574	1089.997234375
512.1404076292971	1082.2832187500003
512.5031966402962	1086.1743593750002
512.8659407857458	1092.7961249999998
513.2286400574887	1083.5120000000002
513.5912944473672	1095.2536874999996
513.953903947224	1097.57471875
514.3164685489018	1087.266609375
514.6789882442428	1085.8330312500004
515.04146302509	1105.0839375
515.4038928832857	1101.192796875
515.7662778106726	1095.868078125
516.1286177990931	1106.790578125
516.4909128403904	1095.7315468750005
516.8531629264063	1093.6835781250004
517.2153680489837	1096.7555312499999
517.5775281999652	1097.165125
517.9396433711935	1097.233390625
518.3017135545108	1095.868078125
518.66373874176	1107.5414999999998
519.0257189247836	1108.975078125
519.3876540954242	1101.12453125
519.7495442455245	1120.78503125
520.1113893669268	1120.0341093749998
520.4731894514738	1113.207546875
520.8349444910081	1119.5562499999999
521.1966544773722	1114.8459218750002
521.558319402409	1110.0673281250001
521.9199392579607	1110.4769218750005
522.28151403587	1113.7536718750002
522.6430437279796	1100.1005468750002
523.0045283261317	1112.9344843749996
523.3659678221695	1106.654046875
523.7273622079351	1109.5212031249998
524.0887114752712	1115.528578125
524.4500156160204	1125.15403125
524.8112746220253	1126.3828124999998
525.1724884851286	1115.1189843749996
525.5336571971726	1127.06546875
525.8947807500001	1108.3606874999998
526.2558591354534	1126.8606718749995
526.6168923453754	1130.1374218749995
526.9778803716086	1132.66325
527.3388232059956	1140.44553125
527.6997208403786	1137.6466406249997
528.0605732666008	1129.5230312499998
528.4213804765045	1130.0691562499997
528.782142461932	1136.554390625
529.1428592147264	1132.7997812500003
529.50353072673	1141.6743124999998
529.8641569897852	1135.8034687499999
530.224737995735	1134.506421875
530.5852737364216	1140.0359375000003
530.9457642036878	1145.292390625
531.3062093893762	1137.16878125
531.6666092853293	1133.07284375
532.0269638833895	1151.2315
532.3872731753997	1148.36434375
532.7475371532023	1152.4602812499995
533.10775580864	1139.831140625
533.4679291335551	1145.7702499999998
533.8280571197906	1138.7388906250003
534.1881397591887	1148.5691406249998
534.5481770435923	1153.2112031249994
534.9081689648438	1151.0949687499995
535.2681155147857	1149.6613906250002
535.6280166852607	1149.3200624999997
535.9878724681114	1154.1669218749998
536.3476828551802	1150.2757812500001
536.7074478383099	1151.2314999999999
537.0671674093431	1147.8864843750002
537.4268415601222	1148.5691406249998
537.7864702824897	1153.484265625
538.1460535682887	1143.7222812500002
538.5055914093612	1158.1945937500002
538.8650837975499	1153.82559375
539.2245307246978	1148.5008750000002
539.5839321826469	1137.237046875
539.9432881632401	1150.8219062500002
540.30259865832	1158.3993906250005
540.6618636597291	1156.6927499999997
541.0210831593098	1153.8938593750001
541.380257148905	1148.432609375
541.7393856203572	1145.0875937500002
542.0984685655087	1149.661390625
542.4575059762025	1152.5968125
542.8164978442809	1158.6724531249997
543.1754441615866	1167.47871875
543.5343449199621	1143.517484375
543.89320011125	1153.893859375
544.2520097272928	1157.3071406249996
544.6107737599334	1153.82559375
544.9694922010141	1149.1835312499998
545.3281650423775	1158.808984375
545.6867922758662	1162.631859375
546.0453738933229	1144.6097343750002
546.40390988659	1146.384640625
546.7624002475101	1156.1466249999999
547.1208449679259	1154.2351875000002
547.4792440396799	1155.3274375
547.8375974546148	1149.7296562500003
548.195905204573	1156.9658125
548.5541672813971	1150.344046875
548.91238367693	1160.10603125
549.2705543830137	1156.28315625
549.6286793914913	1148.2278124999998
549.986758694205	1143.1761562499996
550.3447922829978	1165.2259531249997
550.702780149712	1155.73703125
551.0607222861901	1157.2388749999996
551.4186186842746	1157.2388750000002
551.7764693358087	1150.6853750000005
552.1342742326343	1161.949203125
552.4920333665942	1149.18353125
552.8497467295313	1164.816359375
553.2074143132876	1158.0580625
553.565036109706	1154.2351875
553.9226121106294	1145.7019843750004
554.2801423078997	1145.2241250000002
554.63762669336	1157.034078125
554.9950652588526	1155.5322343750001
555.3524579962202	1152.18721875
555.7098048973054	1155.2591718750002
556.0671059539508	1144.0636093749997
556.4243611579986	1155.9418281249998
556.7815705012921	1159.9012343749998
557.1387339756732	1154.09865625
557.495851572985	1153.8938593750001
557.8529232850698	1157.238875
558.20994910377	1154.986109375
558.5669290209286	1152.392015625
558.9238630283878	1156.0100937499997
559.2807511179905	1148.569140625
559.6375932815791	1149.5931249999999
559.9943895109963	1158.5359218749995
560.3511397980844	1153.4160000000002
560.7078441346864	1155.8052968750003
561.0645025126445	1139.0119531250002
561.4211149238015	1158.3993906249998
561.77768136	1147.5451562499998
562.1342018130823	1148.296078125
562.4906762748914	1150.070984375
562.8471047372697	1143.3809531250001
563.2034871920595	1143.72228125
563.5598236311037	1153.5525312500001
563.9161140462448	1144.609734375
564.2723584293254	1142.7665625000002
564.6285567721882	1137.3053125000001
564.9847090666755	1137.5783749999998
565.34081530463	1146.111578125
565.6968754778943	1142.0839062500004
566.052889578311	1147.8864843749998
566.4088575977227	1146.5211718749997
566.7647795279719	1143.7905468750002
567.1206553609012	1131.3662031249999
567.4764850883533	1142.5617656250001
567.8322687021706	1140.650328125
568.1880061941957	1127.133734375
568.5436975562714	1145.9067812499998
568.89934278024	1141.5377812499999
569.2549418579441	1143.3126874999998
569.6104947812267	1136.2130625000002
569.9660015419297	1137.98796875
570.3214621318963	1135.3938750000002
570.6768765429688	1135.3938749999998
571.0322447669896	1141.606046875
571.3875667958016	1134.642953125
571.7428426212473	1137.4418437500003
572.0980722351692	1137.5783749999998
572.45325562941	1139.8994062499999
572.8083927958121	1149.6613906249995
573.1634837262183	1139.4215468749999
573.5185284124709	1129.5912968749997
573.8735268464127	1132.1853906249999
574.2284790198863	1134.9842812499999
574.5833849247341	1131.4344687499997
574.9382445527988	1121.6724843749998
575.293057895923	1137.9197031249998
575.6478249459491	1124.266578125
576.0025456947199	1127.748125
576.357220134078	1117.50828125
576.7118482558658	1124.403109375
577.066430051926	1122.15034375
577.4209655141011	1126.451078125
577.7754546342337	1136.7591875000003
578.1298974041664	1131.0248749999996
578.4842938157419	1122.0138124999999
578.8386438608024	1129.2499687499999
579.192947531191	1130.0008906250002
579.54720481875	1131.366203125
579.9014157153218	1127.2020000000002
580.2555802127495	1115.528578125
580.609698302875	1124.471375
580.9637699775415	1117.50828125
581.3177952285913	1130.4787500000002
581.6717740478667	1125.4953593750001
582.0257064272109	1120.3754374999999
582.3795923584662	1115.5285781249997
582.7334318334749	1125.42709375
583.08722484408	1135.735203125
583.4409713821237	1124.5396406250002
583.794671439449	1133.7554999999995
584.1483250078983	1121.672484375
584.501932079314	1114.1632656250001
584.8554926455387	1109.930796875
585.2090066984154	1116.3477656250002
585.5624742297861	1114.4363281250003
585.9158952314937	1124.8127031249999
586.2692696953808	1115.733375
586.6225976132899	1114.4363281249998
586.9758789770636	1115.0507187500002
587.3291137785446	1117.0304218750002
587.6823020095754	1119.2831875
588.0354436619982	1104.879140625
588.3885387276563	1102.558109375
588.7415871983918	1104.1964843749997
589.0945890660471	1110.4086562500001
589.4475443224653	1110.68171875
589.8004529594888	1107.336703125
590.15331496896	1106.5857812499999
590.5061303427216	1095.458484375
590.8588990726163	1098.5987031250002
591.2116211504864	1112.1152968749998
591.5642965681747	1101.6023906250005
591.9169253175238	1093.137453125
592.269507390376	1096.6872656250002
592.6220427785742	1099.5544218750001
592.974531473961	1104.742609375
593.3269734683787	1094.9123593749998
593.6793687536699	1096.48246875
594.0317173216775	1093.4105156250002
594.3840191642438	1081.2592343750005
594.7362742732114	1097.779515625
595.0884826404231	1106.5857812499996
595.4406442577213	1093.4787812499999
595.7927591169484	1086.3108906250004
596.1448272099474	1092.7961249999998
596.4968485285606	1100.3053437499996
596.8488230646306	1088.4953906249998
597.2007508099999	1090.543359375
597.5526317565115	1084.2629218749998
597.9044658960074	1104.196484375
598.2562532203306	1094.502765625
598.6079937213235	1084.672515625
598.9596873908287	1091.0894843749998
599.3113342206889	1082.5562812499998
599.6629342027466	1092.7961250000003
600.0144873288441	1092.7278593750002
600.3659935908244	1083.853328125
600.71745298053	1093.6835781249997
601.0688654898032	1078.665140625
601.4202311104871	1067.674375
601.7715498344237	1086.1060937500001
602.1228216534558	1082.41975
602.4740465594261	1088.222328125
602.8252245441772	1086.5156875000002
603.1763555995517	1075.2518593749999
603.5274397173916	1085.4234374999996
603.8784768895403	1085.83303125
604.22946710784	1074.2961406250001
604.5804103641332	1091.9769375
604.9313066502625	1076.6854375
605.2821559580708	1087.6079375000002
605.6329582794003	1069.72234375
605.9837136060937	1070.8145937500003
606.3344219299937	1083.716796875
606.6850832429426	1073.6817500000002
607.0356975367833	1078.0507499999999
607.3862648033582	1079.00646875
607.73678503451	1062.6909843749997
608.0872582220811	1070.6780624999994
608.4376843579142	1070.8145937499999
608.7880634338519	1070.200203125
609.1383954417366	1049.310921875
609.4886803734113	1064.6706874999995
609.838918220718	1074.8422656250002
610.1891089754997	1050.539703125
610.5392526295989	1059.9603593749998
610.8893491748582	1061.667
611.2393986031199	1067.7426406250001
611.589400906227	1072.4529687499999
611.9393560760218	1066.0360000000003
612.289264104347	1068.35703125
612.6391249830451	1067.9474375
612.9889387039588	1057.0932031250004
613.3387052589305	1052.51940625
613.6884246398027	1068.971421875
614.0380968384185	1066.4455937500002
614.38772184662	1063.646703125
614.7372996562499	1061.8717968750002
615.0868302591509	1065.8312031249998
615.4363136471654	1065.421609375
615.785749812136	1053.270328125
616.1351387459055	1055.0452343749998
616.4844804403161	1057.775859375
616.8337748872108	1060.3016874999998
617.1830220784319	1058.6633125
617.5322220058221	1071.63378125
617.8813746612238	1050.88103125
618.2304800364799	1059.7555625
618.5795381234328	1062.9640468750001
618.9285489139249	1060.916078125
619.2775123997992	1067.1282499999998
619.6264285728979	1059.823828125
619.9752974250638	1079.4843281250003
620.3241189481392	1056.34228125
620.6728931339671	1060.7795468750005
621.0216199743898	1063.8515000000004
621.3702994612498	1054.8404375000002
621.71893158639	1063.16884375
622.0675163416527	1057.9123906250002
622.4160537188806	1060.6430156250003
622.7645437099163	1063.3736406249998
623.1129863066024	1055.7961562499997
623.4613815007812	1052.2463437499996
623.8097292842956	1056.000953125
624.1580296489882	1055.3182968750002
624.5062825867013	1062.6909843750002
624.8544880892778	1066.3773281249998
625.20264614856	1059.07290625
625.5507567563906	1060.233421875
625.8988199046122	1043.576609375
626.2468355850674	1050.6762343750001
626.5948037895986	1050.7445000000002
626.9427245100487	1060.2334218750004
627.2905977382602	1051.085828125
627.6384234660752	1038.934546875
627.9862016853368	1054.9087031249996
628.3339323878878	1064.1245625000004
628.6816155655699	1059.89209375
629.0292512102264	1064.6024218750003
629.3768393136999	1052.587671875
629.7243798678326	1048.0138750000003
630.071872864467	1059.687296875
630.4193182954463	1052.997265625
630.7667161526125	1046.170703125
631.1140664278083	1049.5157187499997
631.4613691128765	1057.0249375
631.8086241996596	1054.089515625
632.1558316799999	1061.871796875
632.5029915457404	1068.9714218749998
632.8501037887233	1063.9197656250003
633.1971684007915	1055.9326875
633.5441853737874	1060.7795468749998
633.8911546995539	1050.1301093749998
634.2380763699327	1045.96590625
634.5849503767676	1051.7002187500004
634.9317767119002	1053.5433906249998
635.2785553671735	1047.1264218749998
635.6252863344299	1057.7075937500001
635.9719696055123	1057.5027968750003
636.318605172263	1062.281390625
636.6651930265247	1055.9326875000002
637.0117331601399	1049.51571875
637.3582255649512	1055.6596249999998
637.7046702328013	1047.3312187499998
638.0510671555326	1062.213125
638.3974163249877	1046.5120312499998
638.7437177330092	1046.4437656249997
639.08997137144	1040.9142500000003
639.4361772321222	1054.567375
639.7823353068986	1054.9087031249999
640.1284455876117	1051.0175625000006
640.4745080661042	1043.8496718749998
640.8205227342187	1061.3939375000004
641.1664895837977	1049.106125
641.5124086066837	1049.1061249999998
641.8582797947192	1048.56
642.2041031397473	1065.1485468750002
642.54987863361	1052.7242031249998
642.8956062681501	1045.41978125
643.2412860352101	1051.83675
643.586917926633	1053.8164531250002
643.9325019342607	1057.5710625000002
644.2780380499362	1056.7518749999997
644.623526265502	1053.6116562499997
644.9689665728008	1043.303546875
645.3143589636749	1059.4825
645.6597034299672	1044.87365625
646.00499996352	1042.0065
646.3502485561759	1053.543390625
646.6954491997778	1045.351515625
647.040601886168	1058.595046875
647.385706607189	1048.9013281250004
647.7307633546837	1051.0175624999997
648.0757721204944	1048.96959375
648.4207328964637	1046.989890625
648.7656456744345	1049.7205156249997
649.1105104462491	1049.7205156249997
649.4553272037499	1041.392109375
649.8000959387799	1050.4714374999999
650.1448166431815	1051.9050156250003
650.4894893087971	1058.39025
650.8341139274694	1050.0618437500002
651.1786904910413	1050.403171875
651.5232189913548	1052.2463437500003
651.867699420253	1046.989890625
652.2121317695781	1047.1946874999999
652.5565160311729	1048.082140625
652.9008521968799	1049.5839843750002
653.2451402585418	1042.757421875
653.589380208001	1054.089515625
653.9335720371001	1046.3755000000003
654.2777157376819	1048.2186718750004
654.6218113015888	1044.60059375
654.9658587206632	1052.382875
655.3098579867482	1051.7002187500002
655.6538090916857	1056.7518750000002
655.9977120273187	1053.4068593750003
656.34156678549	1050.266640625
656.6853733580418	1060.57475
657.0291317368166	1056.000953125
657.3728419136573	1045.488046875
657.7165038804063	1047.3994843750002
658.0601176289063	1047.262953125
658.4036831509995	1047.2629531250002
658.7472004385293	1035.7260625
659.0906694833374	1046.0341718750003
659.4340902772667	1053.2020624999998
659.77746281216	1050.4714375000003
660.1207870798596	1052.8607343749998
660.4640630722082	1045.488046875
660.8072907810484	1069.5858125
661.1504701982227	1048.218671875
661.4936013155738	1042.4160937500003
661.8366841249441	1051.0175625000002
662.1797186181763	1049.7205156249997
662.5227047871128	1052.451140625
662.8656426235966	1046.5802968750002
663.2085321194701	1054.567375
663.5513732665754	1052.5876718749998
663.8941660567558	1039.8219999999997
664.2369104818536	1047.1946874999999
664.5796065337111	1049.4474531250003
664.9222542041712	1044.122734375
665.2648534850765	1052.3828749999998
665.6074043682694	1050.130109375
665.9499068455925	1053.7481874999999
666.2923609088887	1057.0249374999999
666.63476655	1042.4160937499998
666.9771237607694	1050.5397031250002
667.3194325330395	1053.475125
667.6616928586526	1049.993578125
668.0039047294514	1047.7408124999997
668.3460681372787	1049.993578125
668.6881830739768	1050.1301093749998
669.0302495313884	1051.0175625000002
669.3722675013561	1052.1098125
669.7142369757223	1053.6116562499997
670.0561579463299	1048.4917343749999
670.3980304050212	1059.414234375
670.7398543436391	1047.6725468749996
671.0816297540256	1044.4640624999997
671.4233566280238	1047.5360156250001
671.7650349574764	1053.3385937500002
672.1066647342252	1044.8736562500003
672.4482459501136	1044.6688593750002
672.7897785969838	1055.52309375
673.1312626666784	1049.1743906250001
673.4726981510399	1065.2168124999998
673.8140850419113	1048.9695937499998
674.1554233311347	1049.1061250000002
674.4967130105528	1038.251890625
674.8379540720083	1058.8681093750004
675.1791465073437	1051.15409375
675.5202903084016	1045.14671875
675.8613854670248	1051.5636874999996
676.2024319750553	1049.5839843749995
676.5434298243362	1038.59321875
676.88437900671	1050.4031718749998
677.2252795140191	1044.60059375
677.5661313381062	1043.0987499999999
677.9069344708139	1048.628265625
678.2476889039847	1052.2463437499998
678.5883946294612	1057.0249375
678.9290516390861	1043.5083437500002
679.2696599247018	1037.091375
679.6102194781508	1053.7481875
679.9507302912762	1060.16515625
680.29119235592	1049.857046875
680.631605663925	1049.447453125
680.9719702071338	1049.5839843750002
681.312285977389	1051.290625
681.6525529665331	1049.8570468750002
681.9927711664087	1054.9769687500002
682.3329405688585	1041.32384375
682.6730611657248	1047.60428125
683.0131329488505	1051.085828125
683.353155910078	1042.68915625
683.6931300412499	1048.901328125
684.0330553342089	1045.6245781250002
684.3729317807973	1042.893953125
684.7127593728582	1045.8293750000003
685.0525381022335	1049.6522499999999
685.3922679607663	1042.8256875000002
685.7319489402989	1060.0968906250002
686.0715810326739	1052.4511406249997
686.4111642297341	1054.7039062500003
686.750698523322	1049.6522500000003
687.0901839052799	1061.120875
687.4296203674508	1049.583984375
687.7690079016771	1064.397625
688.1083464998012	1052.178078125
688.4476361536658	1054.226046875
688.7868768551137	1051.3588906249997
689.1260685959872	1050.1983749999997
689.465211368129	1035.7943281250004
689.8043051633817	1058.1171875
690.1433499735879	1049.7887812499998
690.48234579059	1057.3662656249996
690.8212926062307	1038.8662812500002
691.1601904123526	1039.480671875
691.4990392007982	1047.1946875
691.8378389634104	1042.074765625
692.1765896920311	1037.7057656250004
692.5152913785035	1037.7740312499998
692.8539440146701	1050.3349062500001
693.1925475923734	1038.7297499999997
693.5311021034557	1045.0101875000005
693.86960753976	1039.68546875
694.2080638931286	1054.362578125
694.5464711554041	1038.7297500000004
694.8848293184293	1052.4511406249999
695.2231383740468	1048.082140625
695.5613983140987	1044.05446875
695.899609130428	1038.798015625
696.2377708148773	1042.2795625
696.5758833592889	1039.6854687500002
696.9139467555057	1049.9253125
697.25196099537	1058.321984375
697.5899260707245	1057.5710625
697.9278419734118	1048.901328125
698.2657086952745	1049.5157187500001
698.603526228155	1046.7168281250001
698.9412945638961	1043.713140625
699.2790136943405	1053.270328125
699.6166836113304	1043.1670156249997
699.9543043067085	1060.5064843750001
700.2918757723176	1051.83675
700.629398	1050.8127656250003
700.9668709815984	1045.761109375
701.3042947089555	1043.5083437500002
701.6416691739137	1042.552625
701.9789943683154	1051.97328125
702.3162702840036	1043.4400781250001
702.6534969128209	1050.8810312499998
702.9906742466095	1053.5433906249998
703.3278022772121	1040.709453125
703.6648809964715	1048.8330625
704.00191039623	1038.3884218750004
704.3388904683302	1038.183625
704.6758212046151	1064.9437499999997
705.0127025969267	1053.2020625
705.3495346371078	1041.3238437500002
705.6863173170012	1043.986203125
706.0230506284493	1042.14303125
706.3597345632945	1043.849671875
706.6963691133798	1055.1134999999997
707.0329542705473	1057.7758593750002
707.3694900266399	1050.0618437500002
707.7059763735002	1047.1946875
708.0424133029707	1052.0415468750002
708.3788008068938	1041.0507812500002
708.7151388771123	1045.4880468750002
709.0514275054688	1054.567375
709.3876666838056	1045.4197812500001
709.7238564039657	1046.1707031250003
710.0599966577913	1051.2906250000003
710.3960874371253	1038.8662812500002
710.73212873381	1044.737125
711.0681205396882	1060.43821875
711.4040628466022	1083.1024062500003
711.7399556463948	1054.7721718750001
712.0757989309087	1024.7352968750004
712.4115926919862	1041.9382343749999
712.7473369214699	1038.661484375
713.0830316112028	1054.635640625
713.418676753027	1040.23159375
713.7542723387851	1044.5323281249998
714.08981836032	1047.7408125
714.425314809474	1045.69284375
714.7607616780898	1041.1190468749999
715.09615895801	1044.805390625
715.4315066410772	1039.9585312499999
715.7668047191336	1043.9179374999997
716.1020531840225	1042.4843593749997
716.4372520275859	1052.0415468750002
716.7724012416666	1045.351515625
717.107500818107	1037.5009687499999
717.44255074875	1052.178078125
717.777551025438	1050.1983750000002
718.1125016400134	1040.2998593749999
718.4474025843191	1044.122734375
718.7822538501974	1044.60059375
719.1170554294912	1044.259265625
719.4518073140429	1051.905015625
719.7865094956949	1036.750046875
720.1211619662901	1044.7371249999999
720.4557647176711	1045.6928437499996
720.7903177416799	1056.8884062500003
721.1248210301598	1041.801703125
721.459274574953	1034.4290156250001
721.7936783679021	1051.42715625
722.1280324008497	1043.576609375
722.4623366656388	1039.95853125
722.7965911541114	1048.8330625
723.13079585811	1036.5452500000001
723.4649507694777	1048.3552031249997
723.7990558800569	1048.8330624999999
724.13311118169	1049.3109218749998
724.4671166662197	1057.0932031250002
724.8010723254887	1048.013875
725.1349781513393	1042.68915625
725.4688341356142	1049.857046875
725.8026402701563	1048.7647968750002
726.1363965468076	1049.037859375
726.4701029574111	1051.15409375
726.8037594938094	1032.9954375
727.1373661478447	1038.7297500000006
727.4709229113599	1054.97696875
727.8044297761977	1051.905015625
728.1378867342002	1046.9216250000002
728.4712937772103	1041.801703125
728.8046508970707	1037.5692343749997
729.1379580856236	1045.1467187500002
729.4712153347119	1045.0101874999996
729.8044226361783	1044.0544687499998
730.137579981865	1054.6356406250002
730.4706873636146	1055.1817656250003
730.80374477327	1058.5267812499999
731.1367522026735	1049.8570468750004
731.4697096436678	1053.816453125
731.8026170880954	1055.5913593750001
732.1354745277993	1049.857046875
732.4682819546213	1044.805390625
732.8010393604045	1054.567375
733.1337467369915	1047.1264218749998
733.4664040762245	1047.60428125
733.7990113699465	1046.7850937499998
734.1315686099999	1044.2592656250001
734.4640757882273	1047.8773437500004
734.7965328964714	1042.8939531249998
735.1289399265746	1051.358890625
735.4612968703796	1043.0987499999997
735.7936037197286	1039.1393437499999
736.1258604664649	1053.679921875
736.4580671024305	1022.823859375
736.7902236194681	1056.683609375
737.1223300094205	1041.0507812499995
737.45438626413	1043.303546875
737.7863923754393	1041.1873124999997
738.118348335191	1046.3072343750002
738.4502541352277	1038.04709375
738.7821097673918	1036.2039218750003
739.1139152235262	1053.61165625
739.4456704954733	1040.436390625
739.7773755750756	1031.7666562500003
740.1090304541757	1042.6891562499998
740.4406351246164	1037.0913750000002
740.7721895782399	1044.8736562499998
741.1036938068892	1045.96590625
741.4351478024066	1044.8053906249995
741.7665515566348	1049.5839843750002
742.0979050614163	1040.0950625
742.4292083085937	1053.133796875
742.7604612900096	1041.392109375
743.0916639975067	1046.580296875
743.4228164229273	1046.23896875
743.7539185581142	1051.7684843749996
744.0849703949099	1038.934546875
744.4159719251571	1039.5489375
744.7469231406983	1044.60059375
745.0778240333758	1044.2592656250001
745.4086745950326	1035.0434062499999
745.7394748175113	1047.0581562499997
746.0702246926539	1043.9179374999999
746.4009242123037	1048.6965312500004
746.731573368303	1047.6042812499998
747.0621721524942	1042.0747656249998
747.39272055672	1044.259265625
747.723218572823	1047.809078125
748.0536661926458	1041.801703125
748.384063408031	1036.95484375
748.7144102108211	1044.122734375
749.0447065928587	1035.8625937499999
749.3749525459865	1058.185453125
749.7051480620469	1048.6965312500001
750.0352931328825	1041.938234375
750.365387750336	1056.1374843750002
750.6954319062501	1043.3718124999996
751.025425592467	1054.15778125
751.3553688008293	1040.77771875
751.6852615231801	1041.0507812499998
752.0151037513616	1043.8496718750002
752.3448954772161	1033.746359375
752.6746366925869	1044.6688593750002
753.004327389316	1044.122734375
753.333967559246	1042.8939531250003
753.66355719422	1045.96590625
753.99309628608	1042.4843593750002
754.3225848266688	1059.1411718749998
754.652022807829	1044.3957968750003
754.9814102214033	1051.7002187500002
755.3107470592339	1043.0304843749998
755.6400333131637	1063.5784375000003
755.9692689750353	1043.5766093749999
756.298454036691	1061.80353125
756.6275884899737	1054.8404374999998
756.9566723267259	1058.6633125000003
757.28570553879	1039.071078125
757.6146881180086	1056.4788125000002
757.9436200562246	1056.410546875
758.2725013452803	1044.668859375
758.6013319770183	1065.8994687500003
758.9301119432813	1042.8939531249998
759.2588412359117	1048.2869374999996
759.5875198467521	1046.9216250000004
759.9161477676453	1046.51203125
760.2447249904338	1048.4917343749999
760.5732515069599	1057.70759375
760.9017273090666	1049.3791875000002
761.2301523885964	1056.2740156250002
761.5585267373914	1044.805390625
761.8868503472946	1051.7684843750003
762.2151232101487	1045.5563125000003
762.5433453177961	1050.2666406249998
762.8715166620792	1048.0821406250002
763.1996372348409	1045.14671875
763.5277070279236	1043.849671875
763.85572603317	1047.4677500000003
764.1836942424226	1041.5286406250004
764.5116116475239	1047.536015625
764.8394782403163	1041.6651718750002
765.1672940126431	1046.1024375000002
765.4950589563462	1049.174390625
765.8227730632684	1039.890265625
766.1504363252524	1040.2998593749999
766.4780487341407	1053.406859375
766.8056102817754	1056.2740156249997
767.13312096	1051.83675
767.4605807606565	1047.945609375
767.7879896755875	1060.8478125000001
768.1153476966355	1041.392109375
768.4426548156436	1040.572921875
768.7699110244537	1043.9862031249997
769.0971163149088	1057.229734375
769.4242706788516	1051.5636875
769.7513741081242	1036.886578125
770.0784265945695	1043.9179375
770.40542813003	1050.8127656249997
770.7323787063482	1052.8607343750002
771.059278315367	1040.5046562500002
771.3861269489287	1040.3681249999995
771.7129245988758	1048.0821406249997
772.0396712570512	1032.3810468750003
772.3663669152974	1054.5673749999996
772.6930115654565	1054.089515625
773.0196051993717	1040.709453125
773.3461478088853	1053.270328125
773.6726393858401	1040.77771875
773.9990799220781	1044.668859375
774.3254694094426	1058.1171874999998
774.6518078397759	1047.3312187499998
774.9780952049204	1049.106125
775.3043314967188	1037.7057656250001
775.6305167070137	1044.805390625
775.9566508276476	1052.1780781250002
776.2827338504633	1042.4843593750004
776.6087657673032	1046.2389687500004
776.93474657001	1056.8884062499997
777.2606762504261	1047.60428125
777.5865548003943	1053.5433906249998
777.9123822117568	1038.3884218750002
778.2381584763566	1051.905015625
778.5638835860362	1041.5286406250007
778.889557532638	1034.4972812499996
779.2151803080047	1040.2998593749999
779.540751903979	1044.5323281249998
779.8662723124031	1046.8533593749999
780.1917415251199	1048.1504062499998
780.5171595339721	1044.6005937500001
780.8425263308019	1042.074765625
781.1678419074518	1045.0101874999998
781.493106255765	1046.51203125
781.8183193675837	1046.3072343750002
782.1434812347505	1056.6153437500002
782.4685918491078	1055.2500312500001
782.7936512024986	1038.7980156249998
783.118659286765	1057.5710624999997
783.4436160937499	1044.3275312499998
783.768521615296	1053.952984375
784.0933758432454	1054.2260468749996
784.418178769441	1047.8090781250003
784.7429303857256	1050.9492968750003
785.0676306839412	1047.126421875
785.3922796559308	1039.071078125
785.716877293537	1044.6005937500004
786.0414235886021	1058.7998437499998
786.3659185329689	1037.2279062499997
786.69036211848	1046.3755
787.0147543369778	1043.303546875
787.339095180305	1044.87365625
787.6633846403042	1043.576609375
787.987622708818	1054.0212499999998
788.3118093776886	1048.4917343749999
788.6359446387593	1052.451140625
788.9600284838722	1050.8127656249999
789.2840609048698	1052.6559375
789.6080418935949	1045.41978125
789.93197144189	1056.2740156249997
790.2558495415977	1048.8330625000003
790.5796761845605	1042.2795625
790.9034513626214	1050.06184375
791.2271750676223	1045.5563125
791.5508472914062	1051.15409375
791.8744680258158	1047.7408125000002
792.1980372626931	1045.0101874999998
792.5215549938813	1045.7611093749997
792.8450212112227	1045.96590625
793.16843590656	1039.6172031249998
793.4917990717355	1046.5802968750002
793.8151106985922	1053.6116562500001
794.1383707789723	1054.7721718749997
794.4615793047186	1041.392109375
794.7847362676737	1041.9382343749999
795.1078416596802	1043.1670156249997
795.4308954725801	1037.3644375000001
795.7538976982169	1044.3275312499998
796.0768483284327	1051.5636874999998
796.3997473550701	1052.724203125
796.7225947699715	1043.8496718749998
797.0453905649798	1046.580296875
797.3681347319375	1055.318296875
797.690827262687	1049.24265625
798.0134681490712	1054.9769687499997
798.3360573829325	1041.1873125
798.6585949561133	1042.074765625
798.9810808604566	1050.6762343750001
799.3035150878045	1055.25003125
799.6258976299999	1046.989890625
799.9482284788854	1053.8847187500003
800.2705076263034	1054.5673749999999
800.5927350640966	1046.034171875
800.9149107841075	1044.737125
801.2370347781787	1040.845984375
801.5591070381528	1059.1411718749998
801.8811275558725	1050.4714374999999
802.2030963231803	1046.3072343749998
802.5250133319183	1039.8902656249998
802.84687857393	1042.8256875000002
803.1686920410574	1044.737125
803.4904537251431	1051.7002187499997
803.8121636180297	1048.0821406250002
804.13382171156	1039.5489375000002
804.4554279975763	1057.1614687500003
804.7769824679212	1052.7242031250003
805.0984851144376	1052.9289999999996
805.4199359289677	1032.31278125
805.7413349033543	1039.617203125
806.06268202944	1051.4954218749997
806.3839772990672	1044.9419218750002
806.7052207040786	1059.4824999999998
807.0264122363169	1040.5729218750002
807.3475518876243	1043.7131406250003
807.6686396498436	1056.2057499999999
807.9896755148177	1036.6817812499999
808.3106594743887	1032.7906406250004
808.6315915203992	1051.2906249999999
808.9524716446922	1045.897640625
809.2732998391101	1058.458515625
809.594076095495	1045.6928437499996
809.9148004056901	1042.2795624999999
810.235472761538	1059.550765625
810.5560931548807	1052.0415468750002
810.8766615775612	1049.857046875
811.1971780214221	1047.536015625
811.5176424783058	1045.078453125
811.8380549400548	1040.0950625
812.1584153985121	1038.524953125
812.4787238455199	1052.6559374999997
812.7989802729209	1048.2186718749997
813.1191846725578	1039.6854687500002
813.4393370362732	1056.1374843750004
813.759437355909	1054.8404375
814.0794856233088	1054.567375
814.3994818303146	1050.60796875
814.7194259687689	1037.5009687499999
815.0393180305146	1046.921625
815.3591580073941	1052.724203125
815.6789458912499	1040.1633281250001
815.9986816739249	1048.42346875
816.3183653472614	1044.3957968750003
816.637996903102	1055.25003125
816.9575763332895	1047.126421875
817.2771036296664	1039.2758750000005
817.5965787840748	1041.1190468749996
817.9160017883579	1047.05815625
818.2353726343582	1042.1430312500001
818.5546913139178	1045.6245781250002
818.87395781888	1047.1946874999999
819.1931721410868	1044.3275312499995
819.5123342723809	1057.4345312499997
819.8314442046052	1039.3441406250001
820.1505019296019	1038.251890625
820.4695074392138	1039.0710781249995
820.7884607252832	1047.4677500000003
821.107361779653	1045.2149843749999
821.4262105941658	1048.3552031249997
821.7450071606638	1054.2943125000002
822.0637514709899	1049.857046875
822.3824435169868	1030.4013437500003
822.7010832904965	1035.657796875
823.0196707833622	1044.191
823.3382059874264	1049.78878125
823.6566888945312	1063.510171875
823.9751194965196	1045.8976406250006
824.2934977852343	1042.6208906250001
824.6118237525172	1048.7647968750002
824.9300973902117	1033.4050312499999
825.24831869016	1034.1559531250005
825.5664876442045	1054.43084375
825.8846042441882	1038.8662812500002
826.2026684819534	1045.8976406250003
826.5206803493426	1053.61165625
826.8386398381987	1036.203921875
827.156546940364	1049.24265625
827.4744016476814	1039.071078125
827.7922039519929	1049.310921875
828.1099538451416	1049.9253125000002
828.42765131897	1046.51203125
828.7452963653204	1059.2094375
829.0628889760359	1053.06553125
829.3804291429586	1053.4068593749998
829.697916857931	1052.3146093750004
830.0153521127962	1040.368125
830.3327348993965	1048.491734375
830.6500652095742	1045.28325
830.9673430351726	1048.6965312500004
831.2845683680337	1054.6356406250002
831.6017411999999	1039.41240625
831.9188615229143	1058.0489218749997
832.2359293286195	1040.6411875
832.5529446089574	1048.2186718749997
832.8699073557715	1046.170703125
833.1868175609037	1046.1707031250003
833.5036752161967	1056.7518749999997
833.8204803134935	1044.941921875
834.1372328446362	1045.7611093750004
834.4539328014675	1055.1135
834.7705801758299	1047.7408125
835.0871749595664	1042.4843593750002
835.4037171445192	1048.0821406250002
835.7202067225306	1048.1504062500003
836.0366436854439	1050.949296875
836.3530280251014	1051.7684843750003
836.6693597333452	1053.270328125
836.9856388020186	1040.8459843750002
837.3018652229639	1048.2869374999998
837.6180389880233	1042.8256875000002
837.9341600890399	1049.174390625
838.2502285178563	1045.488046875
838.5662442663146	1050.06184375
838.8822073262578	1042.0064999999997
839.1981176895283	1051.42715625
839.5139753479687	1042.41609375
839.8297802934217	1046.853359375
840.1455325177297	1057.7075937500001
840.4612320127352	1054.43084375
840.7768787702812	1047.945609375
841.0924727822099	1050.4714374999999
841.4080140403643	1056.4788125
841.7235025365862	1049.3791875000004
842.038938262719	1053.06553125
842.3543212106048	1047.945609375
842.6696513720862	1037.432703125
842.9849287390061	1034.9751406250002
843.3001533032069	1050.60796875
843.6153250565309	1040.50465625
843.9304439908211	1058.458515625
844.24551009792	1048.628265625
844.5605233696699	1048.628265625
844.8754837979137	1046.580296875
845.190391374494	1058.048921875
845.5052460912531	1042.7574218749996
845.8200479400336	1040.0267968750002
846.1347969126784	1052.7242031249998
846.4494930010297	1031.22053125
846.7641361969305	1051.495421875
847.0787264922232	1050.1301093749998
847.3932638787498	1043.2352812500003
847.7077483483539	1048.013875
848.0221798928775	1043.4400781250004
848.3365585041632	1039.0028125000001
848.6508841740534	1031.084
848.9651568943913	1039.4124062499998
849.2793766570189	1056.000953125
849.5935434537789	1039.2758750000003
849.9076572765141	1047.1946874999999
850.221718117067	1050.8810312500002
850.5357259672799	1043.9179375000003
850.8496808189958	1057.844125
851.1635826640571	1041.8699687500002
851.4774314943061	1048.9695937499998
851.7912273015859	1038.04709375
852.1049700777388	1045.8293749999998
852.4186598146072	1042.7574218749999
852.732296504034	1054.7039062499998
853.0458801378618	1053.7481875
853.3594107079327	1051.5636875000002
853.67288820609	1053.2703281249999
853.9863126241758	1042.8256875000002
854.2996839540325	1051.9050156249998
854.6130021875033	1049.7205156249997
854.9262673164303	1045.351515625
855.2394793326564	1050.4714375000003
855.5526382280236	1051.6319531249999
855.8657439943752	1048.4917343750003
856.1787966235535	1051.83675
856.4917961074007	1049.447453125
856.80474243776	1032.107984375
857.1176356064736	1055.454828125
857.4304756053841	1066.8551874999998
857.7432624263345	1052.0415468749995
858.0559960611668	1044.8053906250002
858.3686765017236	1055.591359375
858.681303739848	1048.901328125
858.9938777673823	1052.1780781250002
859.3063985761688	1050.9492968750003
859.6188661580505	1036.6135156249998
859.93128050487	1051.0175624999997
860.2436416084694	1043.167015625
860.5559494606917	1041.2555781250003
860.8682040533795	1040.0950625
861.1804053783749	1043.303546875
861.4925534275212	1049.5157187499997
861.8046481926605	1047.8090781249998
862.1166896656355	1042.620890625
862.4286778382884	1044.7371249999997
862.7406127024626	1044.87365625
863.0524942500001	1051.2223593749998
863.3643224727433	1039.4124062500002
863.6760973625354	1037.3644374999997
863.9878189112187	1045.8293749999996
864.2994871106355	1038.7980156250003
864.6111019526287	1059.4142343750002
864.9226634290409	1051.085828125
865.2341715317144	1049.7887812500003
865.5456262524921	1051.4271562499998
865.8570275832164	1052.041546875
866.1683755157298	1042.757421875
866.4796700418752	1050.9492968749998
866.7909111534951	1055.5913593750006
867.1020988424316	1043.50834375
867.4132331005279	1039.6172031249998
867.7243139196262	1060.6430156250003
868.0353412915691	1050.33490625
868.3463152081995	1046.7850937500002
868.6572356613597	1040.5729218749998
868.9681026428924	1050.06184375
869.2789161446399	1046.6485625
869.5896761584452	1056.2740156249997
869.9003826761507	1068.1522343749998
870.2110356895988	1053.8164531249997
870.5216351906323	1046.5802968750002
870.8321811710938	1041.5969062499998
871.1426736228256	1032.9271718749999
871.4531125376707	1049.5157187500001
871.7634979074714	1043.5083437500002
872.0738297240702	1050.8127656249997
872.38410797931	1045.4197812500001
872.6943326650331	1043.2352812500003
873.0045037730821	1046.034171875
873.3146212952998	1051.3588906250002
873.6246852235287	1048.082140625
873.9346955496112	1052.5194062499997
874.24465226539	1052.3146093749997
874.5545553627078	1037.1596406249998
874.8644048334069	1048.9695937499998
875.17420066933	1050.88103125
875.48394286232	1041.3238437500002
875.793631404219	1042.9622187500001
876.1032662868698	1045.2149843749999
876.4128475021149	1053.6116562500006
876.7223750417972	1041.32384375
877.0318488977587	1038.6614843750003
877.3412690618425	1051.83675
877.650635525891	1034.975140625
877.9599482817465	1035.453
878.269207321252	1039.344140625
878.57841263625	1037.6375
878.8875642185828	1056.751875
879.1966620600934	1050.7445000000002
879.5057061526242	1054.499109375
879.8146964880174	1049.6522499999996
880.1236330581162	1046.7168281250001
880.4325158547629	1052.0415468750002
880.7413448697998	1043.0304843750002
881.05012009507	1051.495421875
881.358841522416	1050.6762343750001
881.6675091436798	1041.5286406250002
881.9761229507047	1029.9234843750003
882.2846829353331	1048.013875
882.5931890894074	1045.4880468749998
882.9016414047699	1040.4363906249996
883.2100398732638	1029.445625
883.5183844867314	1054.9769687499997
883.826675237015	1051.6319531249997
884.1349121159577	1039.617203125
884.4430951154019	1038.5249531250001
884.7512242271898	1042.757421875
885.0592994431647	1053.6116562499997
885.3673207551687	1049.447453125
885.6752881550442	1045.8293750000003
885.9832016346343	1045.078453125
886.2910611857814	1042.620890625
886.5988668003275	1049.447453125
886.9066184701161	1051.70021875
887.2143161869893	1044.191
887.5219599427896	1038.3884218749997
887.82954972936	1047.46775
888.1370855385427	1045.14671875
888.4445673621801	1044.60059375
888.7519951921154	1038.3201562500003
889.0593690201907	1029.6504218750001
889.3666888382488	1051.5636875
889.673954638132	1052.6559374999997
889.9811664116833	1051.905015625
890.288324150745	1046.1707031250003
890.5954278471595	1050.8810312500002
890.90247749277	1050.5397031250002
891.2094730794186	1044.8053906250002
891.5164145989478	1038.1836250000003
891.8233020432004	1039.207609375
892.1301354040191	1035.5895312499997
892.4369146732461	1048.3552031250003
892.7436398427244	1030.2648125
893.0503109042965	1046.7850937499995
893.3569278498044	1047.6725468750005
893.6634906710915	1047.126421875
893.96999936	1041.5969062499998
894.2764539083722	1048.2869375000002
894.5828543080514	1046.580296875
894.8892005508795	1052.3146093750001
895.1954926286993	1040.0267968750002
895.5017305333536	1044.3275312500002
895.8079142566849	1051.085828125
896.1140437905356	1045.5563124999999
896.4201191267481	1045.9659062499998
896.7261402571654	1044.7371249999999
897.03210717363	1057.16146875
897.3380198679843	1048.6965312500001
897.643878332071	1052.2463437499998
897.9496825577328	1055.7961562500002
898.2554325368118	1049.106125
898.5611282611512	1030.196546875
898.8667697225933	1034.0194218749998
899.1723569129805	1049.6522499999996
899.4778898241558	1055.454828125
899.7833684479614	1052.3146093749997
900.0887927762399	1046.307234375
900.3941628008342	1049.24265625
900.6994785135867	1053.0655312499998
901.0047399063398	1049.583984375
901.3099469709363	1058.1171875
901.6150996992188	1044.3275312500002
901.9201980830295	1042.620890625
902.2252421142116	1049.0378593750002
902.5302317846073	1051.2906249999999
902.8351670860594	1050.33490625
903.1400480104098	1044.9419218750002
903.4448745495021	1053.2020625
903.7496466951783	1055.1135
904.0543644392808	1041.9382343749999
904.3590277736527	1044.668859375
904.6636366901363	1046.3072343749998
904.968191180574	1041.1873125
905.2726912368087	1047.05815625
905.5771368506829	1055.0452343749998
905.8815280140391	1049.1061249999998
906.18586471872	1052.79246875
906.490146956568	1055.5913593750001
906.7943747194257	1045.5563125
907.0985479991359	1044.6688593749998
907.4026667875411	1048.1504062499998
907.7067310764836	1041.255578125
908.0107408578065	1047.6042812500004
908.3146961233518	1039.890265625
908.6185968649625	1034.22421875
908.9224430744811	1054.02125
909.2262347437501	1042.96221875
909.529971864612	1049.78878125
909.8336544289094	1054.2260468749996
910.137282428485	1041.7334375000003
910.4408558551816	1049.5157187500001
910.7443747008411	1049.1061249999998
911.0478389573069	1050.88103125
911.351248616421	1040.5729218749998
911.6546036700261	1053.475125
911.9579041099649	1037.50096875
912.26114992808	1044.3957968749999
912.5643411162137	1055.659625
912.867477666209	1046.034171875
913.1705595699083	1043.713140625
913.4735868191539	1045.8293749999998
913.7765594057887	1044.5323281249998
914.0794773216553	1051.7002187500002
914.382340558596	1053.816453125
914.6851491084537	1045.0101875
914.9879029630708	1048.56
915.2906021142899	1047.536015625
915.5932465539537	1040.299859375
915.8958362739046	1035.521265625
916.1983712659853	1057.9123906249997
916.5008515220383	1051.97328125
916.8032770339062	1047.7408125000002
917.1056477934318	1042.074765625
917.407963792457	1044.4640625000004
917.7102250228253	1042.347828125
918.0124314763789	1037.3644375
918.3145831449599	1051.9050156250005
918.6166800204115	1047.6725468749996
918.9187220945763	1054.0212499999998
919.2207093592963	1043.0304843749998
919.5226418064146	1053.8164531250004
919.8245194277738	1051.9050156249998
920.1263422152159	1052.6559375000002
920.4281101605843	1033.1319687499997
920.7298232557209	1044.4640624999997
921.0314814924685	1040.026796875
921.3330848626699	1044.60059375
921.6346333581675	1047.87734375
921.9361269708037	1045.5563125
922.2375656924214	1046.853359375
922.538949514863	1034.6338124999997
922.8402784299712	1053.9529843750001
923.1415524295884	1043.7814062499997
923.4427715055573	1046.921625
923.7439356497206	1045.351515625
924.0450448539206	1043.303546875
924.34609911	1046.23896875
924.6470984098015	1061.120875
924.9480427451673	1043.030484375
925.2489321079405	1044.9419218750002
925.5497664899635	1048.628265625
925.8505458830786	1037.8422968749999
926.1512702791289	1046.853359375
926.4519396699565	1051.42715625
926.752554047404	1054.9769687499997
927.0531134033143	1042.757421875
927.35361772953	1048.1504062499998
927.6540670178932	1038.86628125
927.9544612602471	1039.2076093749997
928.2548004484337	1050.1983749999997
928.5550845742961	1047.809078125
928.8553136296762	1038.5932187499998
929.1554876064173	1040.5729218750002
929.4556064963617	1049.447453125
929.7556702913517	1050.0618437499995
930.0556789832303	1046.921625
930.35563256384	1042.2112968749998
930.6555310250232	1045.96590625
930.9553743586226	1044.3275312500002
931.2551625564809	1056.751875
931.5548956104402	1038.4566875
931.8545735123437	1040.91425
932.1541962540336	1044.3957968749996
932.4537638273525	1052.51940625
932.7532762241433	1045.2832500000002
933.0527334362483	1049.5839843749998
933.3521354555098	1049.9253125
933.6514822737711	1057.5710625000002
933.9507738828743	1049.5839843750002
934.2500102746618	1052.8607343749995
934.5491914409766	1051.085828125
934.8483173736612	1047.3994843750002
935.1473880645581	1042.9622187500001
935.4464035055097	1049.1061249999996
935.745363688359	1042.5526250000003
936.0442686049482	1054.908703125
936.3431182471198	1051.97328125
936.641912606717	1040.4363906250003
936.9406516755819	1061.5987343749998
937.239335445557	1052.724203125
937.537963908485	1048.764796875
937.8365370562088	1041.86996875
938.1350548805704	1049.310921875
938.4335173734129	1040.368125
938.7319245265786	1053.270328125
939.0302763319099	1041.8699687499998
939.3285727812499	1052.3828749999998
939.626813866441	1047.4677500000003
939.9249995793253	1039.3441406250001
940.223129911746	1046.9216250000002
940.5212048555455	1046.716828125
940.8192244025662	1048.082140625
941.1171885446508	1055.1135
941.415097273642	1054.0212500000002
941.7129505813822	1065.8994687500006
942.0107484597139	1037.0231093750003
942.30849090048	1034.155953125
942.6061778955228	1043.0987500000003
942.9038094366849	1030.1282812499999
943.2013855158092	1050.266640625
943.4989061247379	1048.901328125
943.7963712553136	1046.3754999999996
944.0937808993792	1029.6504218750001
944.3911350487772	1036.613515625
944.6884336953495	1037.50096875
944.9856768309398	1050.3349062500001
945.28286444739	1043.576609375
945.5799965365427	1040.1633281250001
945.8770730902406	1050.7444999999998
946.1740941003263	1043.78140625
946.4710595586421	1048.901328125
946.7679694570312	1048.4234687499998
947.0648237873357	1031.561859375
947.3616225413981	1043.6448750000002
947.6583657110614	1049.037859375
947.9550532881678	1045.28325
948.25168526456	1035.521265625
948.5482616320805	1052.3146093750004
948.8447823825722	1044.05446875
949.1412475078774	1048.4917343750005
949.4376569998386	1050.60796875
949.7340108502987	1048.4234687500004
950.0303090511001	1037.7740312499998
950.3265515940852	1041.6651718750002
950.6227384710969	1041.9382343749999
950.9188696739777	1039.275875
951.2149451945699	1045.4880468750002
951.5109650247166	1046.3754999999996
951.8069291562598	1043.9179375
952.1028375810424	1043.644875
952.3986902909071	1049.583984375
952.6944872776962	1040.299859375
952.9902285332523	1045.0101875
953.2859140494182	1048.8330625000003
953.5815438180365	1053.7481874999999
953.8771178309494	1059.9603593750003
954.1726360799998	1042.1430312500001
954.4680985570304	1045.8293749999998
954.7635052538835	1040.026796875
955.0588561624015	1035.657796875
955.3541512744275	1034.975140625
955.6493905818038	1032.0397187500002
955.9445740763729	1043.0304843750002
956.2397017499775	1051.7002187499997
956.5347735944603	1047.1946874999999
956.8297896016634	1054.0895156249999
957.1247497634299	1061.120875
957.4196540716023	1051.768484375
957.7145025180229	1043.576609375
958.0092950945348	1042.14303125
958.3040317929799	1054.567375
958.5987126052012	1043.3718125
958.8933375230413	1043.030484375
959.1879065383425	1035.2482031250001
959.4824196429477	1048.4234687499998
959.7768768286993	1032.790640625
960.07127808744	1049.993578125
960.3656234110122	1050.8810312500002
960.6599127912586	1044.4640625
960.9541462200218	1046.2389687499997
961.2483236891444	1046.3754999999999
961.5424451904687	1045.7611093749997
961.8365107158377	1041.665171875
962.1305202570937	1046.1024375
962.4244738060793	1042.484359375
962.7183713546373	1045.8293750000003
963.01221289461	1050.4714374999999
963.3059984178401	1038.1153593749998
963.5997279161703	1044.737125
963.893401381443	1053.8164531250004
964.1870188055007	1056.2057500000003
964.4805801801863	1049.0378593750004
964.7740854973422	1044.2592656250001
965.0675347488107	1048.6965312500001
965.3609279264349	1052.9290000000003
965.6542650220572	1043.713140625
965.9475460275199	1049.106125
966.240770934666	1047.945609375
966.5339397353379	1043.3718125
966.8270524213779	1059.2094375000001
967.120108984629	1046.8533593749999
967.4131094169337	1052.3828750000002
967.7060537101345	1036.1356562499996
967.9989418560739	1048.56
968.2917738465945	1046.78509375
968.5845496735391	1050.812765625
968.8772693287499	1053.133796875
969.16993280407	1054.499109375
969.4625400913416	1042.8256875000002
969.755091182407	1040.1633281250001
970.0475860691095	1054.8404375000002
970.3400247432913	1050.8127656250003
970.6324071967948	1048.901328125
970.924733421463	1041.6651718750004
971.2170034091381	1052.9972656249997
971.5092171516628	1042.0065
971.80137464088	1042.8256875000002
972.0934758686318	1046.0341718749999
972.385520826761	1057.1614687499998
972.6775095071101	1055.9326875
972.9694419015219	1049.174390625
973.2613180018386	1037.2961718750003
973.5531377999032	1039.8902656249998
973.8449012875581	1035.31646875
974.1366084566458	1047.1946874999999
974.4282592990087	1036.40871875
974.71985380649	1045.5563125000003
975.0113919709318	1046.1024375000002
975.3028737841765	1050.539703125
975.5942992380673	1056.9566718750002
975.8856683244463	1047.672546875
976.1769810351561	1046.1707031249998
976.4682373620396	1049.310921875
976.7594372969393	1046.3755
977.0505808316972	1049.24265625
977.3416679581567	1048.491734375
977.6326986681601	1042.8256874999997
977.9236729535495	1041.2555781250003
978.2145908061682	1040.1633281250001
978.5054522178584	1044.1227343750002
978.7962571804626	1051.290625
979.0870056858237	1055.3865625
979.3776977257842	1039.753734375
979.6683332921862	1047.2629531250002
979.9589123768728	1039.5489375
980.2494349716867	1052.6559375000002
980.53990106847	1051.97328125
980.8303106590655	1051.2906249999999
981.1206637353158	1051.5636875000005
981.4109602890635	1044.3275312499995
981.7012003121511	1051.4271562500003
981.9913837964212	1041.59690625
982.2815107337166	1048.0138749999996
982.5715811158793	1043.986203125
982.8615949347526	1046.0341718749999
983.1515521821785	1034.2924843750002
983.4414528499998	1042.2795625
983.7312969300594	1046.3755000000003
984.0210844141994	1049.9253124999998
984.3108152942625	1046.170703125
984.6004895620915	1048.2186718749997
984.8901072095288	1035.86259375
985.1796682284167	1057.1614687499998
985.4691726105984	1050.4714374999999
985.7586203479162	1054.2943124999997
986.0480114322123	1042.757421875
986.33734585533	1043.3718124999998
986.6266236091113	1041.59690625
986.9158446853992	1046.989890625
987.2050090760357	1053.8164531250002
987.4941167728639	1049.1743906250003
987.7831677677262	1041.8699687499998
988.0721620524652	1041.119046875
988.3610996189235	1055.9326875
988.6499804589438	1054.02125
988.9388045643683	1056.7518750000002
989.2275719270399	1057.9123906250002
989.5162825388013	1050.8127656250003
989.8049363914945	1057.093203125
990.0935334769628	1051.4271562499996
990.3820737870484	1043.3718124999998
990.6705573135936	1044.60059375
990.9589840484416	1049.1061249999998
991.2473539834347	1041.8017031249997
991.5356671104153	1052.0415468750002
991.8239234212261	1045.41978125
992.1121229077099	1044.532328125
992.400265561709	1041.3238437499997
992.6883513750662	1035.384734375
992.9763803396239	1040.709453125
993.2643524472247	1042.14303125
993.5522676897112	1052.6559374999997
993.8401260589261	1039.0710781250002
994.1279275467119	1041.2555781249998
994.4156721449109	1046.3072343749998
994.7033598453662	1042.9622187500001
994.99099063992	1046.7850937500002
995.2785645204149	1051.290625
995.5660814786938	1041.938234375
995.853541506599	1051.5636875000002
996.140944595973	1046.23896875
996.4282907386587	1041.5969062500003
996.7155799264985	1052.1098124999996
997.0028121513348	1047.3994843750002
997.2899874050105	1048.013875
997.5771056793681	1040.845984375
997.8641669662499	1045.6245781249995
998.1511712574988	1051.9050156249998
998.4381185449574	1044.4640625
998.725008820468	1052.8607343750002
999.0118420758735	1043.9179374999999
999.2986183030163	1053.7481874999999
999.585337493739	1045.488046875
999.8719996398839	1037.432703125
1000.158604733294	1045.2149843749999
1000.445152765812	1062.1448593749997
1000.7316437292799	1055.6596250000002
1001.0180776155407	1044.941921875
1001.3044544164371	1043.09875
1001.5907741238111	1045.8976406250001
1001.8770367295059	1046.443765625
1002.1632422253638	1044.3957968749996
1002.4493906032271	1046.7850937500002
1002.735481854939	1037.8422968749999
1003.0215159723417	1048.0138750000003
1003.3074929472778	1047.1264218749998
1003.59341277159	1053.2020625
1003.8792754371208	1041.665171875
1004.1650809357126	1040.2315937499998
1004.4508292592081	1051.9050156249996
1004.7365203994503	1049.5839843750002
1005.0221543482811	1037.432703125
1005.3077310975436	1054.97696875
1005.5932506390802	1049.720515625
1005.8787129647335	1034.5655468749999
1006.1641180663456	1049.1061249999998
1006.4494659357599	1043.78140625
1006.7347565648188	1041.119046875
1007.0199899453642	1049.3791875
1007.3051660692394	1052.0415468750002
1007.5902849282868	1051.905015625
1007.8753465143486	1048.355203125
1008.160350819268	1045.4197812500001
1008.4452978348874	1029.923484375
1008.7301875530488	1040.77771875
1009.0150199655957	1055.52309375
1009.2997950643701	1050.266640625
1009.5845128412144	1050.0618437500002
1009.8691732879718	1049.174390625
1010.1537763964845	1054.2943125
1010.4383221585949	1052.7924687500004
1010.7228105661462	1045.4880468750002
1011.0072416109805	1045.0101875
1011.2916152849402	1046.034171875
1011.5759315798686	1051.222359375
1011.8601904876076	1050.1983749999995
1012.144392	1054.7039062500003
1012.4285361088884	1042.2112968750002
1012.7126228061155	1042.2795624999999
1012.9966520835236	1050.8127656250003
1013.2806239329553	1042.484359375
1013.5645383462538	1045.96590625
1013.8483953152609	1054.4991093749998
1014.1321948318193	1049.583984375
1014.4159368877722	1045.5563125
1014.6996214749615	1047.262953125
1014.98324858523	1055.659625
1015.2668182104202	1048.6282656250003
1015.5503303423751	1053.33859375
1015.8337849729367	1046.1024375
1016.1171820939478	1043.9179374999999
1016.4005216972512	1055.454828125
1016.6838037746892	1039.8902656250002
1016.9670283181047	1042.347828125
1017.2501953193398	1057.70759375
1017.5333047702371	1041.392109375
1017.81635666264	1035.86259375
1018.0993509883903	1049.5839843749998
1018.3822877393309	1039.4806718749996
1018.6651669073037	1043.030484375
1018.9479884841523	1055.454828125
1019.2307524617187	1043.4400781249997
1019.5134588318456	1036.203921875
1019.7961075863757	1044.8053906250002
1020.0786987171514	1038.8662812500002
1020.3612322160153	1051.1540937499997
1020.6437080748101	1048.9695937500003
1020.9261262853781	1040.0950624999998
1021.208486839562	1051.3588906250002
1021.4907897292048	1052.5876718749998
1021.7730349461489	1047.7408125
1022.0552224822362	1048.355203125
1022.33735232931	1051.4271562500003
1022.6194244792129	1048.2869375
1022.9014389237868	1037.7740312499998
1023.1833956548752	1047.126421875
1023.46529466432	1045.4880468750002
1023.7471359439638	1042.757421875
1024.0289194856498	1040.6411875
1024.3106452812199	1046.7850937499998
1024.5923133225172	1037.9105625
1024.8739236013837	1049.5839843750002
1025.1554761096625	1049.5839843750002
1025.436970839196	1049.5839843750002
