339.86832	19.114375
340.2509644343084	33996.28125
340.6335677717954	607.1089583333334
341.0161300043036	526.1004166666667
341.3986511236755	811.9058333333332
341.78113112175373	745.460625
342.16356999038084	695.3991666666667
342.5459677213995	791.88125
342.92832430665214	10995.316666666666
343.3106397379815	1869.5679166666669
343.69291400723	811.9058333333332
344.0751471062403	750.0116666666667
344.45733902685504	857.4162499999999
344.83948976091665	910.2083333333334
345.2215993002679	835.57125
345.60366763675125	804.6241666666666
345.9856947622093	1013.9720833333334
346.3676806684845	782.7791666666667
346.74962534741974	821.918125
347.1315287908573	959.3595833333333
347.51339099064	1022.1639583333332
347.8952119386102	897.4654166666668
348.2769916266106	864.6979166666666
348.6587300464838	1576.4808333333333
349.0404271900723	1077.6866666666667
349.4220830492187	1144.131875
349.80369761576566	1092.25
350.1852708815557	1182.360625
350.5668028384313	1114.095
350.9482934782352	1607.4279166666668
351.32974279281	1039.4579166666665
351.71115077399816	1044.9191666666666
352.0925174136422	1334.3654166666665
352.47384270358486	1194.1933333333334
352.8551266356687	1055.8416666666667
353.23636920173624	1212.3975
353.61757039363005	1146.8625000000002
353.9987302031928	1486.370208333333
354.379848622267	1363.4920833333333
354.76092564269516	1202.3852083333334
355.14196125632	1177.8095833333334
355.52295545498407	1266.0997916666665
355.90390823052985	1225.1404166666664
356.2848195748	2137.1691666666666
356.6656894796371	1240.6139583333334
357.04651793688373	1245.165
357.4273049383824	1179.6299999999999
357.8080504759759	1209.666875
358.18875454150657	1340.7368749999998
358.5694171268171	1208.7566666666667
358.9500382237499	1230.6016666666667
359.3306178241479	1237.8833333333334
359.7111559198534	1236.0629166666668
360.0916525027091	1185.0912499999997
360.47210756455746	1209.666875
360.85252109724127	1249.7160416666666
361.23289309260286	1169.6177083333334
361.61322354248495	1212.3975
361.99351243873014	1277.9325
362.37375977318095	1457.2435416666667
362.75396553768	1395.3493749999998
363.1341297240698	1276.1120833333332
363.514252324193	1136.8502083333333
363.8943333298922	1128.6583333333335
364.27437273300995	1477.2681249999998
364.65437052538874	1236.0629166666665
365.03432669887127	1207.8464583333332
365.4142412453001	1205.1158333333335
365.7941141565177	1669.3220833333332
366.1739454243669	1189.6422916666668
366.55373504069	1245.1650000000002
366.93348299732975	1162.3360416666667
367.31318928612865	1241.5241666666668
367.6928538989293	1168.7074999999998
368.0724768275743	1114.095
368.4520580639063	1406.2718749999997
368.83159759976763	1355.3002083333333
369.21109542700117	1813.135
369.59055153744936	1356.2104166666666
369.9699659229547	1196.9239583333335
370.34933857536	1184.1810416666667
370.72866948650767	1151.4135416666668
371.10795864824024	1238.7935416666667
371.4872060524004	1430.8474999999999
371.8664116908307	1264.279375
372.2455755553737	2296.455625
372.6246976378721	1300.6877083333331
373.00377793016827	1398.9902083333334
373.38281642410493	1351.6593750000002
373.76181311152465	1339.8266666666666
374.14076798427	1382.6064583333334
374.5196810341835	1396.2595833333332
374.8985522531078	1378.0554166666668
375.2773816328855	1238.7935416666667
375.6561691653591	1270.6508333333334
376.0349148423712	1233.3322916666666
376.4136186557645	1026.715
376.7922805973814	1201.4750000000001
377.17090065906456	1101.3520833333332
377.5494788326565	1084.0581250000002
377.92801511000005	1313.430625
378.3065094829374	1395.349375
378.6849619433114	1152.3237500000002
379.0633724829646	1409.9127083333333
379.4417410937395	1263.3691666666666
379.82006776747875	2037.9564583333333
380.1983524960249	1165.0666666666666
380.57659527122047	1108.63375
380.9547960849082	1186.9116666666666
381.33295492893046	1168.7075
381.71107179513	1281.5733333333335
382.08914667534935	1189.6422916666668
382.467179561431	1132.2991666666667
382.84517044521766	1175.0789583333333
383.22311931855194	1222.4097916666667
383.60102617327624	1305.23875
383.97889100123325	1503.6641666666667
384.35671379426554	1212.3975
384.73449454421575	1196.9239583333335
385.1122332429263	1156.8747916666669
385.48992988224	1269.7406250000001
385.8675844539992	1109.5439583333334
386.24519695004665	1155.9645833333334
386.6227673622248	1184.1810416666667
387.0002956823763	1244.2547916666665
387.3777819023437	1625.6320833333332
387.75522601396966	1280.663125
388.1326280090966	1235.1527083333333
388.5099878795673	1261.5487500000002
388.8873056172243	1188.7320833333333
389.26458121391	1100.4418750000002
389.6418146614671	1224.2302083333334
390.0190059517382	1170.5279166666667
390.3961550765659	1156.8747916666669
390.77326202779267	1297.046875
391.15032679726124	1118.6460416666669
391.5273493768141	1172.3483333333334
391.9043297582938	1389.8881250000002
392.2812679335429	1182.360625
392.65816389440414	1256.0874999999999
393.03501763272	1258.818125
393.41182914033305	1256.9977083333333
393.7885984090858	1177.8095833333334
394.165325430821	1448.1414583333333
394.5420101973811	1280.663125
394.9186527006087	1223.32
395.29525293234644	1229.6914583333335
395.67181088443687	1106.8133333333333
396.04832654872257	1218.7689583333333
396.424799917046	1400.810625
396.80123098124994	1082.2377083333333
397.1776197331769	1352.5695833333332
397.5539661646694	1255.1772916666666
397.93027026757005	1197.8341666666668
398.30653203372145	1208.7566666666667
398.6827514549662	1119.5562499999999
399.05892852314685	1402.6310416666668
399.4350632301059	1123.1970833333332
399.8111555676861	1206.93625
400.18720552772993	1110.4541666666667
400.56321310207994	1280.663125
400.9391782825788	1155.054375
401.315101061069	1277.022291666667
401.6909814293932	1366.2227083333335
402.06681937939385	1192.3729166666667
402.4426149029137	1135.9399999999998
402.8183679917953	1260.6385416666665
403.19407863788103	1221.4995833333332
403.56974683301377	1130.47875
403.94537256903584	1116.8256250000002
404.32095583779	1165.0666666666666
404.69649663111875	1327.9939583333332
405.0719949408646	1305.2387499999998
405.4474507588703	1144.131875
405.82286407697836	1317.0714583333333
406.1982348870312	1166.8870833333333
406.57356318087164	1212.3975
406.94884895034215	1168.7075
407.3240921872853	1196.923958333333
407.6992928835437	1287.9447916666666
408.07445103095995	1141.4012500000001
408.4495666213767	1202.3852083333331
408.8246396466363	1140.4910416666667
409.19967009858135	1144.131875
409.5746579690547	1280.663125
409.94960324989876	1135.9399999999998
410.324505932956	1141.4012500000001
410.69936601006924	1176.899375
411.07418347308095	1232.4220833333331
411.4489583138336	1348.9287499999998
411.82369052417	1383.5166666666664
412.1983800959325	1124.1072916666665
412.5730270209638	1161.4258333333335
412.9476312911065	1136.8502083333335
413.32219289820307	1347.1083333333333
413.6967118340962	1218.7689583333333
414.0711880906285	1300.6877083333331
414.4456216596423	1195.1035416666666
414.8200125329805	1369.8635416666666
415.19436070248554	1308.8795833333334
415.56866615999996	1238.7935416666667
415.94292889736636	1368.043125
416.3171489064274	1203.2954166666666
416.6913261790256	1449.961875
417.0654607070035	1323.4429166666666
417.43955248220374	1537.341875
417.81360149646883	1447.23125
418.1876077416415	1457.2435416666667
418.56157120956414	1183.2708333333333
418.9354918920794	1250.62625
419.30936978103	1360.7614583333334
419.68320486825826	1306.1489583333334
420.056997145607	1398.08
420.43074660491874	1334.3654166666668
420.80445323803593	1309.7897916666668
421.17811703680127	1482.729375
421.55173799305726	1408.0922916666666
421.9253160986466	1442.6802083333332
422.2988513454117	1404.4514583333332
422.67234372519533	1418.104583333333
423.04579322983994	1532.7908333333332
423.4191998511882	1663.8608333333332
423.79256358108256	1496.3825
424.16588441136577	1554.635833333333
424.5391623338803	2065.262708333333
424.9123973404688	1667.5016666666668
425.2855894229737	1653.848541666667
425.65873857323766	1628.3627083333333
426.03184478310334	1593.7747916666667
426.4049080444133	1879.5802083333335
426.77792834901	1988.8052083333332
427.1509056887361	1798.5716666666667
427.5238400554342	1886.8618749999998
427.8967314409469	1812.2247916666668
428.2695798371167	2303.737291666667
428.6423852357862	2017.9318750000002
429.0151476287981	2191.7816666666663
429.38786700799477	3021.8916666666664
429.76054336521895	2293.725
430.13317669231316	2508.534166666667
430.50576698111996	2299.18625
430.878314223482	2663.2695833333332
431.25081841124177	2564.056875
431.623279536242	3140.21875
431.99569759032505	2858.054166666667
432.3680725653337	3106.541041666667
432.7404044531105	3301.325625
433.11269324549784	3263.0968749999997
433.4849389343386	3393.2566666666667
433.85714151147505	3488.828541666667
434.22930096874995	3608.0658333333336
434.60141729800597	3834.7077083333334
434.9734904910854	4065.9006249999998
435.3455205398311	4158.741875
435.71750743608555	4350.795833333333
436.08945117169117	4744.916041666666
436.4613517384908	4787.695833333334
436.833209128327	5226.416249999999
437.2050233330421	5298.322708333333
437.57679434447897	5604.152708333332
437.94852215448	6001.003541666666
438.3202067548878	6345.9725
438.69184813754504	6628.137083333334
439.0634462942942	6984.028541666667
439.43500121697787	7296.23
439.8065128974388	7558.37
440.17798132751926	8066.266250000001
440.54940649906206	8389.390208333334
440.92078840390974	8803.535
441.2921270339049	9308.700625
441.66342238089	9633.644999999999
442.0346744367077	10047.789791666668
442.4058831932006	10205.255833333335
442.7770486422113	10706.780625000001
443.1481707755823	10958.908333333333
443.5192495851562	11660.678958333332
443.89028506277566	11513.225208333331
444.26127720028313	11897.333125
444.6322259895213	12127.615833333335
445.00313142233273	12171.305833333332
445.37399349056	11992.905
445.74481218604564	11900.06375
446.1155875006322	12221.367291666667
446.4863194261624	11882.769791666666
446.8570079544787	12354.257708333333
447.2276530774237	11571.478541666665
447.5982547868401	11086.337500000001
447.9688130745703	11265.648541666667
448.3393279324569	10736.8175
448.7097993523426	10466.485625000001
449.08022732607	9778.368124999999
449.45061184548155	9711.012708333334
449.82095290241983	9398.81125
450.1912504887275	9160.336666666668
450.56150459624706	8712.514166666666
450.93171521682126	8547.766458333332
451.30188234229246	8513.178541666666
451.67200596450334	8019.845624999999
452.04208607529654	7691.260416666667
452.4121226665145	7248.899166666666
452.78211573	7188.825416666667
453.15206525759544	6910.301666666666
453.52197124114343	6635.41875
453.8918336724866	6611.753333333334
454.2616525434675	6446.095416666667
454.6314278459287	6974.926458333332
455.0011595717129	6249.490416666667
455.37084771266245	6147.547083333334
455.74049226062016	6123.881666666665
456.11009320742846	5924.546041666666
456.47965054492994	5886.317291666666
456.8491642649673	5830.794583333333
457.21863435938303	5828.063958333333
457.5880608200197	5773.451458333333
457.95744363871995	5621.446666666667
458.3267828073262	5418.470208333333
458.69607831768127	5412.09875
459.0653301616276	5360.216875
459.43453833100773	5327.449375
459.8037028176643	5320.167708333333
460.17282361344	5070.770625
460.54190071017723	5257.363333333334
460.9109340997186	5045.284791666666
461.2799237739068	4721.250625
461.64886972458436	4970.647708333333
462.01777194359374	4835.936875
462.38663042277767	5466.71125
462.75544515397866	4648.433958333333
463.1242161290393	4416.330833333333
463.49294333980225	4365.359166666666
463.86162677810995	4194.24
464.2302664358051	4139.6275
464.5988623047302	4024.94125
464.96741437672785	3758.2502083333334
465.3359226436407	4181.497083333333
465.70438709731116	4308.016041666667
466.0728077295821	3754.609375
466.4411845322957	3656.306875
466.8095174972949	3626.27
467.1778066164222	3372.321875
467.54605188151993	3381.4239583333333
467.914253284431	3791.0177083333333
468.2824108169978	3278.570416666667
468.65052447106297	3293.1337499999995
469.0185942384692	3410.550625
469.38662011105873	3221.2272916666666
469.75460208067443	3211.215
470.1225401391589	3157.5127083333336
470.49043427835454	3051.0183333333334
470.85828449010404	3320.44
471.22609076624997	3057.3897916666665
471.5938530986349	3019.1610416666663
471.96157147910145	3255.8152083333334
472.3292458994921	3137.488125
472.69687635164945	3139.3085416666668
473.06446282741626	3287.6725
473.4320053186349	3283.1214583333335
473.7995038171479	3100.169583333334
474.1669583147982	3161.1535416666666
474.5343688034279	3948.48375
474.90173527488	3253.0845833333333
475.26905772099684	3228.5089583333333
475.63633613362094	3875.6670833333337
476.0035705045952	3280.3908333333334
476.3707608257619	3442.407916666667
476.7379070889637	3299.5052083333335
477.1050092860433	3259.456041666667
477.4720674088431	3847.450625
477.8390814492057	3254.905
478.2060513989739	3263.0968750000006
478.57297724998995	3168.435208333334
478.9398589940967	3094.7083333333335
479.30669662313665	3180.267916666667
479.67349012895227	3256.7254166666667
480.04023950338626	3597.1433333333334
480.4069447382812	3121.1043750000003
480.77360582547965	3213.9456250000003
481.1402227568242	3652.666041666667
481.5067955241573	3148.410625
481.8733241193217	3081.9654166666664
482.23980853416	3035.5447916666667
482.60624876051463	2964.548541666667
482.97264479022823	3113.822708333333
483.3389966151434	3080.145
483.70530422710266	3034.634583333333
484.0715676179487	2979.111875
484.43778677952406	3039.185625
484.80396170367123	2992.765
485.170092382233	3000.956875
485.53617880705167	3227.5987499999997
485.90222096996996	3606.2454166666666
486.2682188628305	3263.0968749999997
486.63417247747583	2964.548541666667
487.0000818057485	3556.183958333333
487.36594683949113	3112.002291666666
487.73176757054625	3106.541041666667
488.09754399075644	3462.4325000000003
488.46327609196436	3145.6800000000003
488.8289638660125	3034.634583333334
489.19460730474356	3082.875625
489.56020639999997	4293.452708333333
489.9257611436244	3249.44375
490.29127152745946	3324.0808333333334
490.65673754334756	3233.06
491.0221591831315	3180.267916666667
491.3875364386538	3369.59125
491.75286930175685	3325.9012500000003
492.11815776428347	3898.4222916666663
492.4834018180762	3862.924166666666
492.8486014549774	3451.51
493.21375666683	3495.1999999999994
493.5788674454763	3551.632916666667
493.94393378275896	4286.171041666667
494.30895567052073	3674.5110416666666
494.67393310060385	3620.80875
495.0388660648512	3789.197291666667
495.4037545551053	3992.17375
495.76859856320857	3985.802291666667
496.1333980810037	4078.643541666667
496.49815310033335	3943.9327083333333
496.8628636130399	4181.497083333333
497.22752961096626	3937.56125
497.59215108595464	4078.643541666667
497.95672802984774	4113.231458333333
498.3212604344883	4609.294999999999
498.6857482917187	4188.77875
499.05019159338167	4497.339375
499.4145903313197	4566.515208333333
499.7789444973753	4450.008541666666
500.14325408339124	4860.5125
500.50751908121	4551.951875
500.8717394826741	4522.825208333335
501.2359152796262	4807.720416666667
501.6000464639089	4716.699583333334
501.9641330273647	4852.320625
502.3281749618363	5080.782916666666
502.69217225916606	4920.586249999999
503.0561249111968	5183.636458333333
503.42003290977095	4985.2110416666665
503.78389624673116	5108.999375
504.14771491391997	5134.4852083333335
504.51148890318	5447.596875
504.8752182063538	5582.307708333334
505.238902815284	5430.3029166666665
505.60254272181305	5563.193333333334
505.9661379177837	5570.475000000001
506.3296883950385	5585.038333333334
506.69319414541985	5651.483541666666
507.05665516077056	7460.977708333333
507.42007143293307	5931.827708333333
507.78344295374995	5970.966666666667
508.14676971506384	6931.236458333333
508.51005170871747	6156.649166666667
508.8732889265531	6346.8827083333335
509.2364813604135	6337.780624999999
509.5996290021412	6446.095416666666
509.9627318435789	6552.589791666666
510.325789876569	6750.105
510.6888030929541	6759.207083333334
511.051771484577	6800.166458333333
511.41469504328	6945.799791666667
511.77757376090574	6902.109791666667
512.1404076292971	7062.3064583333335
512.5031966402962	7276.205416666667
512.8659407857458	7375.418125
513.2286400574887	7405.455000000001
513.5912944473672	7444.593958333334
513.953903947224	7531.06375
514.3164685489018	7582.035416666666
514.6789882442428	7799.575208333333
515.04146302509	7872.391875
515.4038928832857	8146.364583333333
515.7662778106726	7906.979791666666
516.1286177990931	8209.168958333334
516.4909128403904	8356.622708333334
516.8531629264063	8844.494375
517.2153680489837	8515.909166666666
517.5775281999652	8522.280625
517.9396433711935	8687.938541666668
518.3017135545108	8779.869583333333
518.66373874176	8879.082291666668
519.0257189247836	8907.29875
519.3876540954242	9176.720416666665
519.7495442455245	9249.537083333335
520.1113893669268	9299.598541666666
520.4731894514738	9337.827291666666
520.8349444910081	9378.786666666667
521.1966544773722	9659.130833333335
521.558319402409	9614.530625
521.9199392579607	9707.371874999999
522.28151403587	10224.370208333334
522.6430437279796	10324.493124999999
523.0045283261317	10145.182083333333
523.3659678221695	10310.840000000002
523.7273622079351	10273.521458333335
524.0887114752712	10354.53
524.4500156160204	10454.652916666666
524.8112746220253	10701.319375
525.1724884851286	10857.875208333333
525.5336571971726	12094.848333333333
525.8947807500001	11113.643750000001
526.2558591354534	11173.717499999999
526.6168923453754	11291.134375
526.9778803716086	11323.901875000001
527.3388232059956	11568.747916666667
527.6997208403786	13995.363333333333
528.0605732666008	11630.642083333334
528.4213804765045	11485.008749999999
528.782142461932	11788.108124999999
529.1428592147264	11872.7575
529.50353072673	11762.622291666667
529.8641569897852	11977.431458333333
530.224737995735	12262.326666666668
530.5852737364216	11946.484375
530.9457642036878	12242.302083333334
531.3062093893762	12115.783125
531.6666092853293	12048.427708333335
532.0269638833895	12086.656458333333
532.3872731753997	12325.131041666666
532.7475371532023	12336.96375
533.10775580864	12242.302083333334
533.4679291335551	12235.930624999999
533.8280571197906	12272.338958333334
534.1881397591887	12654.626458333332
534.5481770435923	12243.212291666665
534.9081689648438	12333.322916666666
535.2681155147857	12560.875
535.6280166852607	12460.752083333333
535.9878724681114	12815.733333333332
536.3476828551802	12560.875
536.7074478383099	12907.664375
537.0671674093431	12784.78625
537.4268415601222	12691.945
537.7864702824897	12538.119791666666
538.1460535682887	12829.386458333334
538.5055914093612	12945.893125
538.8650837975499	12921.3175
539.2245307246978	12965.0075
539.5839321826469	12702.8675
539.9432881632401	12746.5575
540.30259865832	12894.921458333332
540.6618636597291	12932.24
541.0210831593098	12989.583125
541.380257148905	12985.032083333332
541.7393856203572	12894.011250000001
542.0984685655087	12701.047083333333
542.4575059762025	13099.718333333332
542.8164978442809	12740.186041666666
543.1754441615866	12774.773958333333
543.5343449199621	12667.369375
543.89320011125	12721.071666666669
544.2520097272928	12448.009166666665
544.6107737599334	12592.732291666667
544.9694922010141	12601.834375
545.3281650423775	12542.670833333332
545.6867922758662	12504.442083333333
546.0453738933229	12357.898541666667
546.40390988659	12397.947708333333
546.7624002475101	12592.732291666667
547.1208449679259	12449.829583333332
547.4792440396799	12382.474166666667
547.8375974546148	12354.257708333333
548.195905204573	12789.337291666665
548.5541672813971	12059.350208333335
548.91238367693	12296.004375000002
549.2705543830137	12157.652708333335
549.6286793914913	12181.318125
549.986758694205	12179.497708333334
550.3447922829978	12101.219791666665
550.702780149712	12157.652708333335
551.0607222861901	11799.940833333334
551.4186186842746	11988.353958333333
551.7764693358087	11972.880416666667
552.1342742326343	11802.671458333332
552.4920333665942	11900.063750000001
552.8497467295313	11675.242291666667
553.2074143132876	11789.928541666666
553.565036109706	11686.164791666664
553.9226121106294	11658.858541666666
554.2801423078997	11660.678958333336
554.63762669336	11417.653333333334
554.9950652588526	11688.895416666666
555.3524579962202	11608.797083333333
555.7098048973054	11242.893333333333
556.0671059539508	11551.453958333334
556.4243611579986	11227.419791666667
556.7815705012921	11276.571041666664
557.1387339756732	11309.338541666666
557.495851572985	11010.790208333332
557.8529232850698	10949.80625
558.20994910377	10772.315625000001
558.5669290209286	10701.319375
558.9238630283878	10710.421458333332
559.2807511179905	10636.694583333332
559.6375932815791	10668.551875
559.9943895109963	10633.05375
560.3511397980844	10495.612291666666
560.7078441346864	10440.089583333332
561.0645025126445	10374.554583333333
561.4211149238015	10491.971458333333
561.77768136	10379.105625
562.1342018130823	10196.15375
562.4906762748914	10208.896666666666
562.8471047372697	10266.239791666667
563.2034871920595	10091.479791666667
563.5598236311037	10093.300208333332
563.9161140462448	10722.254166666666
564.2723584293254	10219.819166666666
564.6285567721882	9949.487291666666
564.9847090666755	10020.483541666666
565.34081530463	9846.63375
565.6968754778943	10380.926041666668
566.052889578311	10194.333333333334
566.4088575977227	10568.428958333334
566.7647795279719	9574.481458333334
567.1206553609012	9736.498541666666
567.4764850883533	9571.750833333334
567.8322687021706	9585.403958333334
568.1880061941957	9621.812291666667
568.5436975562714	9523.509791666665
568.89934278024	9521.689375
569.2549418579441	9589.955
569.6104947812267	9642.747083333334
569.9660015419297	9315.982291666667
570.3214621318963	9095.711874999999
570.6768765429688	9067.495416666667
571.0322447669896	9026.536041666666
571.3875667958016	8774.408333333333
571.7428426212473	9115.736458333333
572.0980722351692	8691.579375
572.45325562941	8844.494375
572.8083927958121	8634.23625
573.1634837262183	8638.787291666667
573.5185284124709	8482.231458333334
573.8735268464127	8343.879791666666
574.2284790198863	8413.055625
574.5833849247341	8320.214375
574.9382445527988	8392.120833333334
575.293057895923	8048.972291666666
575.6478249459491	7947.028958333333
576.0025456947199	7876.942916666667
576.357220134078	7834.163125
576.7118482558658	8002.551666666666
577.066430051926	7654.852083333334
577.4209655141011	7702.182916666666
577.7754546342337	7766.807708333334
578.1298974041664	7566.561874999999
578.4842938157419	7492.835
578.8386438608024	7433.671458333333
579.192947531191	7306.2422916666665
579.54720481875	7383.610000000001
579.9014157153218	7085.971875
580.2555802127495	7065.037083333333
580.609698302875	7146.955833333333
580.9637699775415	6982.208125
581.3177952285913	6759.207083333334
581.6717740478667	6634.508541666667
582.0257064272109	6609.932916666668
582.3795923584662	6514.361041666666
582.7334318334749	6623.5860416666665
583.08722484408	6767.398958333334
583.4409713821237	6699.133333333334
583.794671439449	6254.951666666667
584.1483250078983	6393.303333333334
584.501932079314	6181.224791666667
584.8554926455387	5998.272916666666
585.2090066984154	6057.436458333334
585.5624742297861	5976.4279166666665
585.9158952314937	5834.435416666667
586.2692696953808	5664.2264583333335
586.6225976132899	5599.6016666666665
586.9758789770636	5610.524166666666
587.3291137785446	5567.744374999999
587.6823020095754	5474.903125
588.0354436619982	5265.555208333332
588.3885387276563	5283.759375000001
588.7415871983918	5115.370833333333
589.0945890660471	5105.3585416666665
589.4475443224653	4934.239375
589.8004529594888	4998.864166666667
590.15331496896	5089.885
590.5061303427216	4934.239375
590.8588990726163	4775.863125
591.2116211504864	4865.97375
591.5642965681747	4926.957708333334
591.9169253175238	4515.543541666666
592.269507390376	4559.233541666666
592.6220427785742	4457.290208333333
592.974531473961	4444.547291666667
593.3269734683787	4649.344166666667
593.6793687536699	4370.8204166666665
594.0317173216775	4234.2891666666665
594.3840191642438	4122.333541666667
594.7362742732114	4046.7862500000006
595.0884826404231	4151.460208333333
595.4406442577213	3953.034791666667
595.7927591169484	3888.41
596.1448272099474	3794.658541666666
596.4968485285606	3906.6141666666663
596.8488230646306	3618.078125
597.2007508099999	3577.11875
597.5526317565115	3644.474166666667
597.9044658960074	4777.683541666666
598.2562532203306	3679.0620833333337
598.6079937213235	3484.2775
598.9596873908287	3388.705625
599.3113342206889	3345.9258333333332
599.6629342027466	3284.941875
600.0144873288441	4676.650416666667
600.3659935908244	3320.44
600.71745298053	3130.2064583333326
601.0688654898032	3042.826458333333
601.4202311104871	3276.75
601.7715498344237	3005.507916666667
602.1228216534558	3372.321875
602.4740465594261	3044.6468750000004
602.8252245441772	2954.5362499999997
603.1763555995517	2825.286666666667
603.5274397173916	2721.522916666667
603.8784768895403	2890.8216666666667
604.22946710784	2719.7025
604.5804103641332	2649.6164583333334
604.9313066502625	3203.933333333333
605.2821559580708	2690.5758333333333
605.6329582794003	2847.1316666666667
605.9837136060937	2540.3914583333335
606.3344219299937	2532.1995833333335
606.6850832429426	2832.568333333333
607.0356975367833	2491.240208333333
607.3862648033582	3171.165833333333
607.73678503451	2370.1825000000003
608.0872582220811	2483.9585416666664
608.4376843579142	2318.300625
608.7880634338519	2633.2327083333334
609.1383954417366	2199.0633333333335
609.4886803734113	2167.206041666667
609.838918220718	2320.1210416666668
610.1891089754997	2161.7447916666665
610.5392526295989	2113.50375
610.8893491748582	2172.6672916666666
611.2393986031199	2183.5897916666668
611.589400906227	2003.3685416666667
611.9393560760218	1944.205
612.289264104347	1964.2295833333335
612.6391249830451	1966.9602083333332
612.9889387039588	1976.9724999999999
613.3387052589305	1902.3354166666668
613.6884246398027	1850.4535416666668
614.0380968384185	1891.4129166666664
614.38772184662	1840.4412499999999
614.7372996562499	1812.2247916666665
615.0868302591509	1895.9639583333335
615.4363136471654	1831.3391666666666
615.785749812136	1949.66625
616.1351387459055	1788.559375
616.4844804403161	1730.3060416666667
616.8337748872108	1754.881666666667
617.1830220784319	1680.2445833333334
617.5322220058221	1615.6197916666667
617.8813746612238	1604.6972916666666
618.2304800364799	1771.2654166666664
618.5795381234328	1677.5139583333332
618.9285489139249	1678.4241666666667
619.2775123997992	1712.101875
619.6264285728979	1621.99125
619.9752974250638	1568.2889583333333
620.3241189481392	1429.9372916666669
620.6728931339671	1593.7747916666667
621.0216199743898	1496.3825
621.3702994612498	1613.7993749999998
621.71893158639	1564.648125
622.0675163416527	1503.6641666666667
622.4160537188806	1485.46
622.7645437099163	1472.7170833333332
623.1129863066024	1430.8474999999999
623.4613815007812	1606.5177083333335
623.8097292842956	1454.5129166666666
624.1580296489882	1440.8597916666665
624.5062825867013	1483.6395833333333
624.8544880892778	1493.6518750000002
625.20264614856	1467.2558333333334
625.5507567563906	1489.1008333333332
625.8988199046122	1417.194375
626.2468355850674	1575.570625
626.5948037895986	1396.2595833333332
626.9427245100487	1416.2841666666666
627.2905977382602	1410.8229166666667
627.6384234660752	1533.7010416666665
627.9862016853368	1623.8116666666665
628.3339323878878	1453.602708333333
628.6816155655699	1308.8795833333334
629.0292512102264	1490.0110416666666
629.3768393136999	2476.6768749999997
629.7243798678326	1451.7822916666667
630.071872864467	1939.6539583333333
630.4193182954463	1618.350416666667
630.7667161526125	1458.1537500000002
631.1140664278083	1325.2633333333333
631.4613691128765	1378.0554166666668
631.8086241996596	1254.2670833333334
632.1558316799999	1550.9950000000001
632.5029915457404	1307.0591666666667
632.8501037887233	1505.4845833333336
633.1971684007915	1439.9495833333333
633.5441853737874	1373.5043749999998
633.8911546995539	1267.9202083333332
634.2380763699327	1348.0185416666666
634.5849503767676	1549.1745833333332
634.9317767119002	1369.8635416666668
635.2785553671735	1351.659375
635.6252863344299	1471.806875
635.9719696055123	1267.01
636.318605172263	1362.5818749999999
636.6651930265247	1295.2264583333333
637.0117331601399	1335.275625
637.3582255649512	1282.4835416666667
637.7046702328013	1441.7700000000002
638.0510671555326	1423.5658333333333
638.3974163249877	1358.0308333333332
638.7437177330092	1273.3814583333333
639.08997137144	3393.2566666666667
639.4361772321222	1466.345625
639.7823353068986	1312.5204166666665
640.1284455876117	1310.7
640.4745080661042	1388.9779166666667
640.8205227342187	1307.0591666666667
641.1664895837977	1229.6914583333335
641.5124086066837	1220.5893749999998
641.8582797947192	1212.3975
642.2041031397473	1435.3985416666667
642.54987863361	1315.2510416666667
642.8956062681501	1284.3039583333332
643.2412860352101	1437.2189583333336
643.586917926633	1327.08375
643.9325019342607	1228.78125
644.2780380499362	1226.050625
644.623526265502	1141.40125
644.9689665728008	1231.511875
645.3143589636749	1426.2964583333335
645.6597034299672	1204.2056249999998
646.00499996352	1408.0922916666666
646.3502485561759	1730.3060416666667
646.6954491997778	1240.6139583333331
647.040601886168	1182.360625
647.385706607189	1180.5402083333333
647.7307633546837	1278.8427083333333
648.0757721204944	1234.2425
648.4207328964637	1205.1158333333333
648.7656456744345	1210.5770833333333
649.1105104462491	1301.5979166666666
649.4553272037499	1203.2954166666666
649.8000959387799	1186.0014583333332
650.1448166431815	1544.6235416666666
650.4894893087971	1384.426875
650.8341139274694	1225.1404166666664
651.1786904910413	1113.1847916666668
651.5232189913548	1247.895625
651.867699420253	1206.0260416666667
652.2121317695781	1178.7197916666667
652.5565160311729	1206.0260416666667
652.9008521968799	1203.2954166666666
653.2451402585418	1172.3483333333334
653.589380208001	1251.5364583333333
653.9335720371001	1427.2066666666667
654.2777157376819	1226.9608333333335
654.6218113015888	1265.1895833333333
654.9658587206632	1158.6952083333333
655.3098579867482	1401.720833333333
655.6538090916857	1283.39375
655.9977120273187	1199.6545833333332
656.34156678549	1228.78125
656.6853733580418	1430.8474999999999
657.0291317368166	1201.4750000000001
657.3728419136573	1398.08
657.7165038804063	1205.1158333333333
658.0601176289063	1181.4504166666668
658.4036831509995	1215.1281250000002
658.7472004385293	1157.785
659.0906694833374	1535.5214583333334
659.4340902772667	1252.4466666666667
659.77746281216	1290.6754166666667
660.1207870798596	1476.3579166666668
660.4640630722082	1306.1489583333334
660.8072907810484	1154.1441666666667
661.1504701982227	1315.2510416666667
661.4936013155738	1220.5893749999998
661.8366841249441	1152.3237500000002
662.1797186181763	1133.209375
662.5227047871128	1222.4097916666667
662.8656426235966	1417.194375
663.2085321194701	1327.08375
663.5513732665754	1175.0789583333333
663.8941660567558	1111.3643749999999
664.2369104818536	1197.8341666666668
664.5796065337111	1190.5525
664.9222542041712	1145.9522916666667
665.2648534850765	1226.050625
665.6074043682694	1486.3702083333335
665.9499068455925	1331.6347916666666
666.2923609088887	1213.3077083333335
666.63476655	1167.7972916666668
666.9771237607694	1117.7358333333332
667.3194325330395	1273.3814583333333
667.6616928586526	1254.2670833333334
668.0039047294514	1203.2954166666666
668.3460681372787	1261.5487500000002
668.6881830739768	1244.2547916666665
669.0302495313884	1179.6299999999999
669.3722675013561	1784.0083333333332
669.7142369757223	1465.435416666667
670.0561579463299	1205.1158333333333
670.3980304050212	1226.9608333333335
670.7398543436391	1256.0874999999999
671.0816297540256	1102.2622916666667
671.4233566280238	1820.4166666666667
671.7650349574764	1289.7652083333335
672.1066647342252	1206.93625
672.4482459501136	1317.0714583333333
672.7897785969838	1817.6860416666666
673.1312626666784	1161.4258333333335
673.4726981510399	1264.2793749999998
673.8140850419113	1338.0062500000001
674.1554233311347	1141.4012500000001
674.4967130105528	1230.6016666666667
674.8379540720083	1252.4466666666667
675.1791465073437	1572.8400000000001
675.5202903084016	1561.0072916666668
675.8613854670248	1157.785
676.2024319750553	1226.9608333333333
676.5434298243362	1384.426875
676.88437900671	1348.0185416666666
677.2252795140191	1284.3039583333332
677.5661313381062	1259.7283333333335
677.9069344708139	1133.2093750000001
678.2476889039847	1172.3483333333334
678.5883946294612	1127.748125
678.9290516390861	1171.438125
679.2696599247018	1287.034583333333
679.6102194781508	1246.9854166666667
679.9507302912762	1171.438125
680.29119235592	1327.08375
680.631605663925	1295.2264583333335
680.9719702071338	1187.8218749999999
681.312285977389	1276.1120833333332
681.6525529665331	1338.9164583333334
681.9927711664087	1386.2472916666666
682.3329405688585	1216.0383333333332
682.6730611657248	1163.2462500000001
683.0131329488505	1305.2387500000002
683.353155910078	1145.9522916666667
683.6931300412499	1318.891875
684.0330553342089	1338.9164583333334
684.3729317807973	1208.7566666666667
684.7127593728582	1270.6508333333334
685.0525381022335	1297.9570833333335
685.3922679607663	1168.7075
685.7319489402989	1319.8020833333333
686.0715810326739	1373.5043750000002
686.4111642297341	1310.7
686.750698523322	1194.1933333333334
687.0901839052799	1265.1895833333335
687.4296203674508	1142.3114583333333
687.7690079016771	1242.434375
688.1083464998012	1294.31625
688.4476361536658	1204.2056249999998
688.7868768551137	1244.2547916666667
689.1260685959872	1161.4258333333332
689.465211368129	1206.0260416666667
689.8043051633817	1425.3862499999998
690.1433499735879	1267.01
690.48234579059	2161.7447916666665
690.8212926062307	2001.548125
691.1601904123526	1276.1120833333334
691.4990392007982	1211.4872916666666
691.8378389634104	1135.94
692.1765896920311	1150.5033333333333
692.5152913785035	1171.438125
692.8539440146701	1165.0666666666666
693.1925475923734	1477.2681249999998
693.5311021034557	1306.1489583333334
693.86960753976	15286.948958333334
694.2080638931286	2044.3279166666664
694.5464711554041	1195.1035416666666
694.8848293184293	1160.515625
695.2231383740468	1431.7577083333333
695.5613983140987	1154.1441666666667
695.899609130428	1133.2093750000001
696.2377708148773	1246.0752083333334
696.5758833592889	1126.8379166666666
696.9139467555057	1280.663125
697.25196099537	1214.2179166666667
697.5899260707245	1320.7122916666667
697.9278419734118	1377.1452083333334
698.2657086952745	1208.756666666667
698.603526228155	1337.0960416666667
698.9412945638961	1530.9704166666663
699.2790136943405	1195.1035416666666
699.6166836113304	1205.1158333333333
699.9543043067085	1419.0147916666665
700.2918757723176	1400.810625
700.629398	1414.46375
700.9668709815984	1190.5524999999998
701.3042947089555	1225.1404166666664
701.6416691739137	1451.7822916666667
701.9789943683154	1504.5743750000001
702.3162702840036	1267.9202083333332
702.6534969128209	1248.805833333333
702.9906742466095	1171.438125
703.3278022772121	1391.7085416666666
703.6648809964715	1181.4504166666668
704.00191039623	1207.8464583333334
704.3388904683302	1175.0789583333335
704.6758212046151	1139.5808333333334
705.0127025969267	1397.1697916666665
705.3495346371078	1221.4995833333335
705.6863173170012	1409.9127083333333
706.0230506284493	1193.283125
706.3597345632945	1171.438125
706.6963691133798	1165.976875
707.0329542705473	1135.0297916666668
707.3694900266399	1383.5166666666667
707.7059763735002	1247.8956249999999
708.0424133029707	1298.8672916666667
708.3788008068938	1225.1404166666669
708.7151388771123	1412.6433333333334
709.0514275054688	1259.7283333333335
709.3876666838056	1411.733125
709.7238564039657	1210.5770833333333
710.0599966577913	1168.7075
710.3960874371253	1350.7491666666667
710.73212873381	1418.1045833333335
711.0681205396882	2007.0093750000003
711.4040628466022	25119.019375
711.7399556463948	2473.0360416666667
712.0757989309087	1258.818125
712.4115926919862	1242.434375
712.7473369214699	1152.3237500000002
713.0830316112028	1162.3360416666667
713.418676753027	1300.6877083333334
713.7542723387851	1315.2510416666667
714.08981836032	1135.0297916666668
714.425314809474	1388.0677083333333
714.7607616780898	1201.4750000000001
715.09615895801	1162.3360416666667
715.4315066410772	1153.2339583333332
715.7668047191336	1231.511875
716.1020531840225	1243.3445833333333
716.4372520275859	1159.6054166666665
716.7724012416666	1307.0591666666667
717.107500818107	1196.01375
717.44255074875	1201.4750000000001
717.777551025438	1113.1847916666668
718.1125016400134	1102.2622916666667
718.4474025843191	1176.899375
718.7822538501974	1326.1735416666668
719.1170554294912	1281.5733333333333
719.4518073140429	1141.40125
719.7865094956949	1247.895625
720.1211619662901	1241.5241666666666
720.4557647176711	1263.3691666666666
720.7903177416799	1125.9277083333334
721.1248210301598	1245.165
721.459274574953	1281.5733333333335
721.7936783679021	1266.0997916666665
722.1280324008497	1173.2585416666666
722.4623366656388	1227.8710416666665
722.7965911541114	1245.165
723.13079585811	1775.8164583333335
723.4649507694777	1432.6679166666665
723.7990558800569	1240.6139583333334
724.13311118169	1290.6754166666667
724.4671166662197	1148.6829166666666
724.8010723254887	1176.899375
725.1349781513393	1176.899375
725.4688341356142	1275.201875
725.8026402701563	1171.438125
726.1363965468076	1144.1318749999998
726.4701029574111	1315.2510416666667
726.8037594938094	1220.5893749999998
727.1373661478447	1352.5695833333334
727.4709229113599	1212.3975
727.8044297761977	1063.1233333333332
728.1378867342002	1056.751875
728.4712937772103	1223.32
728.8046508970707	1098.6214583333333
729.1379580856236	1121.3766666666668
729.4712153347119	1192.372916666667
729.8044226361783	1192.3729166666667
730.137579981865	1204.2056249999998
730.4706873636146	1149.593125
730.80374477327	1295.2264583333333
731.1367522026735	1317.9816666666666
731.4697096436678	1144.131875
731.8026170880954	1411.733125
732.1354745277993	1280.663125
732.4682819546213	1236.9731250000002
732.8010393604045	1246.9854166666667
733.1337467369915	1463.615
733.4664040762245	1313.430625
733.7990113699465	1203.2954166666668
734.1315686099999	1285.2141666666666
734.4640757882273	1379.8758333333335
734.7965328964714	1270.6508333333334
735.1289399265746	1308.8795833333334
735.4612968703796	1132.2991666666667
735.7936037197286	1534.61125
736.1258604664649	1209.666875
736.4580671024305	1250.62625
736.7902236194681	1196.01375
737.1223300094205	1167.7972916666668
737.45438626413	1109.5439583333334
737.7863923754393	1212.3975
738.118348335191	1074.9560416666666
738.4502541352277	1148.6829166666666
738.7821097673918	1205.1158333333335
739.1139152235262	1219.6791666666666
739.4456704954733	1378.965625
739.7773755750756	1247.895625
740.1090304541757	1200.5647916666667
740.4406351246164	1242.434375
740.7721895782399	1461.7945833333333
741.1036938068892	1307.969375
741.4351478024066	1143.2216666666666
741.7665515566348	1437.2189583333336
742.0979050614163	1516.4070833333335
742.4292083085937	1415.3739583333333
742.7604612900096	1296.1366666666665
743.0916639975067	1340.736875
743.4228164229273	1231.511875
743.7539185581142	1104.0827083333334
744.0849703949099	1233.3322916666666
744.4159719251571	1228.78125
744.7469231406983	1196.01375
745.0778240333758	1298.8672916666667
745.4086745950326	1102.2622916666667
745.7394748175113	1404.4514583333332
746.0702246926539	1229.6914583333332
746.4009242123037	1233.3322916666666
746.731573368303	1194.1933333333334
747.0621721524942	1220.5893750000002
747.39272055672	1178.7197916666667
747.723218572823	1229.6914583333335
748.0536661926458	1192.3729166666665
748.384063408031	1165.0666666666666
748.7144102108211	1239.70375
749.0447065928587	1419.925
749.3749525459865	1258.818125
749.7051480620469	1264.279375
750.0352931328825	1199.6545833333332
750.365387750336	1302.508125
750.6954319062501	1165.976875
751.025425592467	1186.9116666666666
751.3553688008293	1121.3766666666668
751.6852615231801	1245.165
752.0151037513616	1467.2558333333334
752.3448954772161	1341.6470833333333
752.6746366925869	1443.5904166666667
753.004327389316	1415.3739583333336
753.333967559246	1865.016875
753.66355719422	1287.9447916666666
753.99309628608	1224.2302083333334
754.3225848266688	1328.9041666666667
754.652022807829	1222.4097916666667
754.9814102214033	1261.54875
755.3107470592339	1237.8833333333334
755.6400333131637	1311.6102083333335
755.9692689750353	1240.6139583333334
756.298454036691	1216.0383333333332
756.6275884899737	1251.5364583333333
756.9566723267259	1227.8710416666668
757.28570553879	1313.430625
757.6146881180086	1431.7577083333333
757.9436200562246	1165.0666666666666
758.2725013452803	1116.8256250000002
758.6013319770183	1462.7047916666668
758.9301119432813	1249.7160416666666
759.2588412359117	1093.1602083333335
759.5875198467521	1113.1847916666666
759.9161477676453	1392.6187499999999
760.2447249904338	1237.8833333333332
760.5732515069599	1155.054375
760.9017273090666	1192.3729166666665
761.2301523885964	1453.602708333333
761.5585267373914	1246.9854166666667
761.8868503472946	1257.9079166666666
762.2151232101487	1278.8427083333333
762.5433453177961	1334.3654166666668
762.8715166620792	1285.2141666666666
763.1996372348409	1132.2991666666667
763.5277070279236	1348.92875
763.85572603317	1196.9239583333333
764.1836942424226	1219.6791666666666
764.5116116475239	1407.1820833333334
764.8394782403163	1247.895625
765.1672940126431	1186.0014583333334
765.4950589563462	1125.9277083333334
765.8227730632684	1187.8218749999999
766.1504363252524	1206.0260416666667
766.4780487341407	1327.08375
766.8056102817754	1226.9608333333333
767.13312096	1449.961875
767.4605807606565	1194.1933333333334
767.7879896755875	1153.2339583333332
768.1153476966355	1318.891875
768.4426548156436	1316.1612499999999
768.7699110244537	1334.3654166666668
769.0971163149088	1589.22375
769.4242706788516	1211.4872916666666
769.7513741081242	1312.5204166666667
770.0784265945695	1148.6829166666666
770.40542813003	1401.7208333333335
770.7323787063482	1280.663125
771.059278315367	1534.61125
771.3861269489287	1439.9495833333333
771.7129245988758	1414.46375
772.0396712570512	1308.8795833333334
772.3663669152974	1320.7122916666667
772.6930115654565	1306.1489583333334
773.0196051993717	1233.3322916666666
773.3461478088853	1327.08375
773.6726393858401	1265.189583333333
773.9990799220781	1200.5647916666665
774.3254694094426	1385.3370833333336
774.6518078397759	1473.6272916666667
774.9780952049204	1167.7972916666668
775.3043314967188	1251.5364583333333
775.6305167070137	1329.8143750000002
775.9566508276476	1382.6064583333334
776.2827338504633	1327.08375
776.6087657673032	1301.5979166666666
776.93474657001	1245.165
777.2606762504261	1219.6791666666666
777.5865548003943	1289.7652083333332
777.9123822117568	1259.7283333333332
778.2381584763566	1206.93625
778.5638835860362	1239.7037500000001
778.889557532638	1206.93625
779.2151803080047	1404.4514583333332
779.540751903979	1512.76625
779.8662723124031	1171.4381250000001
780.1917415251199	1252.4466666666665
780.5171595339721	1339.8266666666666
780.8425263308019	1358.9410416666667
781.1678419074518	1525.5091666666667
781.493106255765	1297.9570833333335
781.8183193675837	1393.5289583333333
782.1434812347505	1273.3814583333333
782.4685918491078	1322.5327083333332
782.7936512024986	1197.8341666666665
783.118659286765	1265.1895833333335
783.4436160937499	1500.0233333333333
783.768521615296	1189.6422916666668
784.0933758432454	1947.845833333333
784.418178769441	1175.9891666666665
784.7429303857256	1331.6347916666666
785.0676306839412	1164.1564583333331
785.3922796559308	1246.9854166666667
785.716877293537	1227.8710416666665
786.0414235886021	1277.9325000000001
786.3659185329689	1206.0260416666667
786.69036211848	1317.9816666666666
787.0147543369778	1690.256875
787.339095180305	1352.5695833333332
787.6633846403042	1213.3077083333335
787.987622708818	1281.5733333333335
788.3118093776886	1274.2916666666667
788.6359446387593	1386.2472916666666
788.9600284838722	1269.7406250000001
789.2840609048698	1235.1527083333333
789.6080418935949	1279.7529166666666
789.93197144189	1174.16875
790.2558495415977	1257.9079166666668
790.5796761845605	1300.6877083333331
790.9034513626214	1293.4060416666669
791.2271750676223	1346.1981250000001
791.5508472914062	1239.7037500000001
791.8744680258158	1249.7160416666666
792.1980372626931	1360.7614583333334
792.5215549938813	1333.4552083333333
792.8450212112227	1624.721875
793.16843590656	1510.0356249999998
793.4917990717355	1367.1329166666667
793.8151106985922	1413.5535416666664
794.1383707789723	1173.2585416666668
794.4615793047186	1341.6470833333333
794.7847362676737	1436.3087500000001
795.1078416596802	1357.120625
795.4308954725801	1170.5279166666667
795.7538976982169	1484.5497916666666
796.0768483284327	3984.8920833333336
796.3997473550701	1761.253125
796.7225947699715	1385.337083333333
797.0453905649798	1366.2227083333335
797.3681347319375	1186.0014583333334
797.690827262687	1185.0912499999997
798.0134681490712	1214.2179166666665
798.3360573829325	1377.1452083333334
798.6585949561133	1256.0875
798.9810808604566	1345.287916666667
799.3035150878045	1229.6914583333335
799.6258976299999	1690.256875
799.9482284788854	1366.2227083333335
800.2705076263034	1703.91
800.5927350640966	1283.39375
800.9149107841075	1429.0270833333332
801.2370347781787	1665.6812499999999
801.5591070381528	1263.3691666666666
801.8811275558725	1266.0997916666668
802.2030963231803	1304.3285416666665
802.5250133319183	1320.7122916666667
802.84687857393	1321.6225000000002
803.1686920410574	1381.69625
803.4904537251431	1457.2435416666667
803.8121636180297	1379.8758333333335
804.13382171156	1256.0874999999999
804.4554279975763	1167.7972916666668
804.7769824679212	1338.9164583333334
805.0984851144376	1394.4391666666668
805.4199359289677	1301.5979166666668
805.7413349033543	1249.7160416666668
806.06268202944	1229.6914583333335
806.3839772990672	1263.3691666666666
806.7052207040786	2420.243958333334
807.0264122363169	1364.4022916666665
807.3475518876243	1255.1772916666666
807.6686396498436	1302.508125
807.9896755148177	1249.7160416666668
808.3106594743887	1377.1452083333334
808.6315915203992	1514.5866666666668
808.9524716446922	1150.5033333333333
809.2732998391101	1214.2179166666665
809.594076095495	1326.1735416666668
809.9148004056901	1244.2547916666667
810.235472761538	1167.7972916666665
810.5560931548807	1257.9079166666668
810.8766615775612	1302.508125
811.1971780214221	1193.2831250000002
811.5176424783058	1196.0137499999998
811.8380549400548	1254.2670833333334
812.1584153985121	1269.7406250000001
812.4787238455199	1224.2302083333334
812.7989802729209	1220.5893749999998
813.1191846725578	1347.1083333333333
813.4393370362732	1286.124375
813.759437355909	1317.0714583333336
814.0794856233088	1405.3616666666667
814.3994818303146	1163.24625
814.7194259687689	1195.1035416666666
815.0393180305146	1250.62625
815.3591580073941	1319.8020833333333
815.6789458912499	1251.5364583333335
815.9986816739249	1841.3514583333333
816.3183653472614	1326.1735416666668
816.637996903102	1331.6347916666666
816.9575763332895	1477.2681249999998
817.2771036296664	1764.8939583333333
817.5965787840748	1283.39375
817.9160017883579	1507.305
818.2353726343582	1370.77375
818.5546913139178	1206.93625
818.87395781888	1291.585625
819.1931721410868	1133.2093750000001
819.5123342723809	1620.1708333333333
819.8314442046052	1196.9239583333335
820.1505019296019	1345.2879166666667
820.4695074392138	1256.0874999999999
820.7884607252832	1179.63
821.107361779653	1270.6508333333334
821.4262105941658	1265.1895833333333
821.7450071606638	1199.6545833333332
822.0637514709899	1439.039375
822.3824435169868	1429.0270833333334
822.7010832904965	1337.0960416666667
823.0196707833622	2080.7362500000004
823.3382059874264	1251.5364583333333
823.6566888945312	1171.438125
823.9751194965196	1162.3360416666667
824.2934977852343	1297.046875
824.6118237525172	1171.438125
824.9300973902117	1126.8379166666666
825.24831869016	1233.3322916666666
825.5664876442045	1351.659375
825.8846042441882	1439.9495833333333
826.2026684819534	1248.805833333333
826.5206803493426	1267.01
826.8386398381987	1378.965625
827.156546940364	1392.6187499999999
827.4744016476814	1267.9202083333332
827.7922039519929	1339.8266666666666
828.1099538451416	2889.00125
828.42765131897	1267.01
828.7452963653204	1296.1366666666665
829.0628889760359	1224.2302083333334
829.3804291429586	1215.128125
829.697916857931	1256.0874999999999
830.0153521127962	1154.1441666666667
830.3327348993965	1174.16875
830.6500652095742	1281.5733333333335
830.9673430351726	1324.353125
831.2845683680337	1505.4845833333336
831.6017411999999	1197.8341666666665
831.9188615229143	1380.7860416666665
832.2359293286195	1567.3787499999999
832.5529446089574	1353.4797916666666
832.8699073557715	1320.7122916666665
833.1868175609037	1260.6385416666667
833.5036752161967	1256.0874999999999
833.8204803134935	1312.5204166666665
834.1372328446362	1240.6139583333334
834.4539328014675	1334.3654166666668
834.7705801758299	1324.3531249999999
835.0871749595664	1282.4835416666667
835.4037171445192	1223.32
835.7202067225306	1170.5279166666667
836.0366436854439	1159.6054166666665
836.3530280251014	1338.0062500000001
836.6693597333452	1330.7245833333334
836.9856388020186	1360.7614583333334
837.3018652229639	1322.5327083333332
837.6180389880233	1369.8635416666666
837.9341600890399	1273.3814583333333
838.2502285178563	1160.515625
838.5662442663146	1222.4097916666667
838.8822073262578	1280.6631249999998
839.1981176895283	1290.6754166666667
839.5139753479687	1194.1933333333334
839.8297802934217	1277.0222916666664
840.1455325177297	1156.8747916666669
840.4612320127352	1252.4466666666667
840.7768787702812	1330.7245833333334
841.0924727822099	1398.9902083333334
841.4080140403643	1132.2991666666667
841.7235025365862	1275.201875
842.038938262719	1305.2387500000002
842.3543212106048	1265.189583333333
842.6696513720862	1401.7208333333335
842.9849287390061	2010.6502083333332
843.3001533032069	1338.00625
843.6153250565309	1379.8758333333333
843.9304439908211	1317.0714583333333
844.24551009792	1213.3077083333335
844.5605233696699	1305.23875
844.8754837979137	1193.283125
845.190391374494	1256.0874999999999
845.5052460912531	1291.585625
845.8200479400336	1355.3002083333333
846.1347969126784	2222.72875
846.4494930010297	1330.7245833333334
846.7641361969305	1430.8475
847.0787264922232	1565.5583333333332
847.3932638787498	1638.375
847.7077483483539	1333.455208333333
848.0221798928775	1295.2264583333333
848.3365585041632	1618.350416666667
848.6508841740534	1275.201875
848.9651568943913	1175.0789583333333
849.2793766570189	2991.8547916666666
849.5935434537789	1797.6614583333333
849.9076572765141	1252.4466666666665
850.221718117067	1239.70375
850.5357259672799	1450.8720833333334
850.8496808189958	1145.0420833333333
851.1635826640571	1204.2056249999998
851.4774314943061	1339.8266666666666
851.7912273015859	1295.2264583333333
852.1049700777388	1216.0383333333332
852.4186598146072	1531.8806249999998
852.732296504034	1180.5402083333333
853.0458801378618	1165.976875
853.3594107079327	1186.0014583333334
853.67288820609	1213.3077083333333
853.9863126241758	1304.3285416666665
854.2996839540325	1193.2831250000002
854.6130021875033	1226.9608333333333
854.9262673164303	1405.3616666666667
855.2394793326564	1271.5610416666666
855.5526382280236	1303.4183333333333
855.8657439943752	1278.8427083333333
856.1787966235535	1256.9977083333333
856.4917961074007	1175.9891666666665
856.80474243776	1277.0222916666664
857.1176356064736	1307.969375
857.4304756053841	1403.5412500000002
857.7432624263345	1327.08375
858.0559960611668	1523.68875
858.3686765017236	1180.5402083333336
858.681303739848	1201.4750000000001
858.9938777673823	1164.1564583333334
859.3063985761688	1924.1804166666668
859.6188661580505	1260.6385416666665
859.93128050487	1327.9939583333332
860.2436416084694	1219.6791666666668
860.5559494606917	1208.7566666666667
860.8682040533795	1258.818125
861.1804053783749	1455.423125
861.4925534275212	1145.0420833333335
861.8046481926605	1211.4872916666666
862.1166896656355	1238.7935416666667
862.4286778382884	1178.7197916666667
862.7406127024626	1304.3285416666665
863.0524942500001	1134.1195833333331
863.3643224727433	1292.4958333333334
863.6760973625354	1456.3333333333333
863.9878189112187	1283.39375
864.2994871106355	1297.046875
864.6111019526287	1459.9741666666666
864.9226634290409	1151.4135416666668
865.2341715317144	1556.4562500000002
865.5456262524921	1346.198125
865.8570275832164	1400.810625
866.1683755157298	1169.6177083333332
866.4796700418752	1212.3974999999998
866.7909111534951	1245.165
867.1020988424316	1226.9608333333333
867.4132331005279	1194.1933333333334
867.7243139196262	1172.3483333333334
868.0353412915691	1201.4750000000001
868.3463152081995	1495.4722916666667
868.6572356613597	1232.4220833333331
868.9681026428924	1291.585625
869.2789161446399	1159.6054166666665
869.5896761584452	1285.2141666666669
869.9003826761507	1199.6545833333332
870.2110356895988	1352.5695833333332
870.5216351906323	1158.6952083333333
870.8321811710938	1334.3654166666665
871.1426736228256	1152.3237499999998
871.4531125376707	1125.9277083333334
871.7634979074714	1100.4418750000002
872.0738297240702	1204.2056249999998
872.38410797931	1389.8881250000002
872.6943326650331	1224.2302083333334
873.0045037730821	1220.5893750000002
873.3146212952998	1201.4750000000001
873.6246852235287	1087.6989583333334
873.9346955496112	1196.01375
874.24465226539	1217.85875
874.5545553627078	1830.4289583333332
874.8644048334069	1410.8229166666667
875.17420066933	1167.7972916666668
875.48394286232	1285.2141666666666
875.793631404219	1195.1035416666666
876.1032662868698	1879.5802083333335
876.4128475021149	1288.8549999999998
876.7223750417972	1405.3616666666667
877.0318488977587	1169.6177083333334
877.3412690618425	1232.4220833333331
877.650635525891	1213.3077083333335
877.9599482817465	1224.2302083333334
878.269207321252	1147.7727083333332
878.57841263625	1090.4295833333335
878.8875642185828	1168.7075000000002
879.1966620600934	1245.165
879.5057061526242	1111.364375
879.8146964880174	1132.2991666666667
880.1236330581162	1346.198125
880.4325158547629	1530.0602083333333
880.7413448697998	1369.8635416666666
881.05012009507	1333.4552083333335
881.358841522416	1229.6914583333335
881.6675091436798	1179.6299999999999
881.9761229507047	1248.8058333333336
882.2846829353331	1179.6299999999999
882.5931890894074	1165.976875
882.9016414047699	1235.1527083333333
883.2100398732638	1261.54875
883.5183844867314	1188.7320833333333
883.826675237015	1225.1404166666666
884.1349121159577	1346.198125
884.4430951154019	1666.5914583333333
884.7512242271898	1388.0677083333333
885.0592994431647	1345.2879166666667
885.3673207551687	1356.2104166666668
885.6752881550442	1217.85875
885.9832016346343	1167.7972916666665
886.2910611857814	1160.515625
886.5988668003275	1220.5893749999998
886.9066184701161	1340.7368749999998
887.2143161869893	1128.6583333333335
887.5219599427896	1225.1404166666666
887.82954972936	1190.5525
888.1370855385427	1375.3247916666667
888.4445673621801	1210.5770833333333
888.7519951921154	1360.7614583333334
889.0593690201907	1221.4995833333332
889.3666888382488	1125.0175
889.673954638132	1196.9239583333335
889.9811664116833	1230.6016666666667
890.288324150745	1215.128125
890.5954278471595	1228.78125
890.90247749277	1196.9239583333333
891.2094730794186	1341.6470833333333
891.5164145989478	1267.9202083333332
891.8233020432004	1540.9827083333332
892.1301354040191	1516.4070833333335
892.4369146732461	1236.0629166666665
892.7436398427244	1123.1970833333332
893.0503109042965	1589.2237499999999
893.3569278498044	1153.2339583333332
893.6634906710915	1203.2954166666666
893.96999936	1231.5118750000001
894.2764539083722	1770.3552083333334
894.5828543080514	1515.496875
894.8892005508795	1185.09125
895.1954926286993	1205.1158333333333
895.5017305333536	2008.8297916666668
895.8079142566849	1294.3162499999999
896.1140437905356	1186.0014583333332
896.4201191267481	1226.9608333333333
896.7261402571654	1144.1318749999998
897.03210717363	1198.744375
897.3380198679843	1217.85875
897.643878332071	1384.4268749999999
897.9496825577328	1609.2483333333332
898.2554325368118	1247.8956249999999
898.5611282611512	1398.9902083333334
898.8667697225933	1299.7775
899.1723569129805	1140.491041666667
899.4778898241558	1136.8502083333333
899.7833684479614	1429.9372916666669
900.0887927762399	1117.7358333333334
900.3941628008342	1167.7972916666668
900.6994785135867	1227.8710416666665
901.0047399063398	1389.8881249999997
901.3099469709363	1744.8693750000002
901.6150996992188	1397.1697916666665
901.9201980830295	1155.9645833333334
902.2252421142116	2198.1531250000003
902.5302317846073	1169.6177083333332
902.8351670860594	1216.0383333333332
903.1400480104098	1368.9533333333331
903.4448745495021	1384.426875
903.7496466951783	1541.8929166666667
904.0543644392808	1389.8881250000002
904.3590277736527	1191.4627083333332
904.6636366901363	1173.2585416666668
904.968191180574	1202.3852083333334
905.2726912368087	1478.1783333333333
905.5771368506829	1327.08375
905.8815280140391	1298.8672916666667
906.18586471872	1489.1008333333332
906.490146956568	1240.6139583333334
906.7943747194257	1265.1895833333335
907.0985479991359	1585.5829166666665
907.4026667875411	1425.3862500000002
907.7067310764836	1228.78125
908.0107408578065	1140.4910416666667
908.3146961233518	1339.8266666666666
908.6185968649625	1214.2179166666667
908.9224430744811	1447.23125
909.2262347437501	1327.08375
909.529971864612	1290.6754166666667
909.8336544289094	6831.113541666666
910.137282428485	1490.92125
910.4408558551816	1276.1120833333334
910.7443747008411	1164.1564583333334
911.0478389573069	1507.305
911.351248616421	1758.5225
911.6546036700261	1389.8881250000002
911.9579041099649	1275.201875
912.26114992808	1142.3114583333333
912.5643411162137	1886.8618749999998
912.867477666209	1633.8239583333334
913.1705595699083	1232.4220833333331
913.4735868191539	1138.670625
913.7765594057887	1231.511875
914.0794773216553	1145.9522916666667
914.382340558596	1223.32
914.6851491084537	1749.4204166666666
914.9879029630708	1329.8143750000002
915.2906021142899	1278.8427083333333
915.5932465539537	1292.4958333333334
915.8958362739046	1262.4589583333334
916.1983712659853	1203.2954166666666
916.5008515220383	1297.046875
916.8032770339062	1186.9116666666666
917.1056477934318	1090.4295833333335
917.407963792457	1649.2975
917.7102250228253	1368.0431250000001
918.0124314763789	1259.7283333333335
918.3145831449599	1172.3483333333334
918.6166800204115	1194.1933333333334
918.9187220945763	1365.3125
919.2207093592963	2009.74
919.5226418064146	1192.3729166666667
919.8245194277738	1173.2585416666666
920.1263422152159	1168.7074999999998
920.4281101605843	1253.3568750000002
920.7298232557209	1145.9522916666667
921.0314814924685	1165.0666666666666
921.3330848626699	1213.307708333333
921.6346333581675	1476.3579166666666
921.9361269708037	1317.9816666666666
922.2375656924214	1163.24625
922.538949514863	1171.438125
922.8402784299712	1368.043125
923.1415524295884	1327.08375
923.4427715055573	1214.2179166666667
923.7439356497206	1206.0260416666667
924.0450448539206	1206.0260416666667
924.34609911	1186.0014583333334
924.6470984098015	1302.508125
924.9480427451673	1225.1404166666666
925.2489321079405	1267.01
925.5497664899635	1197.8341666666668
925.8505458830786	1270.6508333333334
926.1512702791289	1155.9645833333334
926.4519396699565	1219.6791666666668
926.752554047404	1214.2179166666667
927.0531134033143	1291.585625
927.35361772953	1140.4910416666667
927.6540670178932	1160.515625
927.9544612602471	1329.814375
928.2548004484337	1140.491041666667
928.5550845742961	1104.9929166666668
928.8553136296762	1196.01375
929.1554876064173	1118.6460416666666
929.4556064963617	1390.7983333333334
929.7556702913517	1363.4920833333333
930.0556789832303	1313.430625
930.35563256384	1297.046875
930.6555310250232	1390.7983333333334
930.9553743586226	1188.7320833333333
931.2551625564809	1135.9399999999998
931.5548956104402	1360.7614583333334
931.8545735123437	1263.3691666666666
932.1541962540336	1264.279375
932.4537638273525	1093.1602083333335
932.7532762241433	1277.9325
933.0527334362483	1355.3002083333333
933.3521354555098	1144.131875
933.6514822737711	1211.4872916666666
933.9507738828743	1439.039375
934.2500102746618	1266.0997916666668
934.5491914409766	1155.9645833333334
934.8483173736612	1492.7416666666668
935.1473880645581	1250.62625
935.4464035055097	1147.7727083333336
935.745363688359	1139.5808333333334
936.0442686049482	1246.9854166666667
936.3431182471198	1223.32
936.641912606717	1123.1970833333332
936.9406516755819	1179.63
937.239335445557	1195.1035416666666
937.537963908485	1154.1441666666667
937.8365370562088	1316.1612499999999
938.1350548805704	1130.47875
938.4335173734129	1150.5033333333333
938.7319245265786	1135.0297916666666
939.0302763319099	1142.3114583333333
939.3285727812499	1133.2093750000001
939.626813866441	1092.25
939.9249995793253	1229.6914583333335
940.223129911746	1113.1847916666666
940.5212048555455	1175.0789583333333
940.8192244025662	1186.9116666666666
941.1171885446508	1178.7197916666667
941.415097273642	1133.2093750000001
941.7129505813822	1191.4627083333335
942.0107484597139	1215.128125
942.30849090048	1213.307708333333
942.6061778955228	1175.0789583333333
942.9038094366849	1628.3627083333333
943.2013855158092	1540.0725
943.4989061247379	1176.899375
943.7963712553136	1153.2339583333335
944.0937808993792	1143.2216666666666
944.3911350487772	1191.4627083333335
944.6884336953495	1367.1329166666667
944.9856768309398	1650.2077083333334
945.28286444739	1398.9902083333334
945.5799965365427	1626.5422916666666
945.8770730902406	1295.2264583333333
946.1740941003263	1331.6347916666666
946.4710595586421	1244.2547916666665
946.7679694570312	1149.593125
947.0648237873357	1189.6422916666666
947.3616225413981	1134.1195833333334
947.6583657110614	1089.519375
947.9550532881678	1225.1404166666669
948.25168526456	1378.965625
948.5482616320805	1297.046875
948.8447823825722	1430.8474999999999
949.1412475078774	1226.050625
949.4376569998386	1129.5685416666668
949.7340108502987	1174.1687499999998
950.0303090511001	1056.751875
950.3265515940852	1307.969375
950.6227384710969	1098.6214583333333
950.9188696739777	1148.6829166666666
951.2149451945699	1194.1933333333334
951.5109650247166	1146.8625
951.8069291562598	1103.1725000000001
952.1028375810424	1178.7197916666667
952.3986902909071	1454.5129166666666
952.6944872776962	1165.0666666666666
952.9902285332523	1131.3889583333334
953.2859140494182	1186.9116666666666
953.5815438180365	1155.054375
953.8771178309494	1532.7908333333332
954.1726360799998	1233.3322916666666
954.4680985570304	1136.8502083333333
954.7635052538835	1117.7358333333334
955.0588561624015	1158.6952083333333
955.3541512744275	1169.6177083333334
955.6493905818038	1138.670625
955.9445740763729	1263.3691666666666
956.2397017499775	1247.8956249999999
956.5347735944603	1328.9041666666667
956.8297896016634	1292.4958333333334
957.1247497634299	1303.4183333333333
957.4196540716023	1269.7406250000001
957.7145025180229	1171.438125
958.0092950945348	1194.1933333333334
958.3040317929799	1202.3852083333334
958.5987126052012	1326.1735416666666
958.8933375230413	2049.789166666667
959.1879065383425	1436.3087500000001
959.4824196429477	1478.1783333333333
959.7768768286993	1142.3114583333333
960.07127808744	1384.426875
960.3656234110122	1152.32375
960.6599127912586	1152.3237500000002
960.9541462200218	1102.2622916666667
961.2483236891444	1188.7320833333333
961.5424451904687	1263.3691666666666
961.8365107158377	1212.3975
962.1305202570937	1188.7320833333333
962.4244738060793	1370.77375
962.7183713546373	1203.2954166666666
963.01221289461	1128.6583333333333
963.3059984178401	1165.0666666666666
963.5997279161703	1134.1195833333334
963.893401381443	1178.7197916666667
964.1870188055007	1393.5289583333333
964.4805801801863	1159.6054166666665
964.7740854973422	1321.6225000000002
965.0675347488107	1222.4097916666667
965.3609279264349	1301.5979166666666
965.6542650220572	1189.6422916666668
965.9475460275199	1113.1847916666668
966.240770934666	1127.748125
966.5339397353379	1265.1895833333335
966.8270524213779	1082.2377083333333
967.120108984629	1115.9154166666667
967.4131094169337	1197.8341666666665
967.7060537101345	1191.4627083333332
967.9989418560739	1186.0014583333334
968.2917738465945	1206.93625
968.5845496735391	1363.4920833333333
968.8772693287499	1148.6829166666666
969.16993280407	1094.0704166666667
969.4625400913416	1054.02125
969.755091182407	1109.5439583333334
970.0475860691095	1823.147291666667
970.3400247432913	1315.2510416666667
970.6324071967948	1648.3872916666667
970.924733421463	1157.7849999999999
971.2170034091381	1108.63375
971.5092171516628	1221.4995833333335
971.80137464088	2204.5245833333333
972.0934758686318	1136.8502083333333
972.385520826761	1426.2964583333332
972.6775095071101	1241.5241666666668
972.9694419015219	1232.4220833333334
973.2613180018386	1156.8747916666669
973.5531377999032	1188.7320833333333
973.8449012875581	1168.7074999999998
974.1366084566458	1214.2179166666665
974.4282592990087	1406.2718750000001
974.71985380649	1195.1035416666666
975.0113919709318	1232.4220833333331
975.3028737841765	1115.9154166666665
975.5942992380673	1080.4172916666666
975.8856683244463	1191.4627083333332
976.1769810351561	1136.8502083333335
976.4682373620396	1311.6102083333333
976.7594372969393	1171.4381250000001
977.0505808316972	1136.8502083333333
977.3416679581567	1429.0270833333334
977.6326986681601	1355.3002083333333
977.9236729535495	1229.6914583333335
978.2145908061682	1282.4835416666667
978.5054522178584	2518.5464583333337
978.7962571804626	1245.165
979.0870056858237	1215.1281250000002
979.3776977257842	1443.5904166666667
979.6683332921862	1344.3777083333332
979.9589123768728	1571.9297916666667
980.2494349716867	1392.6187499999999
980.53990106847	1249.7160416666666
980.8303106590655	1563.737916666667
981.1206637353158	1206.0260416666667
981.4109602890635	1144.131875
981.7012003121511	1175.0789583333333
981.9913837964212	1325.2633333333333
982.2815107337166	1327.08375
982.5715811158793	1153.2339583333335
982.8615949347526	1134.1195833333334
983.1515521821785	1166.8870833333333
983.4414528499998	1268.8304166666667
983.7312969300594	1303.4183333333333
984.0210844141994	1393.5289583333333
984.3108152942625	1493.6518750000002
984.6004895620915	1193.2831250000002
984.8901072095288	1226.050625
985.1796682284167	1140.4910416666664
985.4691726105984	1370.77375
985.7586203479162	1613.7993749999998
986.0480114322123	1157.785
986.33734585533	1070.405
986.6266236091113	1161.4258333333335
986.9158446853992	1517.3172916666665
987.2050090760357	1242.434375
987.4941167728639	1143.2216666666666
987.7831677677262	1128.658333333333
988.0721620524652	1246.9854166666667
988.3610996189235	1059.4825
988.6499804589438	1334.3654166666668
988.9388045643683	1174.1687499999998
989.2275719270399	1111.364375
989.5162825388013	1149.593125
989.8049363914945	1094.0704166666667
990.0935334769628	1137.7604166666667
990.3820737870484	1113.1847916666666
990.6705573135936	1217.85875
990.9589840484416	1332.545
991.2473539834347	1125.0175000000002
991.5356671104153	1570.109375
991.8239234212261	1242.434375
992.1121229077099	1206.93625
992.400265561709	1162.3360416666667
992.6883513750662	1149.593125
992.9763803396239	1136.8502083333333
993.2643524472247	1347.1083333333333
993.5522676897112	1158.6952083333333
993.8401260589261	1142.3114583333336
994.1279275467119	1090.4295833333333
994.4156721449109	1280.663125
994.7033598453662	1351.659375
994.99099063992	1281.5733333333333
995.2785645204149	1122.286875
995.5660814786938	1253.3568750000002
995.853541506599	1267.9202083333332
996.140944595973	1236.9731250000002
996.4282907386587	1354.39
996.7155799264985	1128.6583333333335
997.0028121513348	1446.3210416666668
997.2899874050105	1250.62625
997.5771056793681	1106.8133333333333
997.8641669662499	1108.6337500000002
998.1511712574988	1290.6754166666667
998.4381185449574	1153.2339583333332
998.725008820468	1343.4675
999.0118420758735	1179.63
999.2986183030163	1119.5562499999999
999.585337493739	1186.0014583333334
999.8719996398839	1210.5770833333333
1000.158604733294	1087.6989583333334
1000.445152765812	1536.4316666666666
1000.7316437292799	1220.5893749999998
1001.0180776155407	1301.5979166666666
1001.3044544164371	1124.1072916666667
1001.5907741238111	1481.819166666667
1001.8770367295059	1684.795625
1002.1632422253638	1234.2425
1002.4493906032271	1230.6016666666667
1002.735481854939	1114.095
1003.0215159723417	1458.1537499999997
1003.3074929472778	1159.6054166666665
1003.59341277159	1280.663125
1003.8792754371208	1248.8058333333333
1004.1650809357126	1346.198125
1004.4508292592081	1375.3247916666667
1004.7365203994503	1364.4022916666665
1005.0221543482811	1161.4258333333335
1005.3077310975436	1284.3039583333332
1005.5932506390802	1120.4664583333333
1005.8787129647335	1137.7604166666667
1006.1641180663456	1258.818125
1006.4494659357599	1256.0875
1006.7347565648188	1172.3483333333334
1007.0199899453642	1708.4610416666667
1007.3051660692394	1167.7972916666665
1007.5902849282868	1113.1847916666666
1007.8753465143486	1175.0789583333333
1008.160350819268	1277.0222916666667
1008.4452978348874	1244.2547916666665
1008.7301875530488	1354.39
1009.0150199655957	1312.5204166666667
1009.2997950643701	1090.4295833333333
1009.5845128412144	1252.4466666666665
1009.8691732879718	1114.095
1010.1537763964845	1193.283125
1010.4383221585949	1234.2425
1010.7228105661462	1084.9683333333332
1011.0072416109805	1164.1564583333331
1011.2916152849402	1193.283125
1011.5759315798686	1156.8747916666664
1011.8601904876076	1084.9683333333332
1012.144392	1129.5685416666668
1012.4285361088884	1181.4504166666666
1012.7126228061155	1177.8095833333334
1012.9966520835236	1570.109375
1013.2806239329553	1183.2708333333333
1013.5645383462538	1252.4466666666665
1013.8483953152609	1271.5610416666666
1014.1321948318193	1206.0260416666667
1014.4159368877722	1150.5033333333333
1014.6996214749615	1257.9079166666668
1014.98324858523	1377.1452083333334
1015.2668182104202	1226.0506249999999
1015.5503303423751	1342.5572916666667
1015.8337849729367	1232.4220833333336
1016.1171820939478	1202.3852083333334
1016.4005216972512	1256.0874999999999
1016.6838037746892	1117.7358333333332
1016.9670283181047	1338.9164583333334
1017.2501953193398	1313.430625
1017.5333047702371	1175.0789583333333
1017.81635666264	1365.3125
1018.0993509883903	1317.0714583333333
1018.3822877393309	1213.3077083333333
1018.6651669073037	1205.1158333333333
1018.9479884841523	1209.6668750000001
1019.2307524617187	1254.2670833333334
1019.5134588318456	1274.2916666666667
1019.7961075863757	1302.508125
1020.0786987171514	1125.0175
1020.3612322160153	1342.5572916666667
1020.6437080748101	1281.5733333333333
1020.9261262853781	1183.2708333333333
1021.208486839562	1267.9202083333332
1021.4907897292048	1249.7160416666668
1021.7730349461489	1407.1820833333334
1022.0552224822362	1180.540208333333
1022.33735232931	1127.748125
1022.6194244792129	1258.818125
1022.9014389237868	1193.2831250000002
1023.1833956548752	1243.3445833333333
1023.46529466432	1334.3654166666668
1023.7471359439638	1145.0420833333335
1024.0289194856498	1208.7566666666667
1024.3106452812199	1290.6754166666667
1024.5923133225172	1162.3360416666667
1024.8739236013837	1164.1564583333331
1025.1554761096625	1164.1564583333331
1025.436970839196	1164.1564583333331
