339.86832	19.114375
340.2509644343084	33996.28125
340.6335677717954	222.09083333333334
341.0161300043036	131.9802083333333
341.3986511236755	275.793125
341.78113112175373	241.20520833333333
342.16356999038084	212.07854166666667
342.5459677213995	247.57666666666668
342.92832430665214	7774.089375
343.3106397379815	1088.6091666666669
343.69291400723	344.9689583333334
344.0751471062403	275.793125
344.45733902685504	391.3895833333333
344.83948976091665	384.10791666666665
345.2215993002679	409.59375
345.60366763675125	368.6343749999999
345.9856947622093	476.9491666666666
346.3676806684845	322.21375000000006
346.74962534741974	402.3120833333333
347.1315287908573	482.41041666666666
347.51339099064	462.3858333333333
347.8952119386102	439.630625
348.2769916266106	418.6958333333334
348.6587300464838	1125.0175
349.0404271900723	613.4804166666667
349.4220830492187	679.925625
349.80369761576566	572.5210416666666
350.1852708815557	691.7583333333333
350.5668028384313	611.66
350.9482934782352	960.2697916666666
351.32974279281	623.4927083333333
351.71115077399816	622.5825
352.0925174136422	757.2933333333334
352.47384270358486	726.3462499999999
352.8551266356687	658.9908333333334
353.23636920173624	675.3745833333334
353.61757039363005	708.1420833333333
353.9987302031928	893.8245833333334
354.379848622267	891.0939583333333
354.76092564269516	780.0485416666667
355.14196125632	702.6808333333333
355.52295545498407	781.8689583333334
355.90390823052985	722.7054166666667
356.2848195748	910.2083333333334
356.6656894796371	727.2564583333334
357.04651793688373	741.8197916666667
357.4273049383824	725.4360416666667
357.8080504759759	720.8850000000001
358.18875454150657	853.7754166666667
358.5694171268171	693.57875
358.9500382237499	766.3954166666666
359.3306178241479	791.88125
359.7111559198534	771.8566666666666
360.0916525027091	739.999375
360.47210756455746	746.3708333333333
360.85252109724127	753.6525
361.23289309260286	648.9785416666667
361.61322354248495	729.9870833333334
361.99351243873014	730.8972916666667
362.37375977318095	945.7064583333334
362.75396553768	856.5060416666665
363.1341297240698	770.0362500000001
363.514252324193	722.7054166666667
363.8943333298922	671.73375
364.27437273300995	899.2858333333334
364.65437052538874	749.1014583333334
365.03432669887127	684.4766666666666
365.4142412453001	714.5135416666667
365.7941141565177	1053.1110416666668
366.1739454243669	717.2441666666667
366.55373504069	690.848125
366.93348299732975	673.5541666666667
367.31318928612865	813.72625
367.6928538989293	704.5012499999999
368.0724768275743	640.7866666666666
368.4520580639063	841.0324999999999
368.83159759976763	783.689375
369.21109542700117	1102.2622916666667
369.59055153744936	777.3179166666667
369.9699659229547	704.5012499999999
370.34933857536	713.6033333333334
370.72866948650767	696.3093749999999
371.10795864824024	769.1260416666668
371.4872060524004	896.5552083333332
371.8664116908307	770.03625
372.2455755553737	1485.46
372.6246976378721	782.7791666666667
373.00377793016827	885.6327083333332
373.38281642410493	841.9427083333334
373.76181311152465	855.5958333333333
374.14076798427	836.4814583333333
374.5196810341835	857.4162499999999
374.8985522531078	854.6856250000001
375.2773816328855	744.5504166666666
375.6561691653591	751.8320833333333
376.0349148423712	697.2195833333334
376.4136186557645	635.3254166666667
376.7922805973814	724.5258333333335
377.17090065906456	591.6354166666666
377.5494788326565	606.19875
377.92801511000005	788.2404166666666
378.3065094829374	854.6856250000001
378.6849619433114	706.3216666666667
379.0633724829646	841.0324999999999
379.4417410937395	801.8935416666667
379.82006776747875	1286.124375
380.1983524960249	737.2687500000001
380.57659527122047	666.2724999999999
380.9547960849082	691.7583333333333
381.33295492893046	657.1704166666667
381.71107179513	770.9464583333333
382.08914667534935	665.3622916666667
382.467179561431	692.6685416666668
382.84517044521766	658.0806249999999
383.22311931855194	765.4852083333334
383.60102617327624	783.6893749999999
383.97889100123325	910.2083333333334
384.35671379426554	735.4483333333334
384.73449454421575	725.4360416666667
385.1122332429263	693.57875
385.48992988224	779.1383333333333
385.8675844539992	643.5172916666667
386.24519695004665	723.615625
386.6227673622248	641.696875
387.0002956823763	737.2687500000001
387.3777819023437	971.1922916666667
387.75522601396966	860.146875
388.1326280090966	695.3991666666667
388.5099878795673	687.2072916666667
388.8873056172243	747.2810416666666
389.26458121391	643.5172916666667
389.6418146614671	713.6033333333335
390.0190059517382	635.3254166666667
390.3961550765659	687.2072916666666
390.77326202779267	815.5466666666667
391.15032679726124	621.6722916666666
391.5273493768141	677.195
391.9043297582938	702.6808333333333
392.2812679335429	722.7054166666667
392.65816389440414	742.73
393.03501763272	729.0768750000001
393.41182914033305	747.2810416666667
393.7885984090858	687.2072916666666
394.165325430821	810.995625
394.5420101973811	752.7422916666668
394.9186527006087	704.5012499999999
395.29525293234644	795.5220833333333
395.67181088443687	671.73375
396.04832654872257	792.7914583333335
396.424799917046	886.5429166666667
396.80123098124994	689.0277083333334
397.1776197331769	838.301875
397.5539661646694	768.2158333333333
397.93027026757005	670.8235416666666
398.30653203372145	729.9870833333333
398.6827514549662	629.8641666666666
399.05892852314685	858.3264583333333
399.4350632301059	669.9133333333333
399.8111555676861	736.3585416666666
400.18720552772993	677.1949999999999
400.56321310207994	750.921875
400.9391782825788	751.8320833333332
401.315101061069	780.0485416666667
401.6909814293932	805.5343750000001
402.06681937939385	711.7829166666667
402.4426149029137	669.0031250000001
402.8183679917953	770.9464583333333
403.19407863788103	724.5258333333333
403.56974683301377	693.57875
403.94537256903584	644.4275000000001
404.32095583779	680.8358333333334
404.69649663111875	822.8283333333333
405.0719949408646	788.2404166666666
405.4474507588703	703.5910416666666
405.82286407697836	778.228125
406.1982348870312	673.5541666666667
406.57356318087164	760.0239583333332
406.94884895034215	693.57875
407.3240921872853	695.3991666666666
407.6992928835437	729.0768750000001
408.07445103095995	651.7091666666666
408.4495666213767	660.8112499999999
408.8246396466363	646.2479166666667
409.19967009858135	682.65625
409.5746579690547	767.305625
409.94960324989876	661.7214583333333
410.324505932956	672.6439583333334
410.69936601006924	704.5012499999999
411.07418347308095	745.460625
411.4489583138336	831.0202083333334
411.82369052417	848.3141666666667
412.1983800959325	689.9379166666668
412.5730270209638	722.7054166666667
412.9476312911065	698.1297916666666
413.32219289820307	775.4975
413.6967118340962	680.8358333333333
414.0711880906285	722.7054166666667
414.4456216596423	666.2725
414.8200125329805	820.0977083333332
415.19436070248554	750.921875
415.56866615999996	725.4360416666667
415.94292889736636	787.3302083333334
416.3171489064274	716.3339583333333
416.6913261790256	859.2366666666667
417.0654607070035	803.7139583333333
417.43955248220374	863.7877083333333
417.81360149646883	819.1875
418.1876077416415	913.8491666666667
418.56157120956414	690.848125
418.9354918920794	683.5664583333333
419.30936978103	775.4975
419.68320486825826	750.0116666666667
420.056997145607	774.5872916666667
420.43074660491874	780.0485416666667
420.80445323803593	731.8075
421.17811703680127	800.9833333333332
421.55173799305726	708.1420833333333
421.9253160986466	729.9870833333334
422.2988513454117	723.615625
422.67234372519533	812.8160416666666
423.04579322983994	799.1629166666667
423.4191998511882	927.5022916666667
423.79256358108256	733.6279166666667
424.16588441136577	750.0116666666667
424.5391623338803	1058.5722916666666
424.9123973404688	814.6364583333334
425.2855894229737	690.848125
425.65873857323766	720.8850000000001
426.03184478310334	678.1052083333333
426.4049080444133	886.5429166666667
426.77792834901	896.5552083333333
427.1509056887361	724.5258333333335
427.5238400554342	816.456875
427.8967314409469	734.538125
428.2695798371167	1052.2008333333333
428.6423852357862	766.3954166666667
429.0151476287981	845.5835416666665
429.38786700799477	1442.6802083333332
429.76054336521895	861.0570833333333
430.13317669231316	869.2489583333332
430.50576698111996	782.7791666666666
430.878314223482	906.5675
431.25081841124177	823.7385416666666
431.623279536242	1060.3927083333333
431.99569759032505	774.5872916666667
432.3680725653337	917.4900000000001
432.7404044531105	913.8491666666667
433.11269324549784	845.5835416666667
433.4849389343386	804.6241666666666
433.85714151147505	820.0977083333333
434.22930096874995	851.9549999999999
434.60141729800597	841.9427083333334
434.9734904910854	940.2452083333333
435.3455205398311	902.9266666666667
435.71750743608555	846.49375
436.08945117169117	932.0533333333333
436.4613517384908	909.2981249999999
436.833209128327	1005.7802083333332
437.2050233330421	892.914375
437.57679434447897	922.9512500000001
437.94852215448	958.449375
438.3202067548878	948.4370833333334
438.69184813754504	948.4370833333332
439.0634462942942	894.7347916666668
439.43500121697787	993.0372916666666
439.8065128974388	994.8577083333333
440.17798132751926	968.4616666666667
440.54940649906206	1021.2537499999999
440.92078840390974	971.1922916666666
441.2921270339049	1085.8785416666667
441.66342238089	1099.5316666666668
442.0346744367077	1038.5477083333335
442.4058831932006	1070.405
442.7770486422113	982.1147916666667
443.1481707755823	1070.405
443.5192495851562	1281.5733333333333
443.89028506277566	1127.7481249999998
444.26127720028313	1090.4295833333333
444.6322259895213	1230.6016666666667
445.00313142233273	1071.3152083333334
445.37399349056	1102.2622916666667
445.74481218604564	1067.674375
446.1155875006322	1158.6952083333333
446.4863194261624	1023.0741666666667
446.8570079544787	1621.9912499999998
447.2276530774237	1170.5279166666667
447.5982547868401	1093.1602083333335
447.9688130745703	1177.8095833333334
448.3393279324569	1171.438125
448.7097993523426	1109.5439583333334
449.08022732607	1109.5439583333334
449.45061184548155	1051.2906249999999
449.82095290241983	1136.8502083333333
450.1912504887275	1145.9522916666667
450.56150459624706	1002.1393750000001
450.93171521682126	1196.01375
451.30188234229246	1381.69625
451.67200596450334	1074.0458333333333
452.04208607529654	1036.7272916666666
452.4121226665145	937.5145833333332
452.78211573	997.5883333333335
453.15206525759544	996.678125
453.52197124114343	927.5022916666667
453.8918336724866	952.988125
454.2616525434675	919.3104166666667
454.6314278459287	1276.1120833333334
455.0011595717129	926.5920833333333
455.37084771266245	899.2858333333334
455.74049226062016	955.71875
456.11009320742846	850.1345833333334
456.47965054492994	868.33875
456.8491642649673	815.5466666666666
457.21863435938303	873.8000000000001
457.5880608200197	910.2083333333334
457.95744363871995	907.4777083333333
458.3267828073262	821.0079166666666
458.69607831768127	888.3633333333333
459.0653301616276	838.301875
459.43453833100773	848.3141666666667
459.8037028176643	878.3510416666667
460.17282361344	792.7914583333335
460.54190071017723	973.9229166666668
460.9109340997186	865.6081250000001
461.2799237739068	792.7914583333333
461.64886972458436	944.79625
462.01777194359374	929.3227083333335
462.38663042277767	1336.1858333333332
462.75544515397866	942.0656249999998
463.1242161290393	882.9020833333333
463.49294333980225	848.3141666666667
463.86162677810995	810.0854166666667
464.2302664358051	882.9020833333334
464.5988623047302	860.146875
464.96741437672785	763.6647916666667
465.3359226436407	1064.0335416666667
465.70438709731116	1033.9966666666667
466.0728077295821	938.4247916666667
466.4411845322957	853.7754166666667
466.8095174972949	895.645
467.1778066164222	823.7385416666666
467.54605188151993	809.1752083333334
467.914253284431	1094.0704166666667
468.2824108169978	833.7508333333334
468.65052447106297	928.4125
469.0185942384692	933.8737500000001
469.38662011105873	817.3670833333332
469.75460208067443	843.763125
470.1225401391589	837.3916666666668
470.49043427835454	770.03625
470.85828449010404	932.9635416666666
471.22609076624997	753.6525
471.5938530986349	738.1789583333333
471.96157147910145	914.759375
472.3292458994921	759.11375
472.69687635164945	874.7102083333333
473.06446282741626	926.5920833333333
473.4320053186349	876.530625
473.7995038171479	812.8160416666668
474.1669583147982	797.3425000000001
474.5343688034279	1263.3691666666666
474.90173527488	834.6610416666667
475.26905772099684	800.073125
475.63633613362094	1167.7972916666668
476.0035705045952	899.2858333333334
476.3707608257619	945.7064583333334
476.7379070889637	851.9549999999999
477.1050092860433	821.918125
477.4720674088431	1188.7320833333333
477.8390814492057	860.146875
478.2060513989739	839.2120833333333
478.57297724998995	766.3954166666666
478.9398589940967	737.2687500000001
479.30669662313665	800.0731249999999
479.67349012895227	802.80375
480.04023950338626	932.0533333333333
480.4069447382812	804.6241666666666
480.77360582547965	828.2895833333333
481.1402227568242	1124.107291666667
481.5067955241573	842.8529166666667
481.8733241193217	814.6364583333333
482.23980853416	751.8320833333333
482.60624876051463	716.3339583333333
482.97264479022823	892.914375
483.3389966151434	866.5183333333333
483.70530422710266	861.9672916666667
484.0715676179487	810.0854166666667
484.43778677952406	800.9833333333332
484.80396170367123	831.9304166666666
485.170092382233	900.1960416666667
485.53617880705167	942.0656250000001
485.90222096996996	1147.7727083333334
486.2682188628305	993.0372916666665
486.63417247747583	814.6364583333334
487.0000818057485	1211.4872916666666
487.36594683949113	862.8775
487.73176757054625	881.0816666666666
488.09754399075644	1001.2291666666666
488.46327609196436	892.914375
488.8289638660125	819.1875
489.19460730474356	862.8774999999999
489.56020639999997	1581.9420833333334
489.9257611436244	818.2772916666667
490.29127152745946	833.7508333333334
490.65673754334756	829.1997916666666
491.0221591831315	776.4077083333333
491.3875364386538	817.3670833333334
491.75286930175685	786.4200000000001
492.11815776428347	1132.2991666666667
492.4834018180762	1143.2216666666666
492.8486014549774	849.2243749999999
493.21375666683	885.6327083333334
493.5788674454763	838.301875
493.94393378275896	1328.904166666667
494.30895567052073	883.8122916666666
494.67393310060385	830.11
495.0388660648512	945.7064583333334
495.4037545551053	956.6289583333333
495.76859856320857	907.4777083333333
496.1333980810037	946.6166666666667
496.49815310033335	903.836875
496.8628636130399	1125.0175
497.22752961096626	868.3387499999999
497.59215108595464	867.4285416666667
497.95672802984774	822.8283333333334
498.3212604344883	1277.9325000000001
498.6857482917187	920.2206249999999
499.05019159338167	998.4985416666667
499.4145903313197	1045.829375
499.7789444973753	982.1147916666665
500.14325408339124	1165.0666666666668
500.50751908121	894.7347916666668
500.8717394826741	906.5675
501.2359152796262	1019.4333333333334
501.6000464639089	884.7225
501.9641330273647	990.3066666666667
502.3281749618363	1052.2008333333333
502.69217225916606	918.4002083333334
503.0561249111968	1029.445625
503.42003290977095	928.4125
503.78389624673116	867.4285416666667
504.14771491391997	907.4777083333333
504.51148890318	961.18
504.8752182063538	1065.8539583333334
505.238902815284	954.8085416666667
505.60254272181305	936.6043749999999
505.9661379177837	942.9758333333333
506.3296883950385	898.375625
506.69319414541985	816.456875
507.05665516077056	2042.5075
507.42007143293307	1016.7027083333332
507.78344295374995	980.2943750000001
508.14676971506384	1507.305
508.51005170871747	886.5429166666667
508.8732889265531	1030.3558333333333
509.2364813604135	932.0533333333333
509.5996290021412	892.0041666666666
509.9627318435789	968.4616666666667
510.325789876569	999.4087499999999
510.6888030929541	969.3718750000002
511.051771484577	875.6204166666666
511.41469504328	963.0004166666668
511.77757376090574	952.0779166666666
512.1404076292971	888.3633333333333
512.5031966402962	954.8085416666667
512.8659407857458	942.9758333333333
513.2286400574887	951.1677083333334
513.5912944473672	928.4125
513.953903947224	922.0410416666667
514.3164685489018	951.1677083333334
514.6789882442428	974.833125
515.04146302509	1031.2660416666668
515.4038928832857	1047.6497916666667
515.7662778106726	981.2045833333333
516.1286177990931	1036.7272916666666
516.4909128403904	1001.2291666666666
516.8531629264063	1338.0062500000001
517.2153680489837	1055.8416666666667
517.5775281999652	1019.4333333333334
517.9396433711935	990.3066666666667
518.3017135545108	948.4370833333332
518.66373874176	1094.0704166666667
519.0257189247836	1015.7925
519.3876540954242	1074.9560416666666
519.7495442455245	1130.47875
520.1113893669268	1130.4787500000002
520.4731894514738	1054.9314583333332
520.8349444910081	1029.445625
521.1966544773722	1112.2745833333333
521.558319402409	1033.9966666666667
521.9199392579607	1026.7150000000001
522.28151403587	1226.050625
522.6430437279796	1213.3077083333335
523.0045283261317	1076.7764583333335
523.3659678221695	1015.7925
523.7273622079351	981.2045833333333
524.0887114752712	1003.9597916666667
524.4500156160204	920.2206249999999
524.8112746220253	946.6166666666667
525.1724884851286	995.7679166666667
525.5336571971726	1652.9383333333333
525.8947807500001	1069.4947916666667
526.2558591354534	1071.3152083333334
526.6168923453754	1074.0458333333333
526.9778803716086	1002.1393749999999
527.3388232059956	1094.0704166666667
527.6997208403786	2509.444375
528.0605732666008	1059.4825
528.4213804765045	949.3472916666666
528.782142461932	1013.9720833333332
529.1428592147264	1044.0089583333333
529.50353072673	975.7433333333333
529.8641569897852	1000.3189583333333
530.224737995735	1175.9891666666665
530.5852737364216	984.8454166666667
530.9457642036878	1018.523125
531.3062093893762	998.4985416666667
531.6666092853293	999.4087499999999
532.0269638833895	997.5883333333333
532.3872731753997	1101.3520833333334
532.7475371532023	1109.5439583333334
533.10775580864	932.9635416666666
533.4679291335551	912.02875
533.8280571197906	985.7556249999999
534.1881397591887	1174.16875
534.5481770435923	1000.3189583333333
534.9081689648438	1005.7802083333332
535.2681155147857	987.5760416666667
535.6280166852607	983.025
535.9878724681114	1163.24625
536.3476828551802	1012.1516666666666
536.7074478383099	1254.2670833333334
537.0671674093431	1076.7764583333335
537.4268415601222	896.5552083333333
537.7864702824897	922.9512500000001
538.1460535682887	999.40875
538.5055914093612	971.1922916666667
538.8650837975499	1023.984375
539.2245307246978	991.2168750000001
539.5839321826469	967.5514583333334
539.9432881632401	930.2329166666667
540.30259865832	982.1147916666665
540.6618636597291	954.8085416666667
541.0210831593098	942.0656250000001
541.380257148905	1064.0335416666667
541.7393856203572	955.71875
542.0984685655087	966.64125
542.4575059762025	1088.6091666666666
542.8164978442809	922.0410416666667
543.1754441615866	986.6658333333334
543.5343449199621	973.0127083333333
543.89320011125	1011.2414583333334
544.2520097272928	899.2858333333334
544.6107737599334	993.0372916666666
544.9694922010141	840.1222916666667
545.3281650423775	937.5145833333332
545.6867922758662	954.8085416666667
546.0453738933229	843.763125
546.40390988659	979.3841666666667
546.7624002475101	1081.3275
547.1208449679259	1025.8047916666667
547.4792440396799	894.7347916666668
547.8375974546148	860.146875
548.195905204573	1176.899375
548.5541672813971	887.453125
548.91238367693	887.453125
549.2705543830137	945.7064583333334
549.6286793914913	909.2981249999999
549.986758694205	993.9474999999999
550.3447922829978	887.453125
550.702780149712	980.2943750000001
551.0607222861901	880.1714583333334
551.4186186842746	932.0533333333333
551.7764693358087	990.3066666666667
552.1342742326343	911.1185416666667
552.4920333665942	1010.3312499999998
552.8497467295313	890.18375
553.2074143132876	905.6572916666668
553.565036109706	932.0533333333333
553.9226121106294	920.2206249999999
554.2801423078997	938.4247916666667
554.63762669336	936.6043749999999
554.9950652588526	992.1270833333333
555.3524579962202	924.7716666666665
555.7098048973054	880.1714583333334
556.0671059539508	1019.4333333333334
556.4243611579986	894.7347916666668
556.7815705012921	937.5145833333332
557.1387339756732	1025.8047916666667
557.495851572985	898.375625
557.8529232850698	920.220625
558.20994910377	893.8245833333334
558.5669290209286	902.0164583333334
558.9238630283878	923.8614583333333
559.2807511179905	902.0164583333334
559.6375932815791	903.836875
559.9943895109963	872.8897916666666
560.3511397980844	867.4285416666667
560.7078441346864	1028.5354166666666
561.0645025126445	947.5268749999999
561.4211149238015	937.5145833333332
561.77768136	911.1185416666667
562.1342018130823	878.3510416666667
562.4906762748914	885.6327083333332
562.8471047372697	962.0902083333334
563.2034871920595	891.0939583333334
563.5598236311037	865.6081250000001
563.9161140462448	1397.1697916666665
564.2723584293254	1088.6091666666666
564.6285567721882	916.5797916666667
564.9847090666755	963.0004166666666
565.34081530463	870.1591666666667
565.6968754778943	1280.663125
566.052889578311	1186.0014583333334
566.4088575977227	1435.3985416666665
566.7647795279719	1007.600625
567.1206553609012	1013.9720833333334
567.4764850883533	963.910625
567.8322687021706	983.025
568.1880061941957	1168.7074999999998
568.5436975562714	1043.09875
568.89934278024	1179.63
569.2549418579441	1158.6952083333333
569.6104947812267	1297.046875
569.9660015419297	1198.744375
570.3214621318963	1116.825625
570.6768765429688	1093.1602083333335
571.0322447669896	1137.7604166666667
571.3875667958016	1124.107291666667
571.7428426212473	1380.786041666667
572.0980722351692	1148.6829166666666
572.45325562941	1225.1404166666666
572.8083927958121	1251.5364583333333
573.1634837262183	1374.4145833333332
573.5185284124709	1319.8020833333335
573.8735268464127	1317.0714583333333
574.2284790198863	1489.1008333333332
574.5833849247341	1442.6802083333332
574.9382445527988	1537.341875
575.293057895923	1554.6358333333335
575.6478249459491	1564.648125
576.0025456947199	1658.399583333333
576.357220134078	1701.179375
576.7118482558658	1990.625625
577.066430051926	1785.82875
577.4209655141011	2045.238125
577.7754546342337	2199.0633333333335
578.1298974041664	2212.716458333334
578.4842938157419	2336.5047916666667
578.8386438608024	2335.594583333333
579.192947531191	2399.3091666666664
579.54720481875	2601.3754166666663
579.9014157153218	2558.595625
580.2555802127495	2709.6902083333334
580.609698302875	2815.2743749999995
580.9637699775415	2995.495625
581.3177952285913	3181.1781250000004
581.6717740478667	3331.3625000000006
582.0257064272109	3466.0733333333337
582.3795923584662	3601.6943749999996
582.7334318334749	3901.1529166666664
583.08722484408	4177.85625
583.4409713821237	4406.3185416666665
583.794671439449	4255.223958333333
584.1483250078983	4696.675
584.501932079314	4794.9775
584.8554926455387	4996.133541666667
585.2090066984154	5329.269791666667
585.5624742297861	5452.147916666667
585.9158952314937	5613.254791666666
586.2692696953808	5985.53
586.6225976132899	6224.914791666667
586.9758789770636	6592.638958333333
587.3291137785446	6836.574791666666
587.6823020095754	7040.461458333334
588.0354436619982	7339.919999999999
588.3885387276563	7671.235833333332
588.7415871983918	7788.652708333334
589.0945890660471	8128.160416666666
589.4475443224653	8364.814583333333
589.8004529594888	8874.53125
590.15331496896	9308.700625
590.5061303427216	9587.224375
590.8588990726163	9774.727291666668
591.2116211504864	10208.896666666666
591.5642965681747	10740.458333333334
591.9169253175238	10678.564166666665
592.269507390376	10983.483958333332
592.6220427785742	11497.751666666669
592.974531473961	11825.426666666666
593.3269734683787	12286.902291666665
593.6793687536699	12470.764375
594.0317173216775	12731.083958333335
594.3840191642438	13166.163541666667
594.7362742732114	13276.298750000002
595.0884826404231	13867.023958333331
595.4406442577213	13975.33875
595.7927591169484	14296.642291666665
596.1448272099474	14605.202916666667
596.4968485285606	15035.731458333334
596.8488230646306	15215.042500000001
597.2007508099999	15471.72125
597.5526317565115	15762.077708333332
597.9044658960074	16717.796458333334
598.2562532203306	16095.213958333334
598.6079937213235	16528.473125
598.9596873908287	16626.775625
599.3113342206889	16958.091458333332
599.6629342027466	17250.26833333333
600.0144873288441	18446.282083333335
600.3659935908244	17550.637083333335
600.71745298053	17446.873333333333
601.0688654898032	17541.535
601.4202311104871	18124.978541666667
601.7715498344237	18182.321666666667
602.1228216534558	18625.593125000003
602.4740465594261	18791.251041666663
602.8252245441772	18480.87
603.1763555995517	18741.18958333333
603.5274397173916	18760.303958333334
603.8784768895403	19331.00458333333
604.22946710784	19169.897708333334
604.5804103641332	19301.877916666665
604.9313066502625	19970.881041666667
605.2821559580708	19711.471666666668
605.6329582794003	19779.737291666668
605.9837136060937	19806.133333333335
606.3344219299937	19872.578541666666
606.6850832429426	20268.51916666667
607.0356975367833	20246.674166666664
607.3862648033582	20914.767083333336
607.73678503451	20347.707291666666
608.0872582220811	20332.23375
608.4376843579142	20240.302708333333
608.7880634338519	20702.688541666666
609.1383954417366	20639.884166666667
609.4886803734113	20590.732916666668
609.838918220718	20518.826458333333
610.1891089754997	20344.06645833333
610.5392526295989	20302.196874999998
610.8893491748582	20392.3075
611.2393986031199	20320.401041666668
611.589400906227	20087.387708333332
611.9393560760218	20170.216666666667
612.289264104347	20278.531458333335
612.6391249830451	20159.294166666667
612.9889387039588	20223.008749999997
613.3387052589305	20144.730833333335
613.6884246398027	19787.018958333338
614.0380968384185	19889.872499999998
614.38772184662	19943.574791666666
614.7372996562499	19747.88
615.0868302591509	19769.725000000002
615.4363136471654	19793.390416666665
615.785749812136	19990.905625
616.1351387459055	19549.454583333336
616.4844804403161	19649.5775
616.8337748872108	19596.785416666666
617.1830220784319	19506.674791666668
617.5322220058221	19441.139791666665
617.8813746612238	19166.256875000003
618.2304800364799	19264.559375
618.5795381234328	19111.644375
618.9285489139249	18824.018541666665
619.2775123997992	18957.819166666668
619.6264285728979	18821.287916666668
619.9752974250638	18722.075208333332
620.3241189481392	18678.385208333333
620.6728931339671	18614.670625000002
621.0216199743898	18540.94375
621.3702994612498	18512.727291666666
621.71893158639	18165.937916666666
622.0675163416527	18154.10520833333
622.4160537188806	17792.7525
622.7645437099163	17871.940625
623.1129863066024	17652.580416666668
623.4613815007812	17764.536041666666
623.8097292842956	17533.343125
624.1580296489882	17302.150208333336
624.5062825867013	17182.00270833333
624.8544880892778	16981.756875000003
625.20264614856	16781.51104166667
625.5507567563906	16743.282291666666
625.8988199046122	16490.244375
626.2468355850674	16583.085624999996
626.5948037895986	16404.684791666667
626.9427245100487	16210.810416666667
627.2905977382602	16182.593958333333
627.6384234660752	15889.506875000001
627.9862016853368	16299.100625
628.3339323878878	15691.081458333334
628.6816155655699	15482.643750000001
629.0292512102264	15549.088958333334
629.3768393136999	16152.557083333333
629.7243798678326	15224.144583333333
630.071872864467	15553.64
630.4193182954463	15134.033958333333
630.7667161526125	14892.82875
631.1140664278083	14624.317291666666
631.4613691128765	14677.109375
631.8086241996596	14506.900416666665
632.1558316799999	14642.521458333335
632.5029915457404	14215.63375
632.8501037887233	14322.128124999997
633.1971684007915	14123.702708333332
633.5441853737874	13763.260208333333
633.8911546995539	13767.81125
634.2380763699327	13597.602291666664
634.5849503767676	13779.643958333334
634.9317767119002	13387.344166666668
635.2785553671735	13201.661666666667
635.6252863344299	13098.808125000001
635.9719696055123	12983.211666666664
636.318605172263	12865.794791666667
636.6651930265247	12822.104791666667
637.0117331601399	12682.842916666666
637.3582255649512	12419.792708333334
637.7046702328013	12553.593333333332
638.0510671555326	12292.363541666666
638.3974163249877	11963.778333333334
638.7437177330092	12014.75
639.08997137144	13426.483124999999
639.4361772321222	11755.340624999999
639.7823353068986	11581.490833333335
640.1284455876117	11496.841458333334
640.4745080661042	11515.045624999999
640.8205227342187	11202.844166666668
641.1664895837977	11041.737291666666
641.5124086066837	11041.737291666666
641.8582797947192	10930.691874999999
642.2041031397473	11071.774166666664
642.54987863361	10604.837291666665
642.8956062681501	10599.376041666668
643.2412860352101	10452.832499999999
643.586917926633	10459.203958333334
643.9325019342607	10271.701041666667
644.2780380499362	10196.15375
644.623526265502	10125.157500000001
644.9689665728008	10102.402291666665
645.3143589636749	10147.0025
645.6597034299672	9983.165
646.00499996352	9924.911666666667
646.3502485561759	9995.907916666665
646.6954491997778	9559.007916666667
647.040601886168	9548.995624999998
647.385706607189	9522.599583333333
647.7307633546837	9365.133541666668
648.0757721204944	9365.133541666666
648.4207328964637	9127.569166666666
648.7656456744345	8965.552083333334
649.1105104462491	9024.715625
649.4553272037499	8827.200416666667
649.8000959387799	8819.008541666666
650.1448166431815	8975.564375
650.4894893087971	8760.755208333334
650.8341139274694	8374.826874999999
651.1786904910413	8498.615208333335
651.5232189913548	8422.157708333332
651.867699420253	8322.034791666667
652.2121317695781	8183.6831250000005
652.5565160311729	8174.581041666667
652.9008521968799	8043.511041666668
653.2451402585418	7837.803958333333
653.589380208001	7852.3672916666665
653.9335720371001	7958.861666666667
654.2777157376819	7699.452291666667
654.6218113015888	7706.733958333333
654.9658587206632	7538.345416666667
655.3098579867482	7672.146041666667
655.6538090916857	7411.826458333334
655.9977120273187	7287.127916666667
656.34156678549	7217.952083333333
656.6853733580418	7368.136458333333
657.0291317368166	7154.237499999999
657.3728419136573	7296.2300000000005
657.7165038804063	6994.040833333333
658.0601176289063	6925.775208333333
658.4036831509995	6960.363125
658.7472004385293	6768.309166666666
659.0906694833374	6949.440625
659.4340902772667	6748.284583333334
659.77746281216	6739.1825
660.1207870798596	6785.603124999999
660.4640630722082	6581.716458333333
660.8072907810484	6626.316666666667
661.1504701982227	6474.311875
661.4936013155738	6384.201249999999
661.8366841249441	6254.041458333333
662.1797186181763	6277.706875000001
662.5227047871128	6179.404375000001
662.8656426235966	6345.062291666666
663.2085321194701	6173.032916666667
663.5513732665754	6021.938333333333
663.8941660567558	5977.338124999999
664.2369104818536	5899.970416666666
664.5796065337111	5935.468541666666
664.9222542041712	5899.060208333333
665.2648534850765	5815.321041666667
665.6074043682694	5878.125416666667
665.9499068455925	5721.569583333334
666.2923609088887	5744.324791666666
666.63476655	5614.165
666.9771237607694	5491.286875000001
667.3194325330395	5457.609166666666
667.6616928586526	5372.049583333333
668.0039047294514	5382.972083333333
668.3460681372787	5330.179999999999
668.6881830739768	5252.812291666666
669.0302495313884	5220.955000000001
669.3722675013561	5628.728333333333
669.7142369757223	5248.26125
670.0561579463299	5154.509791666667
670.3980304050212	5054.386875
670.7398543436391	5048.925625
671.0816297540256	4771.312083333333
671.4233566280238	5321.077916666666
671.7650349574764	4896.920833333334
672.1066647342252	4750.377291666667
672.4482459501136	4733.083333333333
672.7897785969838	5095.34625
673.1312626666784	4721.250625
673.4726981510399	4669.368750000001
673.8140850419113	4647.52375
674.1554233311347	4553.772291666667
674.4967130105528	4461.84125
674.8379540720083	4435.4452083333335
675.1791465073437	4756.74875
675.5202903084016	4712.1485416666665
675.8613854670248	4292.5425
676.2024319750553	4286.171041666667
676.5434298243362	4404.498125
676.88437900671	4409.049166666667
677.2252795140191	4276.15875
677.5661313381062	4235.199375
677.9069344708139	4078.643541666667
678.2476889039847	4133.2560416666665
678.5883946294612	3971.2389583333334
678.9290516390861	3798.299375
679.2696599247018	3982.1614583333335
679.6102194781508	3931.189791666666
679.9507302912762	3822.875
680.29119235592	3901.1529166666664
680.631605663925	3912.0754166666666
680.9719702071338	3722.7520833333333
681.312285977389	3797.3891666666664
681.6525529665331	3842.8995833333333
681.9927711664087	3720.931666666667
682.3329405688585	3599.8739583333336
682.6730611657248	3545.261458333333
683.0131329488505	3566.1962499999995
683.353155910078	3352.297291666667
683.6931300412499	3527.9675
684.0330553342089	3304.966458333333
684.3729317807973	3335.913541666667
684.7127593728582	3345.9258333333332
685.0525381022335	3349.566666666667
685.3922679607663	3284.941875
685.7319489402989	3315.8889583333334
686.0715810326739	3245.802916666667
686.4111642297341	3231.2395833333335
686.750698523322	3062.851041666667
687.0901839052799	3118.37375
687.4296203674508	2995.4956249999996
687.7690079016771	3077.414375
688.1083464998012	3103.8104166666667
688.4476361536658	2913.576875
688.7868768551137	2955.4464583333333
689.1260685959872	2901.744166666667
689.465211368129	2891.731875
689.8043051633817	2999.136458333333
690.1433499735879	2846.2214583333334
690.48234579059	3596.233125
690.8212926062307	3377.783125
691.1601904123526	2734.2658333333334
691.4990392007982	2748.8291666666664
691.8378389634104	2655.0777083333337
692.1765896920311	2657.8083333333334
692.5152913785035	2644.155208333333
692.8539440146701	2591.363125
693.1925475923734	2790.69875
693.5311021034557	2605.01625
693.86960753976	4338.0529166666665
694.2080638931286	2673.281875
694.5464711554041	2449.3706249999996
694.8848293184293	2409.3214583333333
695.2231383740468	2607.7468750000003
695.5613983140987	2313.7495833333337
695.899609130428	2326.4925
696.2377708148773	2374.733541666667
696.5758833592889	2342.87625
696.9139467555057	2410.2316666666666
697.25196099537	2284.6229166666667
697.5899260707245	2360.170208333333
697.9278419734118	2362.900833333333
698.2657086952745	2179.0387499999997
698.603526228155	2283.712708333333
698.9412945638961	2422.974583333333
699.2790136943405	2067.9933333333333
699.6166836113304	2102.5812499999997
699.9543043067085	2212.716458333333
700.2918757723176	2231.8308333333334
700.629398	2226.369583333333
700.9668709815984	2080.73625
701.3042947089555	2059.8014583333334
701.6416691739137	2176.308125
701.9789943683154	2175.3979166666663
702.3162702840036	2006.0991666666669
702.6534969128209	1930.551875
702.9906742466095	1846.8127083333336
703.3278022772121	1959.678541666667
703.6648809964715	1843.171875
704.00191039623	1925.090625
704.3388904683302	1867.7475000000002
704.6758212046151	1769.4449999999997
705.0127025969267	1868.6577083333332
705.3495346371078	1763.0735416666666
705.6863173170012	1875.939375
706.0230506284493	1684.795625
706.3597345632945	1703.91
706.6963691133798	1721.2039583333335
707.0329542705473	1580.1216666666667
707.3694900266399	1791.29
707.7059763735002	1657.4893749999999
708.0424133029707	1741.2285416666666
708.3788008068938	1609.2483333333332
708.7151388771123	1719.3835416666668
709.0514275054688	1581.031875
709.3876666838056	1704.8202083333333
709.7238564039657	1586.493125
710.0599966577913	1532.7908333333332
710.3960874371253	1650.2077083333334
710.73212873381	1575.570625
711.0681205396882	2008.8297916666668
711.4040628466022	22017.029375
711.7399556463948	2587.7222916666665
712.0757989309087	1469.07625
712.4115926919862	1494.5620833333332
712.7473369214699	1415.3739583333333
713.0830316112028	1341.6470833333333
713.418676753027	1437.2189583333336
713.7542723387851	1388.0677083333333
714.08981836032	1299.7775000000001
714.425314809474	1525.5091666666667
714.7607616780898	1376.235
715.09615895801	1379.8758333333333
715.4315066410772	1352.5695833333332
715.7668047191336	1337.0960416666667
716.1020531840225	1390.7983333333334
716.4372520275859	1285.2141666666666
716.7724012416666	1381.6962500000002
717.107500818107	1316.1612499999999
717.44255074875	1256.9977083333333
717.777551025438	1221.4995833333335
718.1125016400134	1251.5364583333333
718.4474025843191	1238.7935416666667
718.7822538501974	1289.7652083333335
719.1170554294912	1310.7
719.4518073140429	1205.1158333333333
719.7865094956949	1302.508125
720.1211619662901	1276.1120833333334
720.4557647176711	1317.9816666666668
720.7903177416799	1226.9608333333333
721.1248210301598	1237.8833333333332
721.459274574953	1234.2425
721.7936783679021	1205.1158333333333
722.1280324008497	1163.2462500000001
722.4623366656388	1176.899375
722.7965911541114	1155.9645833333332
723.13079585811	1551.9052083333333
723.4649507694777	1318.891875
723.7990558800569	1210.5770833333333
724.13311118169	1204.205625
724.4671166662197	1046.7395833333333
724.8010723254887	1113.1847916666668
725.1349781513393	1093.1602083333335
725.4688341356142	1160.515625
725.8026402701563	1116.8256250000002
726.1363965468076	1079.5070833333332
726.4701029574111	1182.360625
726.8037594938094	1131.3889583333332
727.1373661478447	1180.5402083333333
727.4709229113599	1089.519375
727.8044297761977	990.3066666666667
728.1378867342002	1009.4210416666666
728.4712937772103	1061.3029166666668
728.8046508970707	1042.1885416666667
729.1379580856236	989.3964583333333
729.4712153347119	1025.8047916666667
729.8044226361783	1027.6252083333331
730.137579981865	1088.6091666666666
730.4706873636146	1055.8416666666667
730.80374477327	1107.7235416666665
731.1367522026735	1138.670625
731.4697096436678	979.3841666666667
731.8026170880954	1165.976875
732.1354745277993	1097.71125
732.4682819546213	1065.8539583333334
732.8010393604045	1044.9191666666666
733.1337467369915	1213.3077083333335
733.4664040762245	1074.0458333333333
733.7990113699465	1005.7802083333335
734.1315686099999	1069.4947916666667
734.4640757882273	1142.3114583333333
734.7965328964714	1067.6743749999998
735.1289399265746	1071.3152083333332
735.4612968703796	970.2820833333334
735.7936037197286	1204.2056249999998
736.1258604664649	993.9475000000001
736.4580671024305	964.8208333333333
736.7902236194681	998.4985416666665
737.1223300094205	946.6166666666667
737.45438626413	912.02875
737.7863923754393	998.4985416666667
738.118348335191	916.5797916666667
738.4502541352277	878.3510416666668
738.7821097673918	1017.6129166666666
739.1139152235262	981.2045833333333
739.4456704954733	1113.1847916666668
739.7773755750756	962.0902083333334
740.1090304541757	948.4370833333332
740.4406351246164	963.910625
740.7721895782399	1128.6583333333333
741.1036938068892	1022.1639583333332
741.4351478024066	941.1554166666666
741.7665515566348	1061.3029166666665
742.0979050614163	1167.7972916666668
742.4292083085937	1065.8539583333334
742.7604612900096	1016.7027083333334
743.0916639975067	1011.2414583333334
743.4228164229273	881.0816666666666
743.7539185581142	881.991875
744.0849703949099	989.3964583333333
744.4159719251571	962.0902083333334
744.7469231406983	916.5797916666667
745.0778240333758	962.0902083333334
745.4086745950326	916.5797916666667
745.7394748175113	1046.7395833333333
746.0702246926539	898.375625
746.4009242123037	912.9389583333335
746.731573368303	922.0410416666667
747.0621721524942	904.7470833333333
747.39272055672	905.6572916666668
747.723218572823	918.4002083333334
748.0536661926458	916.5797916666667
748.384063408031	860.146875
748.7144102108211	927.5022916666667
749.0447065928587	977.5637499999999
749.3749525459865	914.759375
749.7051480620469	963.910625
750.0352931328825	911.1185416666667
750.365387750336	982.1147916666665
750.6954319062501	967.5514583333334
751.025425592467	934.7839583333333
751.3553688008293	838.3018750000001
751.6852615231801	791.88125
752.0151037513616	947.526875
752.3448954772161	1005.7802083333332
752.6746366925869	1073.135625
753.004327389316	1104.0827083333334
753.333967559246	1354.39
753.66355719422	937.5145833333332
753.99309628608	868.33875
754.3225848266688	967.5514583333334
754.652022807829	951.1677083333334
754.9814102214033	894.7347916666668
755.3107470592339	902.0164583333334
755.6400333131637	904.7470833333333
755.9692689750353	943.8860416666666
756.298454036691	875.6204166666666
756.6275884899737	929.3227083333333
756.9566723267259	851.0447916666666
757.28570553879	961.18
757.6146881180086	1087.6989583333334
757.9436200562246	800.073125
758.2725013452803	812.8160416666666
758.6013319770183	1077.6866666666667
758.9301119432813	953.8983333333334
759.2588412359117	787.3302083333333
759.5875198467521	831.0202083333334
759.9161477676453	1028.5354166666668
760.2447249904338	861.9672916666667
760.5732515069599	833.7508333333334
760.9017273090666	815.5466666666666
761.2301523885964	991.2168750000001
761.5585267373914	897.4654166666666
761.8868503472946	818.2772916666667
762.2151232101487	924.7716666666665
762.5433453177961	859.2366666666667
762.8715166620792	877.4408333333334
763.1996372348409	755.4729166666666
763.5277070279236	959.3595833333334
763.85572603317	842.8529166666667
764.1836942424226	831.0202083333334
764.5116116475239	935.6941666666667
764.8394782403163	852.8652083333333
765.1672940126431	847.4039583333333
765.4950589563462	760.9341666666668
765.8227730632684	832.8406249999999
766.1504363252524	907.4777083333333
766.4780487341407	902.0164583333334
766.8056102817754	807.3547916666666
767.13312096	920.2206249999999
767.4605807606565	796.4322916666666
767.7879896755875	791.88125
768.1153476966355	885.6327083333332
768.4426548156436	913.8491666666667
768.7699110244537	904.7470833333333
769.0971163149088	1087.6989583333334
769.4242706788516	854.6856250000001
769.7513741081242	847.4039583333333
770.0784265945695	799.1629166666667
770.40542813003	939.335
770.7323787063482	890.18375
771.059278315367	1003.9597916666667
771.3861269489287	940.2452083333334
771.7129245988758	947.526875
772.0396712570512	928.4124999999999
772.3663669152974	929.3227083333333
772.6930115654565	831.0202083333334
773.0196051993717	810.995625
773.3461478088853	898.375625
773.6726393858401	823.7385416666666
773.9990799220781	880.1714583333332
774.3254694094426	903.8368750000001
774.6518078397759	925.6818749999999
774.9780952049204	786.42
775.3043314967188	851.9549999999999
775.6305167070137	874.7102083333333
775.9566508276476	932.9635416666666
776.2827338504633	882.9020833333334
776.6087657673032	882.9020833333334
776.93474657001	814.6364583333334
777.2606762504261	847.4039583333333
777.5865548003943	842.8529166666666
777.9123822117568	831.9304166666667
778.2381584763566	779.1383333333333
778.5638835860362	831.0202083333334
778.889557532638	776.4077083333333
779.2151803080047	923.8614583333333
779.540751903979	970.2820833333334
779.8662723124031	781.8689583333334
780.1917415251199	795.5220833333333
780.5171595339721	892.914375
780.8425263308019	921.1308333333333
781.1678419074518	972.1025
781.493106255765	876.530625
781.8183193675837	861.9672916666667
782.1434812347505	805.5343750000001
782.4685918491078	850.1345833333334
782.7936512024986	831.0202083333334
783.118659286765	851.0447916666667
783.4436160937499	997.5883333333333
783.768521615296	771.8566666666667
784.0933758432454	757.2933333333334
784.418178769441	761.844375
784.7429303857256	872.8897916666666
785.0676306839412	769.1260416666668
785.3922796559308	809.1752083333334
785.716877293537	851.9549999999999
786.0414235886021	816.456875
786.3659185329689	737.2687500000001
786.69036211848	880.1714583333334
787.0147543369778	1027.6252083333334
787.339095180305	851.0447916666667
787.6633846403042	790.0608333333333
787.987622708818	837.3916666666668
788.3118093776886	821.918125
788.6359446387593	899.2858333333334
788.9600284838722	860.146875
789.2840609048698	806.4445833333333
789.6080418935949	857.4162499999999
789.93197144189	760.0239583333333
790.2558495415977	938.4247916666667
790.5796761845605	887.453125
790.9034513626214	859.2366666666667
791.2271750676223	899.2858333333334
791.5508472914062	827.379375
791.8744680258158	757.2933333333332
792.1980372626931	865.6081250000001
792.5215549938813	881.0816666666666
792.8450212112227	1025.8047916666667
793.16843590656	1018.523125
793.4917990717355	904.7470833333333
793.8151106985922	881.991875
794.1383707789723	739.0891666666666
794.4615793047186	876.530625
794.7847362676737	905.6572916666668
795.1078416596802	892.914375
795.4308954725801	728.1666666666666
795.7538976982169	988.4862499999999
796.0768483284327	2500.342291666667
796.3997473550701	1124.1072916666665
796.7225947699715	894.7347916666666
797.0453905649798	847.4039583333333
797.3681347319375	708.1420833333333
797.690827262687	750.0116666666667
798.0134681490712	741.8197916666667
798.3360573829325	900.1960416666667
798.6585949561133	833.7508333333332
798.9810808604566	846.49375
799.3035150878045	808.265
799.6258976299999	1083.1479166666666
799.9482284788854	820.0977083333333
800.2705076263034	1115.9154166666667
800.5927350640966	774.5872916666667
800.9149107841075	918.4002083333334
801.2370347781787	1118.6460416666669
801.5591070381528	806.4445833333333
801.8811275558725	795.5220833333333
802.2030963231803	800.9833333333332
802.5250133319183	879.26125
802.84687857393	825.5589583333334
803.1686920410574	895.6450000000001
803.4904537251431	912.02875
803.8121636180297	886.5429166666667
804.13382171156	810.995625
804.4554279975763	697.2195833333332
804.7769824679212	837.3916666666668
805.0984851144376	831.9304166666666
805.4199359289677	813.72625
805.7413349033543	813.72625
806.06268202944	780.9587500000001
806.3839772990672	833.7508333333334
806.7052207040786	1628.3627083333333
807.0264122363169	900.1960416666667
807.3475518876243	810.995625
807.6686396498436	824.64875
807.9896755148177	788.2404166666665
808.3106594743887	866.5183333333334
808.6315915203992	979.3841666666667
808.9524716446922	793.7016666666667
809.2732998391101	776.4077083333333
809.594076095495	854.6856250000001
809.9148004056901	749.1014583333332
810.235472761538	758.2035416666668
810.5560931548807	854.6856250000001
810.8766615775612	851.9549999999999
811.1971780214221	821.918125
811.5176424783058	791.8812499999999
811.8380549400548	792.7914583333333
812.1584153985121	840.1222916666667
812.4787238455199	817.3670833333332
812.7989802729209	767.305625
813.1191846725578	891.0939583333334
813.4393370362732	836.4814583333333
813.759437355909	879.26125
814.0794856233088	895.6450000000001
814.3994818303146	719.9747916666666
814.7194259687689	725.4360416666665
815.0393180305146	771.8566666666666
815.3591580073941	879.26125
815.6789458912499	785.5097916666667
815.9986816739249	844.6733333333333
816.3183653472614	809.1752083333334
816.637996903102	876.530625
816.9575763332895	955.71875
817.2771036296664	1112.274583333333
817.5965787840748	811.9058333333334
817.9160017883579	980.294375
818.2353726343582	930.2329166666665
818.5546913139178	802.80375
818.87395781888	824.64875
819.1931721410868	739.999375
819.5123342723809	1008.5108333333334
819.8314442046052	773.6770833333334
820.1505019296019	912.0287500000001
820.4695074392138	806.4445833333333
820.7884607252832	712.6931250000001
821.107361779653	782.7791666666666
821.4262105941658	758.2035416666666
821.7450071606638	782.7791666666666
822.0637514709899	893.8245833333334
822.3824435169868	893.8245833333334
822.7010832904965	841.0324999999999
823.0196707833622	1345.2879166666664
823.3382059874264	844.6733333333333
823.6566888945312	687.2072916666666
823.9751194965196	749.1014583333332
824.2934977852343	813.72625
824.6118237525172	743.6402083333332
824.9300973902117	722.7054166666667
825.24831869016	719.9747916666666
825.5664876442045	852.8652083333333
825.8846042441882	934.7839583333333
826.2026684819534	754.5627083333334
826.5206803493426	800.9833333333332
826.8386398381987	877.4408333333332
827.156546940364	862.8775
827.4744016476814	760.0239583333333
827.7922039519929	902.9266666666667
828.1099538451416	1846.8127083333331
828.42765131897	838.301875
828.7452963653204	851.9549999999999
829.0628889760359	810.995625
829.3804291429586	761.844375
829.697916857931	779.1383333333333
830.0153521127962	727.2564583333333
830.3327348993965	754.5627083333333
830.6500652095742	835.57125
830.9673430351726	878.3510416666667
831.2845683680337	939.335
831.6017411999999	743.6402083333332
831.9188615229143	923.8614583333334
832.2359293286195	1041.2783333333334
832.5529446089574	834.6610416666666
832.8699073557715	860.146875
833.1868175609037	824.64875
833.5036752161967	790.9710416666667
833.8204803134935	819.1875
834.1372328446362	780.9587499999999
834.4539328014675	828.2895833333333
834.7705801758299	830.11
835.0871749595664	811.9058333333332
835.4037171445192	761.844375
835.7202067225306	767.305625
836.0366436854439	693.57875
836.3530280251014	799.1629166666667
836.6693597333452	797.3424999999999
836.9856388020186	827.3793750000001
837.3018652229639	880.1714583333332
837.6180389880233	831.9304166666667
837.9341600890399	766.3954166666666
838.2502285178563	763.6647916666667
838.5662442663146	757.2933333333334
838.8822073262578	782.7791666666666
839.1981176895283	796.4322916666666
839.5139753479687	760.0239583333332
839.8297802934217	748.19125
840.1455325177297	719.0645833333334
840.4612320127352	819.1875
840.7768787702812	805.5343750000001
841.0924727822099	809.1752083333334
841.4080140403643	685.386875
841.7235025365862	787.3302083333333
842.038938262719	841.9427083333334
842.3543212106048	727.2564583333333
842.6696513720862	851.9549999999999
842.9849287390061	1250.62625
843.3001533032069	821.0079166666668
843.6153250565309	840.1222916666666
843.9304439908211	784.5995833333333
844.24551009792	827.379375
844.5605233696699	793.7016666666667
844.8754837979137	749.1014583333332
845.190391374494	809.1752083333334
845.5052460912531	802.80375
845.8200479400336	829.1997916666666
846.1347969126784	1479.99875
846.4494930010297	792.7914583333333
846.7641361969305	887.453125
847.0787264922232	985.7556250000001
847.3932638787498	1033.0864583333334
847.7077483483539	734.538125
848.0221798928775	761.844375
848.3365585041632	1033.9966666666667
848.6508841740534	855.5958333333333
848.9651568943913	730.8972916666667
849.2793766570189	1932.3722916666666
849.5935434537789	1023.984375
849.9076572765141	768.2158333333333
850.221718117067	770.9464583333333
850.5357259672799	912.9389583333333
850.8496808189958	757.2933333333334
851.1635826640571	807.3547916666666
851.4774314943061	841.0324999999999
851.7912273015859	843.763125
852.1049700777388	750.921875
852.4186598146072	1023.0741666666667
852.732296504034	709.0522916666667
853.0458801378618	697.2195833333334
853.3594107079327	686.2970833333334
853.67288820609	770.03625
853.9863126241758	822.8283333333334
854.2996839540325	775.4975
854.6130021875033	763.6647916666667
854.9262673164303	859.2366666666667
855.2394793326564	755.4729166666666
855.5526382280236	802.80375
855.8657439943752	760.0239583333333
856.1787966235535	784.5995833333333
856.4917961074007	740.9095833333332
856.80474243776	770.9464583333333
857.1176356064736	847.4039583333333
857.4304756053841	855.5958333333333
857.7432624263345	822.8283333333334
858.0559960611668	822.8283333333334
858.3686765017236	686.2970833333334
858.681303739848	780.0485416666667
858.9938777673823	735.4483333333333
859.3063985761688	1178.7197916666667
859.6188661580505	829.1997916666668
859.93128050487	798.2527083333334
860.2436416084694	690.848125
860.5559494606917	729.9870833333334
860.8682040533795	772.7668749999999
861.1804053783749	917.4900000000001
861.4925534275212	691.7583333333333
861.8046481926605	732.7177083333335
862.1166896656355	722.7054166666667
862.4286778382884	750.0116666666667
862.7406127024626	771.8566666666666
863.0524942500001	724.5258333333333
863.3643224727433	782.7791666666667
863.6760973625354	860.146875
863.9878189112187	720.8849999999999
864.2994871106355	770.9464583333333
864.6111019526287	842.8529166666666
864.9226634290409	719.0645833333333
865.2341715317144	973.0127083333333
865.5456262524921	831.9304166666667
865.8570275832164	795.5220833333334
866.1683755157298	724.5258333333335
866.4796700418752	693.57875
866.7909111534951	728.1666666666666
867.1020988424316	749.1014583333332
867.4132331005279	711.7829166666667
867.7243139196262	706.3216666666667
868.0353412915691	674.464375
868.3463152081995	934.7839583333334
868.6572356613597	748.19125
868.9681026428924	764.5749999999999
869.2789161446399	643.5172916666667
869.5896761584452	826.4691666666668
869.9003826761507	688.1175
870.2110356895988	789.1506250000001
870.5216351906323	713.6033333333334
870.8321811710938	800.073125
871.1426736228256	788.2404166666666
871.4531125376707	664.4520833333335
871.7634979074714	684.4766666666666
872.0738297240702	752.7422916666666
872.38410797931	836.4814583333333
872.6943326650331	727.2564583333333
873.0045037730821	708.1420833333333
873.3146212952998	699.04
873.6246852235287	697.2195833333334
873.9346955496112	696.3093750000002
874.24465226539	779.1383333333333
874.5545553627078	1156.8747916666666
874.8644048334069	887.453125
875.17420066933	727.2564583333333
875.48394286232	748.19125
875.793631404219	734.538125
876.1032662868698	1104.0827083333334
876.4128475021149	811.9058333333332
876.7223750417972	841.9427083333334
877.0318488977587	689.9379166666666
877.3412690618425	773.6770833333334
877.650635525891	744.5504166666666
877.9599482817465	719.9747916666666
878.269207321252	663.541875
878.57841263625	689.0277083333334
878.8875642185828	726.3462499999999
879.1966620600934	735.4483333333333
879.5057061526242	669.9133333333333
879.8146964880174	718.1543750000001
880.1236330581162	816.456875
880.4325158547629	947.526875
880.7413448697998	832.8406249999999
881.05012009507	803.7139583333333
881.358841522416	729.9870833333334
881.6675091436798	660.8112500000001
881.9761229507047	765.4852083333334
882.2846829353331	697.2195833333332
882.5931890894074	735.4483333333333
882.9016414047699	723.615625
883.2100398732638	729.0768750000001
883.5183844867314	689.0277083333334
883.826675237015	722.7054166666667
884.1349121159577	831.0202083333334
884.4430951154019	1040.368125
884.7512242271898	813.72625
885.0592994431647	828.2895833333333
885.3673207551687	815.5466666666667
885.6752881550442	719.9747916666666
885.9832016346343	715.4237499999999
886.2910611857814	717.2441666666667
886.5988668003275	801.8935416666667
886.9066184701161	815.5466666666667
887.2143161869893	683.5664583333333
887.5219599427896	706.3216666666667
887.82954972936	723.615625
888.1370855385427	841.0324999999999
888.4445673621801	714.5135416666667
888.7519951921154	780.0485416666667
889.0593690201907	729.9870833333333
889.3666888382488	706.3216666666667
889.673954638132	742.73
889.9811664116833	697.2195833333334
890.288324150745	750.0116666666667
890.5954278471595	699.9502083333333
890.90247749277	744.5504166666666
891.2094730794186	836.4814583333333
891.5164145989478	739.999375
891.8233020432004	948.4370833333334
892.1301354040191	956.6289583333333
892.4369146732461	741.8197916666667
892.7436398427244	740.9095833333334
893.0503109042965	1013.9720833333332
893.3569278498044	672.6439583333332
893.6634906710915	772.7668749999999
893.96999936	714.5135416666666
894.2764539083722	1141.40125
894.5828543080514	943.8860416666666
894.8892005508795	729.9870833333334
895.1954926286993	760.9341666666668
895.5017305333536	1279.7529166666668
895.8079142566849	784.5995833333333
896.1140437905356	647.1581249999999
896.4201191267481	774.5872916666666
896.7261402571654	634.4152083333333
897.03210717363	720.8850000000001
897.3380198679843	764.5750000000002
897.643878332071	787.3302083333333
897.9496825577328	989.3964583333333
898.2554325368118	810.0854166666667
898.5611282611512	871.9795833333333
898.8667697225933	806.4445833333333
899.1723569129805	749.1014583333334
899.4778898241558	661.7214583333333
899.7833684479614	926.5920833333333
900.0887927762399	696.3093749999999
900.3941628008342	721.7952083333333
900.6994785135867	742.73
901.0047399063398	890.18375
901.3099469709363	1109.5439583333334
901.6150996992188	776.4077083333333
901.9201980830295	722.7054166666667
902.2252421142116	1375.3247916666667
902.5302317846073	723.615625
902.8351670860594	729.9870833333333
903.1400480104098	822.8283333333333
903.4448745495021	818.2772916666667
903.7496466951783	935.6941666666667
904.0543644392808	841.9427083333334
904.3590277736527	671.73375
904.6636366901363	697.2195833333334
904.968191180574	721.7952083333333
905.2726912368087	838.301875
905.5771368506829	892.0041666666666
905.8815280140391	762.7545833333334
906.18586471872	919.3104166666667
906.490146956568	722.7054166666667
906.7943747194257	768.2158333333333
907.0985479991359	937.5145833333332
907.4026667875411	868.33875
907.7067310764836	774.5872916666667
908.0107408578065	729.9870833333333
908.3146961233518	828.2895833333333
908.6185968649625	719.9747916666666
908.9224430744811	875.6204166666666
909.2262347437501	808.265
909.529971864612	770.0362500000001
909.8336544289094	4346.244791666667
910.137282428485	937.5145833333332
910.4408558551816	800.073125
910.7443747008411	727.2564583333333
911.0478389573069	913.8491666666667
911.351248616421	1117.7358333333334
911.6546036700261	834.6610416666666
911.9579041099649	824.64875
912.26114992808	746.3708333333334
912.5643411162137	1157.785
912.867477666209	1051.290625
913.1705595699083	685.386875
913.4735868191539	693.57875
913.7765594057887	723.615625
914.0794773216553	670.8235416666668
914.382340558596	750.921875
914.6851491084537	1125.0175000000002
914.9879029630708	782.7791666666666
915.2906021142899	739.999375
915.5932465539537	838.3018750000001
915.8958362739046	761.844375
916.1983712659853	697.2195833333332
916.5008515220383	780.0485416666667
916.8032770339062	670.8235416666666
917.1056477934318	628.9539583333333
917.407963792457	975.7433333333333
917.7102250228253	806.4445833333333
918.0124314763789	750.0116666666667
918.3145831449599	706.3216666666667
918.6166800204115	744.5504166666666
918.9187220945763	776.4077083333333
919.2207093592963	1211.4872916666666
919.5226418064146	696.3093749999999
919.8245194277738	765.4852083333334
920.1263422152159	751.8320833333333
920.4281101605843	756.383125
920.7298232557209	671.73375
921.0314814924685	753.6525000000001
921.3330848626699	739.0891666666666
921.6346333581675	866.5183333333333
921.9361269708037	802.80375
922.2375656924214	713.6033333333334
922.538949514863	712.6931249999999
922.8402784299712	792.7914583333333
923.1415524295884	780.9587500000001
923.4427715055573	711.7829166666667
923.7439356497206	699.9502083333333
924.0450448539206	763.6647916666667
924.34609911	772.7668749999999
924.6470984098015	820.0977083333333
924.9480427451673	758.2035416666668
925.2489321079405	775.4975
925.5497664899635	721.7952083333333
925.8505458830786	743.6402083333332
926.1512702791289	826.4691666666668
926.4519396699565	769.1260416666668
926.752554047404	728.1666666666666
927.0531134033143	748.19125
927.35361772953	682.65625
927.6540670178932	681.7460416666667
927.9544612602471	805.5343750000001
928.2548004484337	692.6685416666666
928.5550845742961	696.3093749999999
928.8553136296762	766.3954166666666
929.1554876064173	704.5012499999999
929.4556064963617	822.8283333333334
929.7556702913517	703.5910416666666
930.0556789832303	826.4691666666668
930.35563256384	753.6525
930.6555310250232	794.6118749999999
930.9553743586226	685.3868750000001
931.2551625564809	728.1666666666666
931.5548956104402	815.5466666666667
931.8545735123437	736.3585416666666
932.1541962540336	840.1222916666666
932.4537638273525	663.541875
932.7532762241433	755.4729166666666
933.0527334362483	875.6204166666666
933.3521354555098	757.2933333333334
933.6514822737711	730.8972916666667
933.9507738828743	932.9635416666666
934.2500102746618	671.73375
934.5491914409766	728.1666666666666
934.8483173736612	902.0164583333334
935.1473880645581	775.4975
935.4464035055097	643.5172916666667
935.745363688359	686.2970833333334
936.0442686049482	774.5872916666667
936.3431182471198	719.9747916666666
936.641912606717	663.541875
936.9406516755819	694.4889583333334
937.239335445557	698.1297916666667
937.537963908485	730.8972916666667
937.8365370562088	813.72625
938.1350548805704	687.2072916666666
938.4335173734129	648.9785416666667
938.7319245265786	700.8604166666668
939.0302763319099	679.925625
939.3285727812499	697.2195833333334
939.626813866441	609.8395833333334
939.9249995793253	706.3216666666667
940.223129911746	701.770625
940.5212048555455	710.8727083333333
940.8192244025662	736.3585416666666
941.1171885446508	683.5664583333333
941.415097273642	721.7952083333333
941.7129505813822	759.11375
942.0107484597139	709.0522916666665
942.30849090048	736.3585416666666
942.6061778955228	745.460625
942.9038094366849	1004.87
943.2013855158092	959.3595833333334
943.4989061247379	694.4889583333334
943.7963712553136	733.6279166666667
944.0937808993792	740.9095833333334
944.3911350487772	732.7177083333332
944.6884336953495	665.3622916666667
944.9856768309398	1010.3312500000001
945.28286444739	814.6364583333334
945.5799965365427	996.678125
945.8770730902406	806.4445833333334
946.1740941003263	791.88125
946.4710595586421	734.5381249999999
946.7679694570312	759.11375
947.0648237873357	671.73375
947.3616225413981	689.9379166666666
947.6583657110614	689.9379166666666
947.9550532881678	731.8075
948.25168526456	851.955
948.5482616320805	840.1222916666667
948.8447823825722	848.3141666666667
949.1412475078774	717.2441666666667
949.4376569998386	704.5012499999999
949.7340108502987	654.4397916666667
950.0303090511001	663.541875
950.3265515940852	788.2404166666666
950.6227384710969	707.2318750000001
950.9188696739777	764.5749999999999
951.2149451945699	818.2772916666667
951.5109650247166	725.4360416666667
951.8069291562598	635.3254166666666
952.1028375810424	727.2564583333333
952.3986902909071	883.8122916666667
952.6944872776962	732.7177083333332
952.9902285332523	665.3622916666667
953.2859140494182	746.3708333333334
953.5815438180365	756.383125
953.8771178309494	984.8454166666667
954.1726360799998	679.0154166666666
954.4680985570304	704.5012499999999
954.7635052538835	651.7091666666666
955.0588561624015	662.6316666666667
955.3541512744275	706.3216666666667
955.6493905818038	690.848125
955.9445740763729	770.03625
956.2397017499775	700.8604166666668
956.5347735944603	813.72625
956.8297896016634	741.8197916666667
957.1247497634299	806.4445833333333
957.4196540716023	809.1752083333332
957.7145025180229	815.5466666666666
958.0092950945348	768.2158333333333
958.3040317929799	783.6893749999999
958.5987126052012	801.8935416666667
958.8933375230413	1322.5327083333334
959.1879065383425	965.7310416666666
959.4824196429477	890.18375
959.7768768286993	711.7829166666667
960.07127808744	817.3670833333334
960.3656234110122	679.925625
960.6599127912586	721.7952083333333
960.9541462200218	667.1827083333333
961.2483236891444	732.7177083333332
961.5424451904687	807.3547916666666
961.8365107158377	782.7791666666667
962.1305202570937	731.8075
962.4244738060793	719.9747916666666
962.7183713546373	742.73
963.01221289461	650.7989583333333
963.3059984178401	729.0768750000001
963.5997279161703	691.7583333333333
963.893401381443	751.8320833333333
964.1870188055007	866.5183333333334
964.4805801801863	681.7460416666667
964.7740854973422	833.7508333333334
965.0675347488107	794.611875
965.3609279264349	749.1014583333334
965.6542650220572	723.615625
965.9475460275199	747.2810416666667
966.240770934666	730.8972916666667
966.5339397353379	783.689375
966.8270524213779	673.5541666666667
967.120108984629	707.2318750000001
967.4131094169337	729.0768750000001
967.7060537101345	727.2564583333333
967.9989418560739	754.5627083333334
968.2917738465945	731.8075
968.5845496735391	843.7631250000001
968.8772693287499	691.7583333333333
969.16993280407	639.8764583333333
969.4625400913416	661.7214583333333
969.755091182407	741.8197916666667
970.0475860691095	1165.0666666666666
970.3400247432913	782.7791666666667
970.6324071967948	999.4087499999999
970.924733421463	757.2933333333334
971.2170034091381	684.4766666666666
971.5092171516628	701.7706250000001
971.80137464088	1375.3247916666667
972.0934758686318	703.5910416666666
972.385520826761	846.4937500000001
972.6775095071101	677.195
972.9694419015219	757.2933333333334
973.2613180018386	739.0891666666666
973.5531377999032	684.4766666666666
973.8449012875581	699.04
974.1366084566458	703.5910416666667
974.4282592990087	902.0164583333334
974.71985380649	701.770625
975.0113919709318	753.6525
975.3028737841765	679.0154166666666
975.5942992380673	719.9747916666666
975.8856683244463	710.8727083333333
976.1769810351561	729.9870833333334
976.4682373620396	795.5220833333333
976.7594372969393	710.8727083333333
977.0505808316972	695.3991666666666
977.3416679581567	824.64875
977.6326986681601	830.11
977.9236729535495	750.0116666666667
978.2145908061682	763.6647916666667
978.5054522178584	1664.7710416666666
978.7962571804626	780.0485416666667
979.0870056858237	744.5504166666666
979.3776977257842	864.6979166666666
979.6683332921862	793.7016666666667
979.9589123768728	985.7556250000001
980.2494349716867	926.5920833333333
980.53990106847	735.4483333333333
980.8303106590655	778.228125
981.1206637353158	676.2847916666666
981.4109602890635	661.7214583333333
981.7012003121511	761.844375
981.9913837964212	790.9710416666667
982.2815107337166	894.7347916666666
982.5715811158793	706.3216666666667
982.8615949347526	682.65625
983.1515521821785	741.8197916666667
983.4414528499998	757.2933333333334
983.7312969300594	764.5749999999999
984.0210844141994	900.1960416666666
984.3108152942625	898.375625
984.6004895620915	743.6402083333332
984.8901072095288	689.0277083333334
985.1796682284167	706.3216666666667
985.4691726105984	828.2895833333332
985.7586203479162	1010.3312499999998
986.0480114322123	721.7952083333333
986.33734585533	658.9908333333334
986.6266236091113	670.8235416666666
986.9158446853992	961.18
987.2050090760357	776.4077083333333
987.4941167728639	682.6562499999999
987.7831677677262	688.1175
988.0721620524652	781.8689583333335
988.3610996189235	698.1297916666666
988.6499804589438	872.8897916666666
988.9388045643683	695.3991666666666
989.2275719270399	663.541875
989.5162825388013	679.925625
989.8049363914945	709.0522916666667
990.0935334769628	714.5135416666666
990.3820737870484	693.57875
990.6705573135936	760.9341666666666
990.9589840484416	800.9833333333332
991.2473539834347	716.3339583333333
991.5356671104153	952.988125
991.8239234212261	747.2810416666667
992.1121229077099	705.4114583333334
992.400265561709	719.9747916666666
992.6883513750662	668.0929166666666
992.9763803396239	691.7583333333333
993.2643524472247	851.955
993.5522676897112	702.6808333333333
993.8401260589261	709.9625
994.1279275467119	679.925625
994.4156721449109	790.9710416666667
994.7033598453662	800.9833333333332
994.99099063992	804.6241666666666
995.2785645204149	658.9908333333334
995.5660814786938	789.1506249999999
995.853541506599	733.6279166666667
996.140944595973	776.4077083333333
996.4282907386587	765.4852083333334
996.7155799264985	679.925625
997.0028121513348	835.57125
997.2899874050105	788.2404166666666
997.5771056793681	660.8112499999999
997.8641669662499	599.8272916666666
998.1511712574988	770.9464583333335
998.4381185449574	690.848125
998.725008820468	831.0202083333334
999.0118420758735	688.1175
999.2986183030163	672.6439583333333
999.585337493739	713.6033333333334
999.8719996398839	719.0645833333333
1000.158604733294	686.2970833333334
1000.445152765812	937.5145833333332
1000.7316437292799	705.4114583333334
1001.0180776155407	835.57125
1001.3044544164371	671.73375
1001.5907741238111	932.9635416666666
1001.8770367295059	1069.4947916666667
1002.1632422253638	760.9341666666666
1002.4493906032271	736.3585416666666
1002.735481854939	643.5172916666667
1003.0215159723417	870.1591666666667
1003.3074929472778	672.6439583333333
1003.59341277159	740.9095833333334
1003.8792754371208	750.921875
1004.1650809357126	842.8529166666667
1004.4508292592081	810.995625
1004.7365203994503	818.2772916666667
1005.0221543482811	667.1827083333334
1005.3077310975436	762.7545833333334
1005.5932506390802	708.1420833333333
1005.8787129647335	710.8727083333333
1006.1641180663456	771.8566666666666
1006.4494659357599	813.72625
1006.7347565648188	739.999375
1007.0199899453642	1137.7604166666667
1007.3051660692394	730.8972916666667
1007.5902849282868	677.195
1007.8753465143486	711.7829166666667
1008.160350819268	801.8935416666667
1008.4452978348874	780.0485416666667
1008.7301875530488	843.763125
1009.0150199655957	731.8075
1009.2997950643701	665.3622916666667
1009.5845128412144	731.8075
1009.8691732879718	717.2441666666667
1010.1537763964845	701.770625
1010.4383221585949	756.383125
1010.7228105661462	688.1175
1011.0072416109805	759.1137500000001
1011.2916152849402	714.5135416666667
1011.5759315798686	702.6808333333333
1011.8601904876076	667.1827083333334
1012.144392	732.7177083333332
1012.4285361088884	760.9341666666666
1012.7126228061155	697.2195833333334
1012.9966520835236	989.3964583333333
1013.2806239329553	728.1666666666666
1013.5645383462538	734.538125
1013.8483953152609	804.6241666666666
1014.1321948318193	705.4114583333334
1014.4159368877722	679.0154166666666
1014.6996214749615	765.4852083333332
1014.98324858523	757.2933333333334
1015.2668182104202	748.19125
1015.5503303423751	831.9304166666666
1015.8337849729367	803.7139583333333
1016.1171820939478	729.9870833333334
1016.4005216972512	745.460625
1016.6838037746892	703.5910416666666
1016.9670283181047	800.073125
1017.2501953193398	819.1875
1017.5333047702371	680.8358333333334
1017.81635666264	729.0768750000001
1018.0993509883903	794.611875
1018.3822877393309	731.8075
1018.6651669073037	738.1789583333333
1018.9479884841523	713.6033333333334
1019.2307524617187	777.3179166666667
1019.5134588318456	806.4445833333333
1019.7961075863757	861.9672916666665
1020.0786987171514	703.5910416666667
1020.3612322160153	821.918125
1020.6437080748101	810.0854166666668
1020.9261262853781	699.04
1021.208486839562	724.5258333333333
1021.4907897292048	692.6685416666666
1021.7730349461489	824.64875
1022.0552224822362	737.2687500000001
1022.33735232931	646.2479166666667
1022.6194244792129	792.7914583333335
1022.9014389237868	734.538125
1023.1833956548752	825.5589583333334
1023.46529466432	769.1260416666668
1023.7471359439638	641.696875
1024.0289194856498	738.1789583333333
1024.3106452812199	789.1506249999999
1024.5923133225172	687.2072916666666
1024.8739236013837	764.5749999999999
1025.1554761096625	764.5749999999999
1025.436970839196	764.5749999999999
