380.1984	0.0002
380.2000	0.0002
380.5766	0.0002
380.5800	0.0003
380.8828	0.0003
380.8828	0.0003
380.9500	0.0003
380.9548	0.0003
381.0000	0.0003
381.3300	0.0003
381.3330	0.0004
381.7100	0.0004
381.7111	0.0004
381.7782	0.0004
381.7782	0.0004
382.0000	0.0004
382.0891	0.0004
382.0900	0.0004
382.4672	0.0004
382.4700	0.0004
382.6737	0.0004
382.6737	0.0004
382.8452	0.0004
382.8500	0.0003
383.0000	0.0003
383.2200	0.0003
383.2231	0.0003
383.5692	0.0002
383.5692	0.0002
383.6000	0.0002
383.6010	0.0001
383.9789	0.0001
383.9800	0.0001
384.0000	0.0000
384.3567	0.0000
384.3600	0.0000
384.4646	0.0000
384.4646	0.0000
384.7300	0.0000
384.7345	0.0000
385.0000	0.0000
385.1100	0.0000
385.1122	0.0000
385.3601	0.0000
385.3601	0.0000
385.4899	0.0000
385.4900	0.0000
385.8676	0.0000
385.8700	0.0000
386.0000	0.0000
386.2452	0.0000
386.2500	0.0000
386.2555	0.0000
386.2555	0.0000
386.6200	0.0000
386.6228	0.0000
387.0000	0.0000
387.0003	0.0000
387.1510	0.0000
387.1510	0.0000
387.3778	0.0000
387.3800	0.0000
387.7552	0.0000
387.7600	0.0000
388.0000	0.0000
388.0465	0.0000
388.0465	0.0000
388.1300	0.0000
388.1326	0.0000
388.5100	0.0000
388.5100	0.0000
388.8873	0.0000
388.8900	0.0000
388.9419	0.0000
388.9419	0.0000
389.0000	0.0000
389.2600	0.0000
389.2646	0.0000
389.6400	0.0000
389.6418	0.0000
389.8374	0.0000
389.8374	0.0001
390.0000	0.0003
390.0190	0.0005
390.0200	0.0007
390.3962	0.0009
390.4000	0.0011
390.7328	0.0014
390.7328	0.0016
390.7700	0.0018
390.7733	0.0020
391.0000	0.0023
391.1500	0.0025
391.1503	0.0027
391.5273	0.0030
391.5300	0.0032
391.6283	0.0034
391.6283	0.0037
391.9000	0.0039
391.9043	0.0041
392.0000	0.0043
392.2800	0.0044
392.2813	0.0046
392.5238	0.0048
392.5238	0.0049
392.6582	0.0050
392.6600	0.0051
393.0000	0.0052
393.0350	0.0052
393.0400	0.0053
393.4100	0.0052
393.4118	0.0052
393.4192	0.0051
393.4192	0.0050
393.7886	0.0049
393.7900	0.0048
394.0000	0.0046
394.1653	0.0043
394.1700	0.0040
394.3147	0.0037
394.3147	0.0034
394.5400	0.0030
394.5420	0.0026
394.9187	0.0021
394.9200	0.0016
395.0000	0.0011
395.2101	0.0005
395.2101	0.0000
395.2953	0.0000
395.3000	0.0000
395.6700	0.0000
395.6718	0.0000
396.0000	0.0000
396.0483	0.0000
396.0500	0.0000
396.1056	0.0000
396.1056	0.0000
396.4200	0.0000
396.4248	0.0000
396.8000	0.0000
396.8012	0.0000
397.0000	0.0000
397.0011	0.0000
397.0011	0.0000
397.1776	0.0000
397.1800	0.0000
397.5500	0.0000
397.5540	0.0000
397.8965	0.0000
397.8965	0.0000
397.9300	0.0000
397.9303	0.0000
398.0000	0.0000
398.3065	0.0000
398.3100	0.0000
398.6800	0.0000
398.6828	0.0000
398.7920	0.0000
398.7920	0.0000
399.0000	0.0000
399.0589	0.0000
399.0600	0.0000
399.4351	0.0000
399.4400	0.0000
399.6874	0.0000
399.6874	0.0000
399.8100	0.0000
399.8112	0.0000
400.0000	0.0000
400.1872	0.0000
400.1900	0.0000
400.5600	0.0000
400.5632	0.0000
400.5829	0.0000
400.5829	0.0015
400.9392	0.0040
400.9400	0.0065
401.0000	0.0092
401.3151	0.0119
401.3200	0.0148
401.4784	0.0177
401.4784	0.0208
401.6900	0.0238
401.6910	0.0270
402.0000	0.0301
402.0668	0.0333
402.0700	0.0365
402.3738	0.0396
402.3738	0.0427
402.4400	0.0458
402.4426	0.0488
402.8184	0.0517
402.8200	0.0544
403.0000	0.0571
403.1900	0.0596
403.1941	0.0618
403.2693	0.0639
403.2693	0.0658
403.5697	0.0674
403.5700	0.0687
403.9454	0.0697
403.9500	0.0704
404.0000	0.0708
404.1647	0.0708
404.1647	0.0704
404.3200	0.0696
404.3210	0.0683
404.6965	0.0667
404.7000	0.0645
405.0000	0.0619
405.0602	0.0588
405.0602	0.0552
405.0700	0.0511
405.0720	0.0464
405.4475	0.0413
405.4500	0.0356
405.8200	0.0294
405.8229	0.0227
405.9556	0.0155
405.9556	0.0077
406.0000	0.0000
406.1982	0.0000
406.2000	0.0000
406.5700	0.0000
406.5736	0.0000
406.8511	0.0000
406.8511	0.0000
406.9488	0.0000
406.9500	0.0000
407.0000	0.0000
407.3200	0.0000
407.3241	0.0000
407.6993	0.0000
407.7000	0.0000
407.7466	0.0000
407.7466	0.0000
408.0000	0.0000
408.0700	0.0000
408.0745	0.0000
408.4496	0.0000
408.4500	0.0000
408.6420	0.0000
408.6420	0.0000
408.8200	0.0000
408.8246	0.0000
409.0000	0.0000
409.1997	0.0000
409.2000	0.0000
409.5375	0.0000
409.5375	0.0000
409.5700	0.0000
409.5747	0.0000
409.9496	0.0000
409.9500	0.0000
410.0000	0.0000
410.3200	0.0000
410.3245	0.0000
410.4329	0.0000
410.4329	0.0000
410.6994	0.0000
410.7000	0.0000
411.0000	0.0000
411.0700	0.0000
411.0742	0.0000
411.3284	0.0000
411.3284	0.0000
411.4490	0.0000
411.4500	0.0039
411.8200	0.0355
411.8237	0.0687
412.0000	0.1033
412.1984	0.1392
412.2000	0.1764
412.2239	0.2146
412.2239	0.2537
412.5700	0.2936
412.5730	0.3341
412.9476	0.3749
412.9500	0.4158
413.0000	0.4568
413.1193	0.4974
413.1193	0.5374
413.3200	0.5767
413.3222	0.6148
413.6967	0.6516
413.7000	0.6868
414.0000	0.7200
414.0148	0.7510
414.0148	0.7794
414.0700	0.8049
414.0712	0.8272
414.4456	0.8460
414.4500	0.8610
414.8200	0.8719
414.8200	0.8783
414.9102	0.8800
414.9102	0.8766
415.0000	0.8679
415.1900	0.8536
415.1944	0.8334
415.5687	0.8072
415.5700	0.7746
415.8057	0.7356
415.8057	0.6898
415.9400	0.6373
415.9429	0.5778
416.0000	0.5114
416.3171	0.4379
416.3200	0.3573
416.6900	0.2698
416.6913	0.1753
416.7012	0.0740
416.7012	0.0000
417.0000	0.0000
417.0655	0.0000
417.0700	0.0000
417.4396	0.0000
417.4400	0.0000
417.5966	0.0000
417.5966	0.0000
417.8100	0.0000
417.8136	0.0000
418.0000	0.0000
418.1876	0.0000
418.1900	0.0000
418.4921	0.0000
418.4921	0.0000
418.5600	0.0000
418.5616	0.0000
418.9355	0.0000
418.9400	0.0000
419.0000	0.0000
419.3094	0.0000
419.3100	0.0000
419.3875	0.0000
419.3875	0.0000
419.6800	0.0000
419.6832	0.0000
420.0000	0.0000
420.0570	0.0000
420.0600	0.0000
420.2830	0.0000
420.2830	0.0000
420.4300	0.0000
420.4307	0.0000
420.8000	0.0000
420.8045	0.0000
421.0000	0.0000
421.1781	0.0000
421.1785	0.0000
421.1785	0.0000
421.1800	0.0000
421.5500	0.0000
421.5517	0.0000
421.9253	0.0410
421.9300	0.5777
422.0000	1.1633
422.0739	1.7993
422.0739	2.4872
422.2989	3.2286
422.3000	4.0248
422.6700	4.8773
422.6723	5.7875
422.9694	6.7566
422.9694	7.7861
423.0000	8.8771
423.0458	10.0310
423.0500	11.2490
423.4192	12.5323
423.4200	13.8821
423.7900	15.2997
423.7926	16.7864
423.8648	18.3435
423.8648	19.9722
424.0000	21.6739
424.1659	23.4501
424.1700	25.3024
424.5392	27.2322
424.5400	29.2413
424.7603	31.3316
424.7603	33.5050
424.9100	35.7638
424.9124	38.1101
425.0000	40.5465
425.2856	43.0757
425.2900	45.7005
425.6558	48.4243
425.6558	51.2503
425.6587	54.1823
425.6600	57.2240
426.0000	60.3798
426.0300	63.6541
426.0318	67.0517
426.4000	70.5775
426.4049	74.2369
426.5512	78.0355
426.5512	81.9791
426.7779	86.0739
426.7800	90.3262
427.0000	94.7426
427.1500	99.3300
427.1509	104.0954
427.4467	109.0461
427.4467	114.1895
427.5200	119.5333
427.5238	125.0851
427.8967	130.8527
427.9000	136.8441
428.0000	143.0671
428.2696	149.5297
428.2700	156.2397
428.3421	163.2048
428.3421	170.4325
428.6400	177.9303
428.6424	185.7051
429.0000	193.7636
429.0151	202.1121
429.0200	210.7565
429.2376	219.7019
429.2376	228.9530
429.3879	238.5138
429.3900	248.3875
429.7600	258.5768
429.7605	269.0833
430.0000	279.9078
430.1300	291.0505
430.1331	302.5103
430.1331	314.2855
430.1332	326.3733
430.5058	338.7702
430.5100	351.4716
430.8783	364.4721
430.8800	377.7655
431.0000	391.3445
431.0285	405.2014
431.0285	419.3275
431.2500	433.7136
431.2508	448.3495
431.6200	463.2250
431.6233	478.3288
431.9240	493.6496
431.9240	509.1756
431.9957	524.8946
432.0000	540.7943
432.3681	556.8623
432.3700	573.0860
432.7400	589.4529
432.7404	605.9506
432.8194	622.5668
432.8194	639.2895
433.0000	656.1070
433.1100	673.0079
433.1127	689.9812
433.4800	707.0165
433.4849	724.1040
433.7149	741.2343
433.7149	758.3986
433.8571	775.5891
433.8600	792.7985
434.0000	810.0200
434.2293	827.2481
434.2300	844.4776
434.6000	861.7042
434.6014	878.9247
434.6103	896.1362
434.6103	913.3370
434.9700	930.5260
434.9735	947.7028
435.0000	964.8677
435.3455	982.0220
435.3500	999.1674
435.5058	1016.3063
435.5058	1033.4415
435.7175	1050.5768
435.7200	1067.7161
436.0000	1084.8639
436.0895	1102.0251
436.0900	1119.2050
436.4013	1136.4093
436.4013	1153.6437
436.4600	1170.9143
436.4614	1188.2274
436.8300	1205.5893
436.8332	1223.0065
437.0000	1240.4855
437.2050	1258.0328
437.2100	1275.6548
437.2967	1293.3578
437.2967	1311.1482
437.5768	1329.0321
437.5800	1347.0153
437.9485	1365.1038
437.9500	1383.3030
438.0000	1401.6182
438.1922	1420.0546
438.1922	1438.6168
438.3200	1457.3095
438.3202	1476.1367
438.6900	1495.1022
438.6918	1514.2097
439.0000	1533.4622
439.0600	1552.8624
439.0634	1572.4127
439.0876	1592.1149
439.0876	1611.9704
439.4350	1631.9803
439.4400	1652.1448
439.8065	1672.4640
439.8100	1692.9371
439.9831	1713.5629
439.9831	1734.3395
440.0000	1755.2642
440.1780	1776.3339
440.1800	1797.5447
440.5494	1818.8917
440.5500	1840.3697
440.8786	1861.9722
440.8786	1883.6923
440.9200	1905.5220
440.9208	1927.4525
441.0000	1949.4743
441.2900	1971.5769
441.2921	1993.7487
441.6600	2015.9776
441.6634	2038.2503
441.7740	2060.5528
441.7740	2082.8701
442.0000	2105.1864
442.0300	2127.4850
442.0347	2149.7483
442.4059	2171.9580
442.4100	2194.0949
442.6695	2216.1391
442.6695	2238.0698
442.7770	2259.8658
442.7800	2281.5049
443.0000	2302.9645
443.1482	2324.2212
443.1500	2345.2514
443.5192	2366.0306
443.5200	2386.5342
443.5649	2406.7370
443.5649	2426.6136
443.8900	2446.1382
443.8903	2465.2849
444.0000	2484.0276
444.2600	2502.3402
444.2613	2520.1965
444.4604	2537.5704
444.4604	2554.4360
444.6300	2570.7675
444.6322	2586.5394
445.0000	2601.7265
445.0031	2616.3042
445.3559	2630.2482
445.3559	2643.5349
445.3700	2656.1412
445.3740	2668.0448
445.7400	2679.2241
445.7448	2689.6585
446.0000	2699.3280
446.1156	2708.2138
446.1200	2716.2980
446.2513	2723.5639
446.2513	2729.9960
446.4863	2735.5796
446.4900	2740.3017
446.8570	2744.1505
446.8600	2747.1152
447.0000	2749.1869
447.1468	2750.3576
447.1468	2750.6211
447.2277	2749.9726
447.2300	2748.4087
447.5983	2745.9275
447.6000	2742.5287
447.9688	2738.2134
447.9700	2732.9844
448.0000	2726.8458
448.0422	2719.8034
448.0422	2711.8643
448.3393	2703.0374
448.3400	2693.3327
448.7098	2682.7618
448.7100	2671.3377
448.9377	2659.0748
448.9377	2645.9887
449.0000	2632.0965
449.0800	2617.4162
449.0802	2601.9672
449.4500	2585.7701
449.4506	2568.8465
449.8200	2551.2188
449.8210	2532.9107
449.8332	2513.9465
449.8332	2494.3515
450.0000	2474.1517
450.1900	2453.3739
450.1913	2432.0452
450.5600	2410.1938
450.5615	2387.8479
450.7286	2365.0365
450.7286	2341.7888
450.9300	2318.1344
450.9317	2294.1030
451.0000	2269.7248
451.3000	2245.0298
451.3019	2220.0484
451.6241	2194.8107
451.6241	2169.3469
451.6700	2143.6872
451.6720	2117.8615
452.0000	2091.8996
452.0400	2065.8310
452.0421	2039.6848
452.4100	2013.4898
452.4121	1987.2746
452.5195	1961.0669
452.5195	1934.8943
452.7800	1908.7837
452.7821	1882.7615
453.0000	1856.8532
453.1500	1831.0839
453.1521	1805.4779
453.4150	1780.0588
453.4150	1754.8493
453.5200	1729.8713
453.5220	1705.1458
453.8900	1680.6932
453.8918	1656.5325
454.0000	1632.6822
454.2600	1609.1594
454.2617	1585.9806
454.3105	1563.1611
454.3105	1540.7150
454.6300	1518.6556
454.6314	1496.9951
455.0000	1475.7446
455.0012	1454.9140
455.2059	1434.5122
455.2059	1414.5471
455.3700	1395.0255
455.3708	1375.9530
455.7400	1357.3343
455.7405	1339.1730
456.0000	1321.4714
456.1014	1304.2312
456.1014	1287.4528
456.1100	1271.1357
456.1101	1255.2784
456.4797	1239.8784
456.4800	1224.9324
456.8492	1210.4362
456.8500	1196.3846
456.9968	1182.7715
456.9968	1169.5902
457.0000	1156.8331
457.2186	1144.4917
457.2200	1132.5572
457.5881	1121.0196
457.5900	1109.8685
457.8923	1099.0929
457.8923	1088.6810
457.9574	1078.6209
457.9600	1068.8996
458.0000	1059.5041
458.3268	1050.4207
458.3300	1041.6355
458.6961	1033.1342
458.7000	1024.9020
458.7878	1016.9242
458.7878	1009.1857
459.0000	1001.6711
459.0653	994.3654
459.0700	987.2529
459.4300	980.3183
459.4345	973.5463
459.6832	966.9215
459.6832	960.4288
459.8000	954.0532
459.8037	947.7799
460.0000	941.5943
460.1700	935.4824
460.1728	929.4301
460.5400	923.4240
460.5419	917.4509
460.5787	911.4982
460.5787	905.5537
460.9100	899.6058
460.9109	893.6433
461.0000	887.6556
461.2799	881.6328
461.2800	875.5656
461.4741	869.4453
461.4741	863.2639
461.6489	857.0142
461.6500	850.6894
462.0000	844.2839
462.0178	837.7923
462.0200	831.2104
462.3696	824.5343
462.3696	817.7613
462.3866	810.8892
462.3900	803.9163
462.7554	796.8421
462.7600	789.6665
463.0000	782.3901
463.1200	775.0143
463.1242	767.5412
463.2650	759.9734
463.2650	752.3143
463.4900	744.5676
463.4929	736.7380
463.8600	728.8305
463.8616	720.8505
464.0000	712.8042
464.1605	704.6980
464.1605	696.5389
464.2300	688.3340
464.2303	680.0910
464.5989	671.8178
464.6000	663.5225
464.9674	655.2137
464.9700	646.8999
465.0000	638.5898
465.0560	630.2923
465.0560	622.0164
465.3359	613.7711
465.3400	605.5654
465.7000	597.4083
465.7044	589.3087
465.9514	581.2755
465.9514	573.3174
466.0000	565.4430
466.0700	557.6607
466.0728	549.9786
466.4400	542.4046
466.4412	534.9464
466.8095	527.6112
466.8100	520.4062
466.8469	513.3378
466.8469	506.4123
467.0000	499.6356
467.1778	493.0130
467.1800	486.5495
467.5461	480.2495
467.5500	474.1171
467.7423	468.1556
467.7423	462.3680
467.9100	456.7567
467.9143	451.3236
468.0000	446.0702
468.2800	440.9970
468.2824	436.1045
468.6378	431.3923
468.6378	426.8596
468.6500	422.5050
468.6505	418.3268
469.0000	414.3224
469.0186	410.4890
469.0200	406.8233
469.3866	403.3216
469.3900	399.9795
469.5333	396.7924
469.5333	393.7553
469.7500	390.8629
469.7546	388.1093
470.0000	385.4887
470.1200	382.9946
470.1225	380.6206
470.4287	378.3599
470.4287	376.2056
470.4900	374.1507
470.4904	372.1879
470.8583	370.3100
470.8600	368.5096
471.0000	366.7796
471.2261	365.1124
471.2300	363.5009
471.3242	361.9379
471.3242	360.4161
471.5900	358.9286
471.5939	357.4686
471.9600	356.0293
471.9616	354.6043
472.0000	353.1872
472.2196	351.7721
472.2196	350.3530
472.3292	348.9244
472.3300	347.4810
472.6969	346.0178
472.7000	344.5300
473.0000	343.0132
473.0600	341.4633
473.0645	339.8764
473.1151	338.2489
473.1151	336.5778
473.4300	334.8599
473.4320	333.0929
473.7995	331.2742
473.8000	329.4021
474.0000	327.4747
474.0106	325.4907
474.0106	323.4489
474.1670	321.3485
474.1700	319.1889
474.5300	316.9699
474.5344	314.6914
474.9000	312.3535
474.9017	309.9568
474.9060	307.5019
474.9060	304.9897
475.0000	302.4214
475.2691	299.7983
475.2700	297.1220
475.6363	294.3941
475.6400	291.6168
475.8015	288.7919
475.8015	285.9219
476.0000	283.0092
476.0036	280.0563
476.3700	277.0660
476.3708	274.0412
476.6969	270.9847
476.6969	267.8996
476.7379	264.7891
476.7400	261.6565
477.0000	258.5050
477.1050	255.3379
477.1100	252.1588
477.4700	248.9710
477.4721	245.7779
477.5924	242.5830
477.5924	239.3898
477.8391	236.2016
477.8400	233.0219
478.0000	229.8540
478.2061	226.7012
478.2100	223.5667
478.4879	220.4538
478.4879	217.3654
478.5700	214.3047
478.5730	211.2744
478.9399	208.2773
478.9400	205.3162
479.0000	202.3934
479.3067	199.5114
479.3100	196.6723
479.3833	193.8781
479.3833	191.1307
479.6700	188.4316
479.6735	185.7822
480.0000	183.1837
480.0400	180.6369
480.0402	178.1426
480.2788	175.7009
480.2788	173.3122
480.4069	170.9761
480.4100	168.6921
480.7700	166.4596
480.7736	164.2774
481.0000	162.1442
481.1400	160.0586
481.1402	158.0185
481.1742	156.0220
481.1742	154.0667
481.5068	152.1503
481.5100	150.2701
481.8700	148.4234
481.8733	146.6074
482.0000	144.8193
482.0697	143.0561
482.0697	141.3152
482.2398	139.5938
482.2400	137.8892
482.6062	136.1992
482.6100	134.5215
482.9652	132.8543
482.9652	131.1959
482.9700	129.5451
482.9726	127.9010
483.0000	126.2632
483.3390	124.6315
483.3400	123.0065
483.7053	121.3889
483.7100	119.7802
483.8606	118.1823
483.8606	116.5974
484.0000	115.0283
484.0700	113.4783
484.0716	111.9511
484.4378	110.4508
484.4400	108.9819
484.7561	107.5492
484.7561	106.1578
484.8000	104.8132
484.8040	103.5208
485.0000	102.2866
485.1700	101.1163
485.1701	100.0159
485.5362	98.9912
485.5400	98.0481
485.6515	97.1922
485.6515	96.4292
485.9000	95.7643
485.9022	95.2026
486.0000	94.7487
486.2682	94.4070
486.2700	94.1815
486.5470	94.0756
486.5470	94.0924
486.6300	94.2343
486.6342	94.5034
487.0000	94.9013
487.0001	95.4287
487.3659	96.0862
487.3700	96.8737
487.4424	97.7904
487.4425	98.8351
487.7300	100.0062
487.7318	101.3015
488.0000	102.7182
488.0975	104.2534
488.1000	105.9033
488.3379	107.6642
488.3379	109.5317
488.4600	111.5012
488.4633	113.5677
488.8290	115.7260
488.8300	117.9706
489.0000	120.2957
489.1900	122.6955
489.1946	125.1639
489.2334	127.6946
489.2334	130.2811
489.5600	132.9171
489.5602	135.5960
489.9258	138.3111
489.9300	141.0556
490.0000	143.8230
490.1288	146.6065
490.1288	149.3994
490.2900	152.1952
490.2913	154.9871
490.6567	157.7689
490.6600	160.5343
491.0000	163.2770
491.0200	165.9912
491.0222	168.6711
491.0243	171.3112
491.0243	173.9065
491.3875	176.4520
491.3900	178.9432
491.7500	181.3758
491.7529	183.7461
491.9197	186.0506
491.9197	188.2862
492.0000	190.4505
492.1182	192.5410
492.1200	194.5562
492.4800	196.4946
492.4834	198.3554
492.8152	200.1380
492.8152	201.8424
492.8486	203.4689
492.8500	205.0184
493.0000	206.4919
493.2100	207.8910
493.2138	209.2177
493.5789	210.4742
493.5800	211.6632
493.7107	212.7876
493.7107	213.8507
493.9400	214.8560
493.9439	215.8075
494.0000	216.7091
494.3090	217.5651
494.3100	218.3802
494.6061	219.1588
494.6061	219.9058
494.6700	220.6261
494.6739	221.3246
495.0000	222.0065
495.0389	222.6767
495.0400	223.3403
495.4000	224.0023
495.4038	224.6676
495.5016	225.3411
495.5016	226.0275
495.7686	226.7313
495.7700	227.4570
496.0000	228.2087
496.1300	228.9905
496.1334	229.8062
496.3970	230.6592
496.3970	231.5529
496.4982	232.4903
496.5000	233.4739
496.8600	234.5063
496.8629	235.5894
497.0000	236.7250
497.2275	237.9145
497.2300	239.1590
497.2925	240.4591
497.2925	241.8153
497.5900	243.2276
497.5922	244.6956
497.9567	246.2187
497.9600	247.7959
498.0000	249.4260
498.1880	251.1073
498.1880	252.8380
498.3200	254.6158
498.3213	256.4385
498.6857	258.3033
498.6900	260.2073
499.0000	262.1476
499.0500	264.1208
499.0502	266.1237
499.0834	268.1526
499.0834	270.2041
499.4100	272.2745
499.4146	274.3601
499.7789	276.4571
499.7800	278.5619
499.9789	280.6708
499.9789	282.7801
500.0000	284.8864
500.1400	286.9862
500.1433	289.0762
500.5075	291.1534
500.5100	293.2147
500.8700	295.2573
500.8717	297.2788
500.8743	299.2767
500.8743	301.2491
501.0000	303.1940
501.2359	305.1099
501.2400	306.9955
501.6000	308.8497
501.6000	310.6718
501.7698	312.4614
501.7698	314.2183
501.9600	315.9426
501.9641	317.6346
502.0000	319.2951
502.3282	320.9248
502.3300	322.5251
502.6653	324.0971
502.6653	325.6426
502.6900	327.1634
502.6922	328.6615
503.0000	330.1391
503.0561	331.5984
503.0600	333.0420
503.4200	334.4725
503.4200	335.8926
503.5607	337.3049
503.5607	338.7124
503.7800	340.1177
503.7839	341.5239
504.0000	342.9336
504.1477	344.3496
504.1500	345.7746
504.4562	347.2111
504.4562	348.6616
504.5100	350.1284
504.5115	351.6136
504.8752	353.1191
504.8800	354.6467
505.0000	356.1978
505.2389	357.7737
505.2400	359.3753
505.3516	361.0034
505.3516	362.6582
505.6000	364.3399
505.6025	366.0483
505.9661	367.7829
505.9700	369.5427
506.0000	371.3265
506.2471	373.1330
506.2471	374.9602
506.3297	376.8060
506.3300	378.6680
506.6900	380.5434
506.6932	382.4293
507.0000	384.3224
507.0567	386.2193
507.0600	388.1161
507.1426	390.0092
507.1426	391.8943
507.4200	393.7675
507.4201	395.6243
507.7800	397.4604
507.7834	399.2716
508.0000	401.0534
508.0380	402.8016
508.0380	404.5118
508.1468	406.1798
508.1500	407.8017
508.5100	409.3736
508.5101	410.8918
508.8700	412.3528
508.8733	413.7535
508.9335	415.0908
508.9335	416.3621
509.0000	417.5651
509.2365	418.6976
509.2400	419.7581
509.5996	420.7449
509.6000	421.6572
509.8289	422.4942
509.8289	423.2554
509.9600	423.9409
509.9627	424.5507
510.0000	425.0855
510.3258	425.5461
510.3300	425.9336
510.6888	426.2492
510.6900	426.4946
510.7244	426.6716
510.7244	426.7820
511.0000	426.8281
511.0500	426.8120
511.0518	426.7362
511.4100	426.6032
511.4147	426.4155
511.6199	426.1758
511.6199	425.8865
511.7776	425.5505
511.7800	425.1703
512.0000	424.7484
512.1400	424.2876
512.1404	423.7901
512.5000	423.2585
512.5032	422.6951
512.5153	422.1021
512.5153	421.4815
512.8659	420.8355
512.8700	420.1657
513.0000	419.4741
513.2286	418.7620
513.2300	418.0311
513.4108	417.2825
513.4108	416.5174
513.5900	415.7369
513.5913	414.9419
513.9500	414.1330
513.9539	413.3109
514.0000	412.4761
514.3062	411.6289
514.3062	410.7698
514.3165	409.8988
514.3200	409.0161
514.6790	408.1217
514.6800	407.2155
515.0000	406.2974
515.0400	405.3674
515.0415	404.4251
515.2017	403.4703
515.2017	402.5028
515.4000	401.5223
515.4039	400.5286
515.7663	399.5214
515.7700	398.5003
516.0000	397.4652
516.0971	396.4159
516.0971	395.3521
516.1286	394.2736
516.1300	393.1804
516.4900	392.0724
516.4909	390.9494
516.8500	389.8115
516.8532	388.6588
516.9926	387.4912
516.9926	386.3090
517.0000	385.1123
517.2154	383.9013
517.2200	382.6763
517.5775	381.4376
517.5800	380.1855
517.8881	378.9204
517.8881	377.6427
517.9396	376.3528
517.9400	375.0511
518.0000	373.7382
518.3000	372.4145
518.3017	371.0804
518.6600	369.7365
518.6637	368.3831
518.7835	367.0208
518.7835	365.6499
519.0000	364.2708
519.0257	362.8838
519.0300	361.4893
519.3877	360.0875
519.3900	358.6786
519.6790	357.2627
519.6790	355.8399
519.7495	354.4103
519.7500	352.9736
520.0000	351.5300
520.1100	350.0791
520.1114	348.6207
520.4700	347.1546
520.4732	345.6803
520.5744	344.1974
520.5744	342.7056
520.8300	341.2043
520.8349	339.6929
521.0000	338.1710
521.1967	336.6379
521.2000	335.0931
521.4699	333.5360
521.4699	331.9661
521.5583	330.3828
521.5600	328.7856
521.9199	327.1740
521.9200	325.5476
522.0000	323.9059
522.2800	322.2487
522.2815	320.5757
522.3654	318.8867
522.3654	317.1816
522.6400	315.4603
522.6430	313.7231
523.0000	311.9700
523.0045	310.2014
523.2608	308.4175
523.2608	306.6191
523.3660	304.8066
523.3700	302.9809
523.7274	301.1428
523.7300	299.2932
524.0000	297.4334
524.0887	295.5645
524.0900	293.6878
524.1563	291.8049
524.1563	289.9174
524.4500	288.0268
524.4500	286.1350
524.8100	284.2438
524.8113	282.3553
525.0000	280.4716
525.0517	278.5946
525.0517	276.7267
525.1700	274.8701
525.1725	273.0270
525.5300	271.1998
525.5337	269.3908
525.8900	267.6024
525.8948	265.8367
525.9472	264.0961
525.9472	262.3828
526.0000	260.6990
526.2559	259.0465
526.2600	257.4275
526.6169	255.8437
526.6200	254.2969
526.8427	252.7885
526.8427	251.3199
526.9779	249.8924
526.9800	248.5069
527.0000	247.1642
527.3388	245.8650
527.3400	244.6095
527.6997	243.3979
527.7000	242.2301
527.7381	241.1058
527.7381	240.0243
528.0000	238.9848
528.0600	237.9862
528.0606	237.0273
528.4200	236.1066
528.4214	235.2222
528.6336	234.3724
528.6336	233.5549
528.7800	232.7676
528.7821	232.0080
529.0000	231.2735
529.1400	230.5616
529.1429	229.8695
529.5000	229.1945
529.5035	228.5336
529.5290	227.8841
529.5290	227.2431
529.8600	226.6077
529.8642	225.9752
530.0000	225.3428
530.2200	224.7079
530.2247	224.0679
530.4245	223.4202
530.4245	222.7625
530.5853	222.0926
530.5900	221.4084
530.9458	220.7078
530.9500	219.9890
531.0000	219.2503
531.3062	218.4903
531.3100	217.7075
531.3200	216.9008
531.3200	216.0691
531.6666	215.2116
531.6700	214.3275
532.0000	213.4163
532.0270	212.4776
532.0300	211.5112
532.2154	210.5169
532.2154	209.4949
532.3873	208.4452
532.3900	207.3682
532.7475	206.2642
532.7500	205.1337
533.0000	203.9772
533.1078	202.7953
533.1100	201.5887
533.1109	200.3581
533.1109	199.1041
533.4679	197.8275
533.4700	196.5290
533.8281	195.2093
533.8300	193.8690
534.0000	192.5086
534.0063	191.1289
534.0063	189.7303
534.1881	188.3131
534.1900	186.8778
534.5482	185.4247
534.5500	183.9540
534.9018	182.4657
534.9018	180.9600
534.9082	179.4368
534.9100	177.8959
535.0000	176.3373
535.2681	174.7606
535.2700	173.1655
535.6280	171.5516
535.6300	169.9182
535.7973	168.2650
535.7973	166.5912
535.9879	164.8962
535.9900	163.1792
536.0000	161.4393
536.3477	159.6759
536.3500	157.8879
536.6927	156.0746
536.6927	154.2349
536.7074	152.3680
536.7100	150.4729
537.0000	148.5488
537.0672	146.5948
537.0700	144.6101
537.4268	142.5938
537.4300	140.5455
537.5882	138.4643
537.5882	136.3499
537.7865	134.2019
537.7900	132.0200
538.0000	129.8043
538.1461	127.5546
538.1500	125.2714
538.4836	122.9551
538.4836	120.6063
538.5056	118.2259
538.5100	115.8149
538.8651	113.3746
538.8700	110.9065
539.0000	108.4123
539.2200	105.8940
539.2245	103.3536
539.3791	100.7934
539.3791	98.2159
539.5800	95.6238
539.5839	93.0200
539.9400	90.4073
539.9433	87.7890
540.0000	85.1681
540.2746	82.5482
540.2746	79.9327
540.3000	77.3251
540.3026	74.7290
540.6600	72.1482
540.6619	69.5864
541.0000	67.0474
541.0200	64.5351
541.0211	62.0533
541.1700	59.6060
541.1700	57.1969
541.3800	54.8300
541.3803	52.5091
541.7394	50.2380
541.7400	48.0203
542.0000	45.8598
542.0655	43.7599
542.0655	41.7241
542.0985	39.7555
542.1000	37.8572
542.4575	36.0321
542.4600	34.2829
542.8165	32.6118
542.8200	31.0211
542.9609	29.5126
542.9609	28.0879
543.0000	26.7482
543.1754	25.4945
543.1800	24.3274
543.5300	23.2471
543.5343	22.2536
543.8564	21.3463
543.8564	20.5245
543.8900	19.7871
543.8932	19.1325
544.0000	18.5589
544.2500	18.0641
544.2520	17.6455
544.6100	17.3004
544.6108	17.0256
544.7518	16.8177
544.7518	16.6729
544.9695	16.5875
544.9700	16.5571
545.0000	16.5775
545.3282	16.6441
545.3300	16.7523
545.6473	16.8973
545.6473	17.0743
545.6868	17.2783
545.6900	17.5043
546.0000	17.7476
546.0454	18.0030
546.0500	18.2660
546.4000	18.5316
546.4039	18.7954
546.5428	19.0529
546.5428	19.2998
546.7600	19.5323
546.7624	19.7464
547.0000	19.9387
547.1200	20.1060
547.1208	20.2453
547.4382	20.3540
547.4382	20.4299
547.4792	20.4709
547.4800	20.4755
547.8376	20.4424
547.8400	20.3706
548.0000	20.2595
548.1959	20.1088
548.2000	19.9184
548.3337	19.6887
548.3337	19.4203
548.5500	19.1140
548.5542	18.7708
548.9100	18.3921
548.9124	17.9793
549.0000	17.5343
549.2291	17.0588
549.2291	16.5549
549.2700	16.0248
549.2706	15.4707
549.6287	14.8950
549.6300	14.3000
549.9868	13.6883
549.9900	13.0624
550.0000	12.4248
550.1246	11.7780
550.1246	11.1246
550.3400	10.4669
550.3448	9.8075
550.7000	9.1487
550.7028	8.4928
551.0000	7.8421
551.0201	7.1987
551.0201	6.5645
551.0600	5.9417
551.0607	5.3319
551.4186	4.7368
551.4200	4.1581
551.7765	3.5972
551.7800	3.0554
551.9155	2.5339
551.9155	2.0338
552.0000	1.5559
552.1300	1.1011
552.1343	0.6701
552.4900	0.2633
552.4920	0.0000
552.8110	0.0000
552.8110	0.0000
552.8497	0.0000
552.8500	0.0000
553.0000	0.0000
553.2074	0.0000
553.2100	0.0000
553.5650	0.0000
553.5700	0.0000
553.7064	0.0000
553.7064	0.0000
553.9200	0.0000
553.9226	0.0000
554.0000	0.0000
554.2800	0.0000
554.2801	0.0000
554.6019	0.0000
554.6019	0.0000
554.6376	0.0000
554.6400	0.0000
554.9951	0.0000
555.0000	0.0000
555.3500	0.0000
555.3525	0.0000
555.4974	0.0000
555.4974	0.0000
555.7098	0.0000
555.7100	0.0000
556.0000	0.0000
556.0671	0.0000
556.0700	0.0000
556.3928	0.0000
556.3928	0.0000
556.4200	0.0000
556.4244	0.0000
556.7800	0.0000
556.7816	0.0000
557.0000	0.0000
557.1387	0.0000
557.1400	0.0000
557.2883	0.0000
557.2883	0.0000
557.4959	0.0000
557.5000	0.0000
557.8500	0.0560
557.8529	0.1602
558.0000	0.2591
558.1837	0.3525
558.1837	0.4402
558.2099	0.5222
558.2100	0.5983
558.5669	0.6684
558.5700	0.7324
558.9200	0.7905
558.9239	0.8425
559.0000	0.8884
559.0792	0.9284
559.0792	0.9625
559.2800	0.9908
559.2808	1.0133
559.6376	1.0303
559.6400	1.0418
559.9747	1.0479
559.9747	1.0488
559.9900	1.0447
559.9944	1.0358
560.0000	1.0222
560.3500	1.0040
560.3511	0.9816
560.7078	0.9550
560.7100	0.9244
560.8701	0.8901
560.8701	0.8522
561.0000	0.8110
561.0600	0.7666
561.0645	0.7193
561.4200	0.6692
561.4211	0.6165
561.7656	0.5614
561.7656	0.5041
561.7777	0.4449
561.7800	0.3839
562.0000	0.3213
562.1300	0.2574
562.1342	0.1922
562.4900	0.1261
562.4907	0.0592
562.6610	0.0000
562.6610	0.0000
562.8471	0.0000
562.8500	0.0000
563.0000	0.0000
563.2000	0.0000
563.2035	0.0000
563.5565	0.0000
563.5565	0.0000
563.5598	0.0000
563.5600	0.0000
563.9161	0.0000
563.9200	0.0000
564.0000	0.0000
564.2700	0.0000
564.2724	0.0000
564.4520	0.0000
564.4520	0.0000
564.6286	0.0000
564.6300	0.0000
564.9800	0.0000
564.9847	0.0000
565.0000	0.0000
565.3400	0.0000
565.3408	0.0000
565.3474	0.0000
565.3474	0.0000
565.6969	0.0000
565.7000	0.0000
566.0000	0.0000
566.0500	0.0000
566.0529	0.0000
566.2429	0.0000
566.2429	0.0000
566.4089	0.0000
566.4100	0.0000
566.7600	0.0000
566.7648	0.0000
567.0000	0.0000
567.1200	0.0000
567.1207	0.0000
567.1383	0.0000
567.1383	0.0000
567.4765	0.0000
567.4800	0.0000
567.8300	0.1061
567.8323	0.2433
568.0000	0.3859
568.0338	0.5335
568.0338	0.6856
568.1880	0.8416
568.1900	1.0009
568.5400	1.1630
568.5437	1.3270
568.8993	1.4924
568.9000	1.6582
568.9293	1.8236
568.9293	1.9877
569.0000	2.1497
569.2500	2.3085
569.2549	2.4631
569.6100	2.6124
569.6105	2.7554
569.8247	2.8910
569.8247	3.0180
569.9660	3.1353
569.9700	3.2417
570.0000	3.3360
570.3200	3.4170
570.3215	3.4835
570.6769	3.5344
570.6800	3.5686
570.7202	3.5848
570.7202	3.5820
571.0000	3.5592
571.0300	3.5153
571.0322	3.4493
571.3876	3.3604
571.3900	3.2478
571.6156	3.1107
571.6156	2.9486
571.7400	2.7607
571.7428	2.5469
572.0000	2.3066
572.0981	2.0399
572.1000	1.7466
572.4500	1.4268
572.4533	1.0809
572.5111	0.7092
572.5111	0.3124
572.8084	0.0000
572.8100	0.0000
573.0000	0.0000
573.1600	0.0000
573.1635	0.0000
573.4065	0.0000
573.4065	0.0000
573.5185	0.0000
573.5200	0.0000
573.8700	0.0000
573.8735	0.0000
574.0000	0.0000
574.2285	0.0000
574.2300	0.0000
574.3020	0.0000
574.3020	0.0000
574.5800	0.0000
574.5834	0.0000
574.9382	0.0000
574.9400	0.0000
575.0000	0.0000
575.1975	0.0000
575.1975	0.0000
575.2900	0.0000
575.2931	0.0000
575.6478	0.0000
575.6500	0.0000
576.0000	0.0000
576.0025	0.0000
576.0929	0.0000
576.0929	0.0000
576.3572	0.0000
576.3600	0.0000
576.7100	0.0000
576.7118	0.0000
576.9884	0.0000
576.9884	0.0000
577.0000	0.0000
577.0664	0.0000
577.0700	0.0000
577.4200	0.0000
577.4210	0.0000
577.7755	0.0000
577.7800	1.2343
577.8838	3.1769
577.8838	5.2688
578.0000	7.5116
578.1299	9.9065
578.1300	12.4541
578.4800	15.1547
578.4843	18.0081
578.7793	21.0136
578.7793	24.1700
578.8386	27.4755
578.8400	30.9282
579.0000	34.5253
579.1900	38.2638
579.1929	42.1401
579.5472	46.1503
579.5500	50.2898
579.6748	54.5539
579.6748	58.9373
579.9000	63.4346
579.9014	68.0397
580.0000	72.7466
580.2556	77.5487
580.2600	82.4394
580.5702	87.4119
580.5702	92.4593
580.6097	97.5743
580.6100	102.7500
580.9600	107.9792
580.9638	113.2549
581.0000	118.5700
581.3178	123.9177
581.3200	129.2913
581.4657	134.6844
581.4657	140.0906
581.6700	145.5041
581.6718	150.9192
582.0000	156.3305
582.0257	161.7332
582.0300	167.1226
582.3611	172.4947
582.3611	177.8456
582.3796	183.1722
582.3800	188.4714
582.7300	193.7410
582.7334	198.9789
583.0000	204.1836
583.0872	209.3540
583.0900	214.4895
583.2566	219.5898
583.2566	224.6553
583.4400	229.6864
583.4410	234.6842
583.7900	239.6501
583.7947	244.5858
584.0000	249.4932
584.1483	254.3748
584.1500	259.2332
584.1521	264.0712
584.1521	268.8920
584.5000	273.6987
584.5019	278.4950
584.8555	283.2843
584.8600	288.0704
585.0000	292.8571
585.0475	297.6483
585.0475	302.4479
585.2090	307.2597
585.2100	312.0878
585.5600	316.9359
585.5625	321.8079
585.9159	326.7076
585.9200	331.6386
585.9430	336.6044
585.9430	341.6086
586.0000	346.6543
586.2693	351.7447
586.2700	356.8828
586.6200	362.0713
586.6226	367.3127
586.8384	372.6095
586.8384	377.9639
586.9759	383.3777
586.9800	388.8526
587.0000	394.3902
587.3291	399.9916
587.3300	405.6578
587.6800	411.3895
587.6823	417.1873
587.7339	423.0513
587.7339	428.9814
588.0000	434.9774
588.0354	441.0386
588.0400	447.1642
588.3885	453.3531
588.3900	459.6038
588.6294	465.9149
588.6294	472.2842
588.7400	478.7098
588.7416	485.1892
589.0000	491.7197
589.0900	498.2984
589.0946	504.9223
589.4475	511.5880
589.4500	518.2919
589.5248	525.0304
589.5248	531.7995
589.8000	538.5953
589.8005	545.4134
590.0000	552.2497
590.1500	559.0996
590.1533	565.9588
590.4203	572.8227
590.4203	579.6867
590.5061	586.5463
590.5100	593.3969
590.8589	600.2342
590.8600	607.0536
591.0000	613.8509
591.2100	620.6218
591.2116	627.3624
591.3157	634.0688
591.3157	640.7373
591.5600	647.3645
591.5643	653.9471
591.9169	660.4823
591.9200	666.9672
592.0000	673.3996
592.2112	679.7773
592.2112	686.0985
592.2695	692.3617
592.2700	698.5657
592.6200	704.7096
592.6220	710.7928
592.9700	716.8150
592.9745	722.7762
593.0000	728.6767
593.1067	734.5171
593.1067	740.2980
593.3270	746.0206
593.3300	751.6861
593.6794	757.2960
593.6800	762.8519
594.0000	768.3555
594.0021	773.8090
594.0021	779.2142
594.0300	784.5736
594.0317	789.8893
594.3800	795.1637
594.3840	800.3994
594.7363	805.5988
594.7400	810.7645
594.8976	815.8991
594.8976	821.0052
595.0000	826.0854
595.0885	831.1424
595.0900	836.1788
595.4400	841.1971
595.4406	846.1999
595.7900	851.1899
595.7928	856.1694
595.7930	861.1410
595.7930	866.1070
596.0000	871.0696
596.1400	876.0312
596.1448	880.9939
596.4968	885.9597
596.5000	890.9305
596.6885	895.9080
596.6885	900.8940
596.8488	905.8899
596.8500	910.8970
597.0000	915.9165
597.2000	920.9493
597.2008	925.9962
597.5500	931.0576
597.5526	936.1341
597.5839	941.2256
597.5839	946.3320
597.9000	951.4529
597.9045	956.5876
598.0000	961.7355
598.2563	966.8952
598.2600	972.0655
598.4794	977.2447
598.4794	982.4312
598.6080	987.6230
598.6100	992.8178
598.9597	998.0134
598.9600	1003.2073
599.0000	1008.3970
599.3100	1013.5797
599.3113	1018.7529
599.3749	1023.9136
599.3749	1029.0591
599.6600	1034.1866
599.6629	1039.2934
600.0000	1044.3766
600.0100	1049.4336
600.0145	1054.4618
600.2703	1059.4587
600.2703	1064.4219
600.3660	1069.3492
600.3700	1074.2383
600.7175	1079.0875
600.7200	1083.8947
601.0000	1088.6584
601.0689	1093.3772
601.0700	1098.0496
601.1658	1102.6747
601.1658	1107.2514
601.4200	1111.7791
601.4202	1116.2570
601.7700	1120.6850
601.7715	1125.0625
602.0000	1129.3897
602.0612	1133.6666
602.0612	1137.8932
602.1200	1142.0700
602.1228	1146.1973
602.4700	1150.2756
602.4740	1154.3055
602.8252	1158.2875
602.8300	1162.2224
602.9567	1166.1107
602.9567	1169.9531
603.0000	1173.7503
603.1764	1177.5027
603.1800	1181.2110
603.5274	1184.8755
603.5300	1188.4967
603.8522	1192.0748
603.8522	1195.6099
603.8785	1199.1022
603.8800	1202.5515
604.0000	1205.9577
604.2295	1209.3204
604.2300	1212.6393
604.5800	1215.9138
604.5804	1219.1433
604.7476	1222.3271
604.7476	1225.4642
604.9300	1228.5540
604.9313	1231.5953
605.0000	1234.5873
605.2800	1237.5290
605.2822	1240.4193
605.6300	1243.2572
605.6330	1246.0417
605.6431	1248.7720
605.6431	1251.4471
605.9800	1254.0661
605.9837	1256.6284
606.0000	1259.1332
606.3300	1261.5801
606.3344	1263.9685
606.5385	1266.2982
606.5385	1268.5690
606.6851	1270.7807
606.6900	1272.9335
607.0000	1275.0274
607.0357	1277.0629
607.0400	1279.0403
607.3863	1280.9603
607.3900	1282.8234
607.4340	1284.6305
607.4340	1286.3823
607.7368	1288.0800
607.7400	1289.7243
608.0000	1291.3165
608.0873	1292.8576
608.0900	1294.3486
608.3295	1295.7907
608.3295	1297.1849
608.4377	1298.5324
608.4400	1299.8341
608.7881	1301.0909
608.7900	1302.3038
609.0000	1303.4734
609.1384	1304.6005
609.1400	1305.6856
609.2249	1306.7293
609.2249	1307.7318
609.4887	1308.6935
609.4900	1309.6145
609.8389	1310.4949
609.8400	1311.3345
610.0000	1312.1332
610.1204	1312.8908
610.1204	1313.6069
610.1891	1314.2812
610.1900	1314.9132
610.5393	1315.5022
610.5400	1316.0479
610.8893	1316.5495
610.8900	1317.0064
611.0000	1317.4181
611.0158	1317.7838
611.0158	1318.1028
611.2394	1318.3747
611.2400	1318.5987
611.5894	1318.7743
611.5900	1318.9009
611.9113	1318.9782
611.9113	1319.0056
611.9394	1318.9827
611.9400	1318.9094
612.0000	1318.7853
612.2893	1318.6104
612.2900	1318.3846
612.6391	1318.1078
612.6400	1317.7802
612.8068	1317.4019
612.8068	1316.9733
612.9889	1316.4946
612.9900	1315.9664
613.0000	1315.3891
613.3387	1314.7634
613.3400	1314.0898
613.6884	1313.3692
613.6900	1312.6024
613.7022	1311.7902
613.7022	1310.9336
614.0000	1310.0336
614.0381	1309.0912
614.0400	1308.1076
614.3877	1307.0838
614.3900	1306.0210
614.5977	1304.9204
614.5977	1303.7833
614.7373	1302.6108
614.7400	1301.4044
615.0000	1300.1651
615.0868	1298.8945
615.0900	1297.5938
615.4363	1296.2643
615.4400	1294.9073
615.4931	1293.5244
615.4931	1292.1168
615.7857	1290.6859
615.7900	1289.2332
616.0000	1287.7602
616.1351	1286.2683
616.1400	1284.7589
616.3886	1283.2337
616.3886	1281.6940
616.4800	1280.1416
616.4845	1278.5779
616.8300	1277.0045
616.8338	1275.4231
617.0000	1273.8352
617.1800	1272.2424
617.1830	1270.6463
617.2841	1269.0485
617.2841	1267.4505
617.5300	1265.8539
617.5322	1264.2601
617.8800	1262.6704
617.8814	1261.0863
618.0000	1259.5091
618.1795	1257.9399
618.1795	1256.3799
618.2300	1254.8301
618.2305	1253.2915
618.5795	1251.7649
618.5800	1250.2511
618.9285	1248.7508
618.9300	1247.2646
619.0000	1245.7928
619.0750	1244.3360
619.0750	1242.8943
619.2775	1241.4680
619.2800	1240.0570
619.6264	1238.6614
619.6300	1237.2810
619.9704	1235.9154
619.9704	1234.5644
619.9753	1233.2274
619.9800	1231.9037
620.0000	1230.5927
620.3200	1229.2934
620.3241	1228.0048
620.6700	1226.7259
620.6729	1225.4554
620.8659	1224.1921
620.8659	1222.9346
621.0000	1221.6814
621.0200	1220.4309
621.0216	1219.1815
621.3700	1217.9316
621.3703	1216.6795
621.7189	1215.4233
621.7200	1214.1615
621.7614	1212.8920
621.7614	1211.6132
622.0000	1210.3233
622.0675	1209.0205
622.0700	1207.7031
622.4161	1206.3693
622.4200	1205.0176
622.6568	1203.6464
622.6568	1202.2541
622.7600	1200.8393
622.7645	1199.4007
623.0000	1197.9372
623.1100	1196.4476
623.1130	1194.9310
623.4600	1193.3865
623.4614	1191.8134
623.5523	1190.2112
623.5523	1188.5795
623.8097	1186.9181
623.8100	1185.2268
624.0000	1183.5057
624.1580	1181.7549
624.1600	1179.9748
624.4477	1178.1659
624.4477	1176.3288
624.5063	1174.4642
624.5100	1172.5729
624.8500	1170.6559
624.8545	1168.7144
625.0000	1166.7494
625.2000	1164.7624
625.2026	1162.7546
625.3432	1160.7275
625.3432	1158.6826
625.5500	1156.6216
625.5508	1154.5461
625.8988	1152.4578
625.9000	1150.3585
626.0000	1148.2501
626.2386	1146.1344
626.2386	1144.0133
626.2468	1141.8888
626.2500	1139.7629
626.5900	1137.6376
626.5948	1135.5150
626.9400	1133.3973
626.9427	1131.2864
627.0000	1129.1846
627.1341	1127.0941
627.1341	1125.0170
627.2900	1122.9556
627.2906	1120.9120
627.6384	1118.8884
627.6400	1116.8872
627.9862	1114.9106
627.9900	1112.9607
628.0000	1111.0398
628.0296	1109.1501
628.0296	1107.2938
628.3300	1105.4732
628.3339	1103.6902
628.6800	1101.9472
628.6816	1100.2461
628.9250	1098.5890
628.9250	1096.9780
629.0000	1095.4150
629.0293	1093.9017
629.0300	1092.4401
629.3768	1091.0318
629.3800	1089.6783
629.7200	1088.3812
629.7244	1087.1416
629.8205	1085.9609
629.8205	1084.8399
630.0000	1083.7794
630.0700	1082.7800
630.0719	1081.8421
630.4193	1080.9658
630.4200	1080.1510
630.7159	1079.3973
630.7159	1078.7040
630.7667	1078.0701
630.7700	1077.4945
631.0000	1076.9755
631.1100	1076.5111
631.1141	1076.0992
631.4600	1075.7372
631.4614	1075.4221
631.6114	1075.1507
631.6114	1074.9194
631.8086	1074.7242
631.8100	1074.5610
632.0000	1074.4252
632.1558	1074.3119
632.1600	1074.2160
632.5000	1074.1321
632.5030	1074.0547
632.5069	1073.9780
632.5069	1073.8960
632.8500	1073.8026
632.8501	1073.6916
633.0000	1073.5568
633.1972	1073.3918
633.2000	1073.1903
633.4023	1072.9460
633.4023	1072.6528
633.5400	1072.3046
633.5442	1071.8956
633.8900	1071.4198
633.8912	1070.8720
634.0000	1070.2468
634.2381	1069.5393
634.2400	1068.7450
634.2978	1067.8595
634.2978	1066.8790
634.5800	1065.8000
634.5850	1064.6195
634.9300	1063.3348
634.9318	1061.9437
635.0000	1060.4446
635.1932	1058.8361
635.1932	1057.1175
635.2786	1055.2884
635.2800	1053.3490
635.6253	1051.2999
635.6300	1049.1422
635.9700	1046.8773
635.9720	1044.5073
636.0000	1042.0346
636.0887	1039.4620
636.0887	1036.7927
636.3186	1034.0306
636.3200	1031.1796
636.6652	1028.2441
636.6700	1025.2289
636.9842	1022.1393
636.9842	1018.9805
637.0000	1015.7585
637.0100	1012.4791
637.0117	1009.1489
637.3582	1005.7742
637.3600	1002.3619
637.7000	998.9189
637.7047	995.4523
637.8796	991.9695
637.8796	988.4778
638.0000	984.9846
638.0500	981.4975
638.0511	978.0239
638.3974	974.5714
638.4000	971.1473
638.7400	967.7591
638.7437	964.4139
638.7751	961.1187
638.7751	957.8803
639.0000	954.7055
639.0900	951.6004
639.0900	948.5710
639.4362	945.6231
639.4400	942.7620
639.6705	939.9925
639.6705	937.3192
639.7800	934.7462
639.7823	932.2771
640.0000	929.9151
640.1284	927.6629
640.1300	925.5228
640.4700	923.4965
640.4745	921.5853
640.5660	919.7902
640.5660	918.1114
640.8200	916.5490
640.8205	915.1023
641.0000	913.7705
641.1665	912.5522
641.1700	911.4456
641.4615	910.4486
641.4615	909.5587
641.5100	908.7730
641.5124	908.0883
641.8583	907.5012
641.8600	907.0078
642.0000	906.6040
642.2000	906.2856
642.2041	906.0479
642.3569	905.8861
642.3569	905.7952
642.5499	905.7698
642.5500	905.8047
642.8956	905.8941
642.9000	906.0323
643.0000	906.2135
643.2400	906.4316
643.2413	906.6806
643.2524	906.9542
643.2524	907.2462
643.5869	907.5505
643.5900	907.8609
643.9300	908.1710
643.9325	908.4748
644.0000	908.7663
644.1478	909.0395
644.1478	909.2887
644.2780	909.5082
644.2800	909.6928
644.6200	909.8372
644.6235	909.9365
644.9690	909.9860
644.9700	909.9814
645.0000	909.9187
645.0433	909.7942
645.0433	909.6044
645.3100	909.3463
645.3144	909.0173
645.6597	908.6151
645.6600	908.1378
645.9388	907.5838
645.9388	906.9520
646.0000	906.2416
646.0050	905.4522
646.3500	904.5838
646.3502	903.6366
646.6954	902.6115
646.7000	901.5093
646.8342	900.3314
646.8342	899.0794
647.0000	897.7553
647.0400	896.3613
647.0406	894.8998
647.3857	893.3734
647.3900	891.7851
647.7297	890.1377
647.7297	888.4346
647.7300	886.6791
647.7308	884.8744
648.0000	883.0241
648.0758	881.1315
648.0800	879.2003
648.4200	877.2339
648.4207	875.2357
648.6251	873.2089
648.6251	871.1570
648.7656	869.0829
648.7700	866.9898
649.0000	864.8803
649.1100	862.7573
649.1105	860.6231
649.4553	858.4800
649.4600	856.3302
649.5206	854.1756
649.5206	852.0177
649.8000	849.8581
649.8001	847.6979
650.0000	845.5383
650.1400	843.3800
650.1448	841.2236
650.4161	839.0695
650.4161	836.9179
650.4895	834.7690
650.4900	832.6224
650.8300	830.4780
650.8341	828.3352
651.0000	826.1934
651.1787	824.0519
651.1800	821.9099
651.3115	819.7664
651.3115	817.6204
651.5200	815.4707
651.5232	813.3161
651.8677	811.1555
651.8700	808.9876
652.0000	806.8112
652.2070	804.6249
652.2070	802.4275
652.2100	800.2179
652.2121	797.9949
652.5565	795.7574
652.5600	793.5044
652.9000	791.2350
652.9009	788.9484
653.0000	786.6440
653.1024	784.3213
653.1024	781.9800
653.2451	779.6198
653.2500	777.2407
653.5894	774.8432
653.5900	772.4274
653.9300	769.9943
653.9336	767.5446
653.9979	765.0795
653.9979	762.6006
654.0000	760.1094
654.2777	757.6079
654.2800	755.0983
654.6200	752.5832
654.6218	750.0651
654.8933	747.5472
654.8933	745.0325
654.9659	742.5244
654.9700	740.0266
655.0000	737.5427
655.3099	735.0766
655.3100	732.6323
655.6500	730.2138
655.6538	727.8251
655.7888	725.4704
655.7888	723.1536
655.9977	720.8788
656.0000	718.6498
656.3400	716.4703
656.3416	714.3438
656.6843	712.2738
656.6843	710.2632
656.6854	708.3151
656.6900	706.4319
657.0000	704.6159
657.0291	702.8690
657.0300	701.1929
657.3700	699.5887
657.3728	698.0575
657.5797	696.5996
657.5797	695.2153
657.7165	693.9043
657.7200	692.6661
658.0000	691.4997
658.0600	690.4039
658.0601	689.3769
658.4000	688.4169
658.4037	687.5216
658.4752	686.6885
658.4752	685.9146
658.7472	685.1968
658.7500	684.5319
659.0000	683.9161
659.0900	683.3457
659.0907	682.8167
659.3706	682.3250
659.3706	681.8662
659.4300	681.4359
659.4341	681.0295
659.7775	680.6426
659.7800	680.2704
660.0000	679.9082
660.1200	679.5515
660.1208	679.1955
660.2661	678.8357
660.2661	678.4674
660.4600	678.0862
660.4641	677.6877
660.8073	677.2677
660.8100	676.8220
661.0000	676.3465
661.1500	675.8375
661.1505	675.2912
661.1616	674.7039
661.1616	674.0725
661.4900	673.3936
661.4936	672.6643
661.8367	671.8818
661.8400	671.0434
662.0000	670.1467
662.0570	669.1897
662.0570	668.1703
662.1797	667.0868
662.1800	665.9377
662.5200	664.7219
662.5227	663.4383
662.8656	662.0862
662.8700	660.6652
662.9525	659.1751
662.9525	657.6159
663.0000	655.9881
663.2085	654.2922
663.2100	652.5291
663.5500	650.7001
663.5514	648.8065
663.8479	646.8502
663.8479	644.8331
663.8900	642.7575
663.8942	640.6259
664.0000	638.4411
664.2369	636.2061
664.2400	633.9240
664.5796	631.5984
664.5800	629.2329
664.7434	626.8312
664.7434	624.3972
664.9200	621.9352
664.9223	619.4493
665.0000	616.9439
665.2600	614.4234
665.2649	611.8922
665.6074	609.3550
665.6100	606.8164
665.6389	604.2810
665.6389	601.7534
665.9499	599.2383
665.9500	596.7402
666.0000	594.2639
666.2900	591.8139
666.2924	589.3946
666.5343	587.0104
666.5343	584.6656
666.6300	582.3646
666.6348	580.1112
666.9771	577.9096
666.9800	575.7633
667.0000	573.6761
667.3194	571.6513
667.3200	569.6921
667.4298	567.8015
667.4298	565.9821
667.6600	564.2365
667.6617	562.5669
668.0000	560.9751
668.0039	559.4628
668.3252	558.0313
668.3252	556.6817
668.3461	555.4148
668.3500	554.2310
668.6882	553.1304
668.6900	552.1128
669.0000	551.1778
669.0300	550.3246
669.0302	549.5520
669.2207	548.8588
669.2207	548.2431
669.3700	547.7029
669.3723	547.2360
669.7100	546.8398
669.7142	546.5113
670.0000	546.2474
670.0562	546.0447
670.0600	545.8994
670.1162	545.8076
670.1162	545.7651
670.3980	545.7674
670.4000	545.8098
670.7399	545.8874
670.7400	545.9953
671.0000	546.1281
671.0116	546.2805
671.0116	546.4469
671.0800	546.6219
671.0816	546.7996
671.4200	546.9744
671.4234	547.1405
671.7650	547.2922
671.7700	547.4238
671.9071	547.5295
671.9071	547.6040
672.0000	547.6417
672.1067	547.6375
672.1100	547.5861
672.4482	547.4828
672.4500	547.3229
672.7898	547.1020
672.7900	546.8161
672.8025	546.4614
672.8025	546.0344
673.0000	545.5321
673.1300	544.9518
673.1313	544.2912
673.4700	543.5485
673.4727	542.7222
673.6980	541.8113
673.6980	540.8153
673.8100	539.7343
673.8141	538.5686
674.0000	537.3192
674.1554	535.9875
674.1600	534.5755
674.4967	533.0856
674.5000	531.5205
674.5935	529.8836
674.5935	528.1785
674.8380	526.4095
674.8400	524.5810
675.0000	522.6977
675.1791	520.7648
675.1800	518.7875
675.4889	516.7714
675.4889	514.7220
675.5200	512.6453
675.5203	510.5470
675.8600	508.4330
675.8614	506.3091
676.0000	504.1809
676.2000	502.0542
676.2024	499.9344
676.3844	497.8266
676.3844	495.7360
676.5400	493.6673
676.5434	491.6249
676.8800	489.6128
676.8844	487.6349
677.0000	485.6945
677.2253	483.7945
677.2300	481.9374
677.2798	480.1252
677.2798	478.3594
677.5661	476.6412
677.5700	474.9710
677.9069	473.3489
677.9100	471.7744
678.0000	470.2465
678.1753	468.7636
678.1753	467.3236
678.2477	465.9239
678.2500	464.5615
678.5884	463.2328
678.5900	461.9337
678.9291	460.6596
678.9300	459.4056
679.0000	458.1665
679.0707	456.9364
679.0707	455.7093
679.2697	454.4788
679.2700	453.2384
679.6100	451.9812
679.6102	450.7001
679.9500	449.3880
679.9507	448.0376
679.9662	446.6417
679.9662	445.1928
680.0000	443.6837
680.2900	442.1072
680.2912	440.4564
680.6300	438.7242
680.6316	436.9042
680.8617	434.9899
680.8617	432.9754
680.9700	430.8549
680.9720	428.6233
681.0000	426.2757
681.3100	423.8078
681.3123	421.2158
681.6500	418.4965
681.6526	415.6473
681.7571	412.6661
681.7571	409.5516
681.9900	406.3032
681.9928	402.9207
682.0000	399.4050
682.3300	395.7574
682.3329	391.9802
682.6526	388.0764
682.6526	384.0496
682.6700	379.9042
682.6731	375.6456
683.0000	371.2796
683.0100	366.8130
683.0131	362.2532
683.3500	357.6083
683.3532	352.8871
683.5480	348.0991
683.5480	343.2545
683.6900	338.3640
683.6931	333.4387
684.0000	328.4905
684.0300	323.5316
684.0331	318.5747
684.3700	313.6327
684.3729	308.7190
684.4435	303.8472
684.4435	299.0309
684.7100	294.2840
684.7128	289.6204
685.0000	285.0540
685.0500	280.5986
685.0525	276.2678
685.3390	272.0748
685.3390	268.0329
685.3900	264.1546
685.3923	260.4520
685.7300	256.9370
685.7319	253.6203
686.0000	250.5125
686.0700	247.6230
686.0716	244.9607
686.2344	242.5333
686.2344	240.3478
686.4100	238.4101
686.4112	236.7249
686.7500	235.2959
686.7507	234.1257
687.0000	233.2156
687.0900	232.5654
687.0902	232.1740
687.1299	232.0386
687.1299	232.1553
687.4296	232.5187
687.4300	233.1221
687.7690	233.9571
687.7700	235.0144
688.0000	236.2828
688.0253	237.7500
688.0253	239.4024
688.1083	241.2250
688.1100	243.2015
688.4476	245.3146
688.4500	247.5458
688.7869	249.8756
688.7900	252.2834
688.9208	254.7482
688.9208	257.2480
689.0000	259.7602
689.1261	262.2621
689.1300	264.7305
689.4652	267.1422
689.4700	269.4740
689.8000	271.7029
689.8043	273.8064
689.8163	275.7625
689.8163	277.5498
690.0000	279.1479
690.1400	280.5375
690.1433	281.7003
690.4800	282.6194
690.4823	283.2792
690.7117	283.6660
690.7117	283.7674
690.8200	283.5729
690.8213	283.0738
691.0000	282.2634
691.1600	281.1368
691.1602	279.6912
691.4990	277.9257
691.5000	275.8415
691.6072	273.4418
691.6072	270.7317
691.8378	267.7183
691.8400	264.4105
692.0000	260.8192
692.1766	256.9567
692.1800	252.8373
692.5026	248.4765
692.5026	243.8913
692.5153	239.1001
692.5200	234.1222
692.8500	228.9781
692.8539	223.6889
693.0000	218.2766
693.1900	212.7635
693.1925	207.1726
693.3981	201.5267
693.3981	195.8490
693.5300	190.1625
693.5311	184.4899
693.8696	178.8537
693.8700	173.2757
694.0000	167.7772
694.2081	162.3787
694.2100	157.0999
694.2936	151.9595
694.2936	146.9752
694.5465	142.1635
694.5500	137.5398
694.8800	133.1180
694.8848	128.9109
695.0000	124.9298
695.1890	121.1845
695.1890	117.6836
695.2200	114.4340
695.2231	111.4409
695.5600	108.7084
695.5614	106.2388
695.8996	104.0328
695.9000	102.0897
696.0000	100.4073
696.0845	98.9819
696.0845	97.8082
696.2378	96.8796
696.2400	96.1882
696.5759	95.7245
696.5800	95.4780
696.9100	95.4369
696.9139	95.5882
696.9799	95.9180
696.9799	96.4114
697.0000	97.0526
697.2500	97.8251
697.2520	98.7116
697.5899	99.6945
697.5900	100.7557
697.8754	101.8768
697.8754	103.0391
697.9278	104.2241
697.9300	105.4133
698.0000	106.5883
698.2657	107.7311
698.2700	108.8242
698.6000	109.8508
698.6035	110.7944
698.7709	111.6398
698.7709	112.3724
698.9400	112.9786
698.9413	113.4462
699.0000	113.7638
699.2790	113.9214
699.2800	113.9103
699.6167	113.7232
699.6200	113.3541
699.6663	112.7984
699.6663	112.0529
699.9500	111.1158
699.9543	109.9867
700.0000	108.6664
700.2900	107.1572
700.2919	105.4625
700.5618	103.5870
700.5618	101.5364
700.6294	99.3174
700.6300	96.9380
700.9669	94.4066
700.9700	91.7327
701.0000	88.9263
701.3000	85.9983
701.3043	82.9597
701.4572	79.8223
701.4572	76.5979
701.6400	73.2989
701.6417	69.9374
701.9790	66.5261
701.9800	63.0772
702.0000	59.6032
702.3163	56.1162
702.3200	52.6282
702.3527	49.1508
702.3527	45.6954
702.6500	42.2729
702.6535	38.8938
702.9900	35.5681
702.9907	32.3053
703.0000	29.1143
703.2482	26.0034
703.2482	22.9804
703.3278	20.0523
703.3300	17.2256
703.6600	14.5060
703.6649	11.8987
704.0000	9.4081
704.0019	7.0380
704.1436	4.7917
704.1436	2.6716
704.3389	0.6795
704.3400	0.0000
704.6758	0.0000
704.6800	0.0000
705.0000	0.0000
705.0100	0.0000
705.0127	0.0000
705.0391	0.0000
705.0391	0.0000
705.3495	0.0000
705.3500	0.0000
705.6863	0.0000
705.6900	0.0000
705.9345	0.0000
705.9345	0.0000
706.0000	0.0000
706.0200	0.0000
706.0231	0.0000
706.3597	0.0000
706.3600	0.0000
706.6964	0.0000
706.7000	0.0000
706.8300	0.0000
706.8300	0.0000
707.0000	0.0000
707.0300	0.0000
707.0330	0.0000
707.3695	0.0000
707.3700	0.0000
707.7060	0.0000
707.7100	0.0000
707.7254	0.0000
707.7254	0.0000
708.0000	0.0000
708.0400	0.0000
708.0424	0.0000
708.3788	0.0000
708.3800	0.0000
708.6209	0.0000
708.6209	0.0000
708.7151	0.0000
708.7200	0.0000
709.0000	0.0000
709.0500	0.0000
709.0514	0.0000
709.3877	0.0000
709.3900	0.3000
709.5164	0.7432
709.5164	1.1582
709.7200	1.5444
709.7239	1.9013
710.0000	2.2287
710.0600	2.5266
710.0600	2.7948
710.3961	3.0337
710.4000	3.2437
710.4118	3.4251
710.4118	3.5787
710.7300	3.7051
710.7321	3.8052
711.0000	3.8798
711.0681	3.9301
711.0700	3.9570
711.3073	3.9616
711.3073	3.9453
711.4000	3.9092
711.4041	3.8546
711.7400	3.7827
711.7400	3.6949
712.0000	3.5926
712.0758	3.4770
712.0800	3.3495
712.2027	3.2114
712.2027	3.0640
712.4100	2.9085
712.4116	2.7463
712.7473	2.5785
712.7500	2.4063
713.0000	2.2308
713.0800	2.0533
713.0830	1.8746
713.0982	1.6957
713.0982	1.5177
713.4187	1.3414
713.4200	1.1676
713.7500	0.9971
713.7543	0.8307
713.9937	0.6688
713.9937	0.5123
714.0000	0.3614
714.0898	0.2169
714.0900	0.0790
714.4253	0.0000
714.4300	0.0000
714.7600	0.0000
714.7608	0.0000
714.8891	0.0000
714.8891	0.0000
715.0000	0.0000
715.0962	0.0000
715.1000	0.0000
715.4300	0.0000
715.4315	0.0000
715.7668	0.0000
715.7700	0.0000
715.7846	0.0000
715.7846	0.0000
716.0000	0.0000
716.1000	0.0000
716.1021	0.0000
716.4373	0.0000
716.4400	0.0000
716.6800	0.0000
716.6800	0.0000
716.7700	0.0000
716.7724	0.0000
717.0000	0.0000
717.1075	0.0000
717.1100	0.0000
717.4400	0.0000
717.4426	0.0000
717.5755	0.0000
717.5755	0.0000
717.7776	0.0000
717.7800	0.0000
718.0000	0.0000
718.1100	0.0000
718.1125	0.0000
718.4474	0.0000
718.4500	0.0000
718.4710	0.0000
718.4710	0.0000
718.7800	0.0000
718.7823	0.0000
719.0000	0.0000
719.1171	0.0000
719.1200	0.0000
719.3664	0.0000
719.3664	0.0000
719.4500	0.0260
719.4518	0.0590
719.7865	0.0899
719.7900	0.1187
720.0000	0.1452
720.1200	0.1696
720.1212	0.1918
720.2619	0.2118
720.2619	0.2296
720.4558	0.2453
720.4600	0.2588
720.7900	0.2703
720.7903	0.2797
721.0000	0.2872
721.1200	0.2928
721.1248	0.2965
721.1573	0.2986
721.1573	0.2989
721.4593	0.2977
721.4600	0.2950
721.7900	0.2910
721.7937	0.2856
722.0000	0.2791
722.0528	0.2715
722.0528	0.2629
722.1280	0.2533
722.1300	0.2430
722.4600	0.2320
722.4623	0.2204
722.7966	0.2083
722.8000	0.1958
722.9483	0.1829
722.9483	0.1698
723.0000	0.1565
723.1300	0.1431
723.1308	0.1297
723.4600	0.1164
723.4650	0.1031
723.7991	0.0901
723.8000	0.0773
723.8437	0.0648
723.8437	0.0527
724.0000	0.0409
724.1300	0.0296
724.1331	0.0187
724.4671	0.0083
724.4700	0.0000
724.7392	0.0000
724.7392	0.0000
724.8000	0.0000
724.8011	0.0000
725.0000	0.0000
725.1300	0.0000
725.1350	0.0000
725.4688	0.0000
725.4700	0.0000
725.6346	0.0000
725.6346	0.0000
725.8000	0.0000
725.8026	0.0000
726.0000	0.0000
726.1364	0.0000
726.1400	0.0000
726.4700	0.0000
726.4701	0.0000
726.5301	0.0000
726.5301	0.0000
726.8000	0.0000
726.8038	0.0000
727.0000	0.0000
727.1374	0.0000
727.1400	0.0000
727.4256	0.0000
727.4256	0.0000
727.4700	0.0000
727.4709	0.0000
727.8000	0.0000
727.8044	0.0000
728.0000	0.0000
728.1379	0.0000
728.1400	0.0000
728.3210	0.0000
728.3210	0.0000
728.4700	0.0000
728.4713	0.0000
728.8000	0.0000
728.8047	0.0000
729.0000	0.0000
729.1380	0.0000
729.1400	0.0000
729.2165	0.0000
729.2165	0.0000
729.4700	0.0000
729.4712	0.0015
729.8000	0.0040
729.8044	0.0063
730.0000	0.0085
730.1119	0.0105
730.1119	0.0123
730.1376	0.0140
730.1400	0.0155
730.4700	0.0168
730.4707	0.0180
730.8000	0.0191
730.8037	0.0199
731.0000	0.0207
731.0074	0.0212
731.0074	0.0217
731.1368	0.0220
731.1400	0.0221
731.4697	0.0222
731.4700	0.0221
731.8000	0.0219
731.8026	0.0217
731.9029	0.0213
731.9029	0.0208
732.0000	0.0203
732.1355	0.0196
732.1400	0.0189
732.4683	0.0182
732.4700	0.0174
732.7983	0.0165
732.7983	0.0156
732.8000	0.0147
732.8010	0.0137
733.0000	0.0128
733.1300	0.0118
733.1337	0.0108
733.4664	0.0098
733.4700	0.0088
733.6938	0.0078
733.6938	0.0068
733.7990	0.0059
733.8000	0.0050
734.0000	0.0041
734.1300	0.0032
734.1316	0.0023
734.4600	0.0015
734.4641	0.0007
734.5892	0.0000
734.5892	0.0000
734.7965	0.0000
734.8000	0.0000
735.0000	0.0000
735.1289	0.0000
735.1300	0.0000
735.4600	0.0000
735.4613	0.0000
735.4847	0.0000
735.4847	0.0000
735.7900	0.0000
735.7936	0.0000
736.0000	0.0000
736.1259	0.0000
736.1300	0.0000
736.3801	0.0000
736.3801	0.0000
736.4581	0.0000
736.4600	0.0000
736.7900	0.0000
736.7902	0.0000
737.0000	0.0000
737.1200	0.0000
737.1223	0.0000
737.2756	0.0000
737.2756	0.0000
737.4500	0.0000
737.4544	0.0000
737.7864	0.0000
737.7900	0.0000
738.0000	0.0000
738.1183	0.0000
738.1200	0.0000
738.1711	0.0000
738.1711	0.0000
738.4500	0.0000
738.4503	0.0000
738.7800	0.0000
738.7821	0.0000
739.0000	0.0000
739.0665	0.0000
739.0665	0.0000
739.1100	0.0000
739.1139	0.0000
739.4457	0.0000
739.4500	0.0000
739.7774	0.0001
739.7800	0.0003
739.9620	0.0004
739.9620	0.0006
740.0000	0.0008
740.1090	0.0009
740.1100	0.0010
740.4400	0.0011
740.4406	0.0012
740.7700	0.0013
740.7722	0.0014
740.8574	0.0015
740.8574	0.0015
741.0000	0.0016
741.1000	0.0016
741.1037	0.0016
741.4351	0.0016
741.4400	0.0016
741.7529	0.0016
741.7529	0.0016
741.7666	0.0016
741.7700	0.0016
742.0000	0.0016
742.0979	0.0015
742.1000	0.0015
742.4292	0.0014
742.4300	0.0014
742.6484	0.0013
742.6484	0.0012
742.7600	0.0012
742.7605	0.0011
743.0000	0.0010
743.0900	0.0010
743.0917	0.0009
743.4200	0.0008
743.4228	0.0007
743.5438	0.0007
743.5438	0.0006
743.7500	0.0005
743.7539	0.0004
744.0000	0.0004
744.0800	0.0003
744.0850	0.0002
744.4160	0.0002
744.4200	0.0001
744.4393	0.0001
744.4393	0.0000
744.7469	0.0000
744.7500	0.0000
745.0000	0.0000
745.0778	0.0000
745.0800	0.0000
745.3347	0.0000
745.3347	0.0000
745.4087	0.0000
745.4100	0.0000
745.7395	0.0000
745.7400	0.0000
746.0000	0.0000
746.0700	0.0000
746.0702	0.0000
746.2302	0.0000
746.2302	0.0000
746.4000	0.0000
746.4009	0.0000
746.7300	0.0000
746.7316	0.0000
747.0000	0.0000
747.0600	0.0000
747.0622	0.0000
747.1257	0.0000
747.1257	0.0000
747.3900	0.0000
747.3927	0.0000
747.7200	0.0000
747.7232	0.0000
748.0000	0.0000
748.0211	0.0000
748.0211	0.0000
748.0500	0.0000
748.0537	0.0000
748.3800	0.0000
748.3841	0.0000
748.7100	0.0000
748.7144	0.0000
748.9166	0.0000
748.9166	0.0000
749.0000	0.0000
749.0400	0.0000
749.0447	0.0000
749.3700	0.0000
749.3750	0.0000
749.7051	0.0000
749.7100	0.0000
749.8120	0.0000
749.8120	0.0000
750.0000	0.0000
750.0353	0.0001
750.0400	0.0001
750.3654	0.0001
750.3700	0.0001
750.6954	0.0001
750.7000	0.0001
750.7075	0.0001
750.7075	0.0001
751.0000	0.0001
751.0254	0.0001
751.0300	0.0001
751.3554	0.0001
751.3600	0.0001
751.6030	0.0001
751.6030	0.0001
751.6853	0.0001
751.6900	0.0001
752.0000	0.0001
752.0151	0.0001
752.0200	0.0001
752.3400	0.0001
752.3449	0.0001
752.4984	0.0001
752.4984	0.0001
752.6700	0.0001
752.6746	0.0001
753.0000	0.0001
753.0043	0.0001
753.3300	0.0001
753.3340	0.0001
753.3939	0.0001
753.3939	0.0001
753.6600	0.0001
753.6636	0.0000
753.9900	0.0000
753.9931	0.0000
754.0000	0.0000
754.2893	0.0000
754.2893	0.0000
754.3200	0.0000
754.3226	0.0000
754.6500	0.0000
754.6520	0.0000
754.9800	0.0000
754.9814	0.0000
755.0000	0.0000
755.1848	0.0000
755.1848	0.0000
755.3100	0.0000
755.3107	0.0000
755.6400	0.0000
755.6400	0.0000
755.9693	0.0000
755.9700	0.0000
756.0000	0.0000
756.0803	0.0000
756.0803	0.0000
756.2985	0.0000
756.3000	0.0000
756.6276	0.0000
756.6300	0.0000
756.9567	0.0000
756.9600	0.0000
756.9757	0.0000
756.9757	0.0000
757.0000	0.0000
757.2857	0.0000
757.2900	0.0000
757.6100	0.0000
757.6147	0.0000
757.8712	0.0000
757.8712	0.0000
757.9400	0.0000
757.9436	0.0000
758.0000	0.0000
758.2700	0.0000
758.2725	0.0000
758.6000	0.0000
758.6013	0.0000
758.7666	0.0000
758.7666	0.0000
758.9300	0.0000
758.9301	0.0000
759.0000	0.0000
759.2588	0.0000
759.2600	0.0000
759.5875	0.0000
759.5900	0.0000
759.6621	0.0000
759.6621	0.0000
759.9161	0.0000
759.9200	0.0000
760.0000	0.0000
760.2400	0.0000
760.2447	0.0000
760.5575	0.0000
760.5576	0.0000
760.5700	0.0000
760.5733	0.0000
760.9000	0.0000
760.9017	0.0000
761.0000	0.0000
761.2300	0.0000
761.2302	0.0000
761.4530	0.0000
761.4530	0.0000
761.5585	0.0000
761.5600	0.0000
761.8869	0.0000
761.8900	0.0000
762.0000	0.0000
762.2151	0.0000
762.2200	0.0000
762.3485	0.0000
762.3485	0.0000
762.5400	0.0000
762.5433	0.0000
762.8700	0.0000
762.8715	0.0000
763.0000	0.0000
763.1996	0.0000
763.2000	0.0000
763.2439	0.0000
763.2439	0.0000
763.5277	0.0000
763.5300	0.0000
763.8557	0.0000
763.8600	0.0000
764.0000	0.0000
764.1394	0.0000
764.1394	0.0000
764.1800	0.0000
764.1837	0.0000
764.5100	0.0000
764.5116	0.0000
764.8395	0.0000
764.8400	0.0000
765.0000	0.0000
765.0348	0.0000
765.0348	0.0000
765.1673	0.0000
765.1700	0.0000
765.4951	0.0000
765.5000	0.0000
765.8200	0.0000
765.8228	0.0000
765.9303	0.0000
765.9303	0.0000
766.0000	0.0000
766.1500	0.0000
766.1504	0.0000
766.4780	0.0000
766.4800	0.0000
766.8056	0.0000
766.8100	0.0000
766.8258	0.0000
766.8258	0.0000
767.0000	0.0000
767.1300	0.0000
767.1331	0.0000
767.4600	0.0000
767.4606	0.0000
767.7212	0.0000
767.7212	0.0000
767.7880	0.0000
767.7900	0.0000
768.0000	0.0000
768.1153	0.0000
768.1200	0.0000
768.4400	0.0000
768.4427	0.0000
768.6167	0.0000
768.6167	0.0000
768.7699	0.0000
768.7700	0.0000
769.0000	0.0000
769.0971	0.0000
769.1000	0.0000
769.4200	0.0000
769.4243	0.0000
769.5121	0.0000
769.5121	0.0000
769.7500	0.0000
769.7514	0.0000
770.0000	0.0000
770.0784	0.0000
770.0800	0.0000
770.4054	0.0000
770.4076	0.0000
770.4076	0.0000
770.4100	0.0000
770.7300	0.0000
770.7324	0.0000
771.0000	0.0000
771.0593	0.0000
771.0600	0.0000
771.3031	0.0000
771.3031	0.0000
771.3861	0.0000
771.3900	0.0000
771.7100	0.0000
771.7129	0.0000
772.0000	0.0000
772.0397	0.0000
772.0400	0.0000
772.1985	0.0000
772.1985	0.0000
772.3664	0.0000
772.3700	0.0000
772.6900	0.0000
772.6930	0.0000
773.0000	0.0000
773.0196	0.0000
773.0200	0.0000
773.0940	0.0000
773.0940	0.0000
773.3461	0.0000
773.3500	0.0000
773.6700	0.0000
773.6726	0.0000
773.9894	0.0000
773.9894	0.0000
773.9991	0.0000
774.0000	0.0000
774.3255	0.0000
774.3300	0.0000
774.6500	0.0000
774.6518	0.0000
774.8849	0.0000
774.8849	0.0000
774.9781	0.0000
774.9800	0.0000
775.0000	0.0000
775.3000	0.0000
775.3043	0.0000
775.6300	0.0000
775.6305	0.0000
775.7804	0.0000
775.7804	0.0000
775.9567	0.0000
775.9600	0.0000
776.0000	0.0000
776.2800	0.0000
776.2827	0.0000
776.6088	0.0000
776.6100	0.0000
776.6758	0.0000
776.6758	0.0000
776.9300	0.0000
776.9347	0.0000
777.0000	0.0000
777.2600	0.0000
777.2607	0.0000
777.5713	0.0000
777.5713	0.0000
777.5866	0.0000
777.5900	0.0000
777.9100	0.0000
777.9124	0.0000
778.0000	0.0000
778.2382	0.0000
778.2400	0.0000
778.4667	0.0000
778.4667	0.0000
778.5600	0.0000
778.5639	0.0000
778.8896	0.0000
778.8900	0.0000
779.0000	0.0000
779.2152	0.0000
779.2200	0.0000
779.3622	0.0000
779.3622	0.0000
779.5400	0.0000
779.5408	0.0000
779.8663	0.0000
779.8700	0.0000
780.0000	0.0000
780.1900	0.0000
780.1917	0.0000
780.2577	0.0000
780.2577	0.0000
780.5172	0.0000
780.5200	0.0000
780.8400	0.0000
780.8425	0.0000
781.0000	0.0000
781.1531	0.0000
781.1531	0.0000
781.1678	0.0000
781.1700	0.0000
781.4900	0.0000
781.4931	0.0000
781.8183	0.0000
781.8200	0.0000
782.0000	0.0000
782.0486	0.0000
782.0486	0.0000
782.1400	0.0000
782.1435	0.0000
782.4686	0.0000
782.4700	0.0000
782.7900	0.0000
782.7937	0.0000
782.9440	0.0000
782.9440	0.0000
783.0000	0.0000
783.1187	0.0000
783.1200	0.0000
783.4400	0.0000
783.4436	0.0000
783.7685	0.0000
783.7700	0.0000
783.8395	0.0000
783.8395	0.0000
784.0000	0.0000
784.0900	0.0000
784.0934	0.0000
784.4182	0.0000
784.4200	0.0000
784.7350	0.0000
784.7350	0.0000
784.7400	0.0000
784.7429	0.0000
785.0000	0.0000
785.0676	0.0000
785.0700	0.0000
785.3900	0.0000
785.3923	0.0000
785.6304	0.0000
785.6304	0.0000
785.7169	0.0000
785.7200	0.0000
786.0000	0.0000
786.0400	0.0000
786.0414	0.0000
786.3659	0.0000
786.3700	0.0000
786.5259	0.0000
786.5259	0.0000
786.6900	0.0000
786.6904	0.0000
787.0000	0.0000
787.0100	0.0000
787.0148	0.0000
787.3391	0.0000
787.3400	0.0000
787.4213	0.0000
787.4213	0.0000
787.6600	0.0000
787.6634	0.0000
787.9876	0.0000
787.9900	0.0000
788.0000	0.0000
788.3100	0.0000
788.3118	0.0000
788.3168	0.0000
788.3168	0.0000
788.6359	0.0000
788.6400	0.0000
788.9600	0.0000
788.9600	0.0000
789.0000	0.0000
789.2122	0.0000
789.2122	0.0000
789.2800	0.0000
789.2841	0.0000
789.6080	0.0000
789.6100	0.0000
789.9300	0.0000
789.9320	0.0000
790.0000	0.0000
790.1077	0.0000
790.1077	0.0000
790.2558	0.0000
790.2600	0.0000
790.5797	0.0000
790.5800	0.0000
790.9000	0.0000
790.9035	0.0000
791.0000	0.0000
791.0032	0.0000
791.0032	0.0000
791.2272	0.0000
791.2300	0.0000
791.5500	0.0000
791.5508	0.0000
791.8700	0.0000
791.8745	0.0000
791.8986	0.0000
791.8986	0.0000
792.0000	0.0000
792.1980	0.0000
792.2000	0.0000
792.5200	0.0000
792.5216	0.0000
792.7941	0.0000
792.7941	0.0000
792.8450	0.0000
792.8500	0.0000
793.0000	0.0000
793.1684	0.0000
793.1700	0.0000
793.4900	0.0000
793.4918	0.0000
793.6895	0.0000
793.6895	0.0000
793.8151	0.0000
793.8200	0.0000
794.0000	0.0000
794.1384	0.0000
794.1400	0.0000
794.4600	0.0000
794.4616	0.0000
794.5850	0.0000
794.5850	0.0000
794.7800	0.0000
794.7847	0.0000
795.0000	0.0000
795.1078	0.0000
795.1100	0.0000
795.4300	0.0000
795.4309	0.0000
795.4805	0.0000
795.4805	0.0000
795.7500	0.0000
795.7539	0.0000
796.0000	0.0000
796.0768	0.0000
796.0800	0.0000
796.3759	0.0000
796.3759	0.0000
796.3997	0.0000
796.4000	0.0000
796.7200	0.0000
796.7226	0.0000
797.0000	0.0000
797.0454	0.0000
797.0500	0.0000
797.2714	0.0000
797.2714	0.0000
797.3681	0.0000
797.3700	0.0000
797.6900	0.0000
797.6908	0.0000
798.0000	0.0000
798.0100	0.0000
798.0135	0.0000
798.1668	0.0000
798.1668	0.0000
798.3361	0.0000
798.3400	0.0000
798.6586	0.0000
798.6600	0.0000
798.9800	0.0000
798.9811	0.0000
799.0000	0.0000
799.0623	0.0000
799.0623	0.0000
799.3000	0.0000
799.3035	0.0000
799.6259	0.0000
799.6300	0.0000
799.9482	0.0000
799.9500	0.0000
799.9578	0.0000
799.9578	0.0000
800.0000	0.0000
