380.1984	0.0000
380.2000	0.0000
380.5766	0.0000
380.5800	0.0000
380.8828	0.0000
380.8828	0.0000
380.9500	0.0000
380.9548	0.0000
381.0000	0.0000
381.3300	0.0000
381.3330	0.0000
381.7100	0.0000
381.7111	0.0000
381.7782	0.0000
381.7782	0.0000
382.0000	0.0000
382.0891	0.0000
382.0900	0.0000
382.4672	0.0000
382.4700	0.0000
382.6737	0.0000
382.6737	0.0000
382.8452	0.0000
382.8500	0.0000
383.0000	0.0000
383.2200	0.0000
383.2231	0.0000
383.5692	0.0000
383.5692	0.0008
383.6000	0.0025
383.6010	0.0043
383.9789	0.0061
383.9800	0.0080
384.0000	0.0100
384.3567	0.0120
384.3600	0.0141
384.4646	0.0163
384.4646	0.0184
384.7300	0.0206
384.7345	0.0228
385.0000	0.0250
385.1100	0.0272
385.1122	0.0294
385.3601	0.0315
385.3601	0.0336
385.4899	0.0356
385.4900	0.0376
385.8676	0.0394
385.8700	0.0412
386.0000	0.0428
386.2452	0.0443
386.2500	0.0456
386.2555	0.0467
386.2555	0.0477
386.6200	0.0484
386.6228	0.0489
387.0000	0.0492
387.0003	0.0492
387.1510	0.0490
387.1510	0.0485
387.3778	0.0476
387.3800	0.0465
387.7552	0.0451
387.7600	0.0433
388.0000	0.0412
388.0465	0.0387
388.0465	0.0359
388.1300	0.0327
388.1326	0.0292
388.5100	0.0253
388.5100	0.0210
388.8873	0.0164
388.8900	0.0114
388.9419	0.0061
388.9419	0.0005
389.0000	0.0000
389.2600	0.0000
389.2646	0.0000
389.6400	0.0000
389.6418	0.0000
389.8374	0.0000
389.8374	0.0000
390.0000	0.0000
390.0190	0.0000
390.0200	0.0000
390.3962	0.0000
390.4000	0.0000
390.7328	0.0000
390.7328	0.0000
390.7700	0.0000
390.7733	0.0000
391.0000	0.0000
391.1500	0.0000
391.1503	0.0000
391.5273	0.0000
391.5300	0.0000
391.6283	0.0000
391.6283	0.0000
391.9000	0.0000
391.9043	0.0000
392.0000	0.0000
392.2800	0.0000
392.2813	0.0000
392.5238	0.0000
392.5238	0.0000
392.6582	0.0000
392.6600	0.0000
393.0000	0.0000
393.0350	0.0000
393.0400	0.0000
393.4100	0.0000
393.4118	0.0000
393.4192	0.0000
393.4192	0.0000
393.7886	0.0000
393.7900	0.0000
394.0000	0.0000
394.1653	0.0000
394.1700	0.0000
394.3147	0.0000
394.3147	0.0000
394.5400	0.0075
394.5420	0.0300
394.9187	0.0536
394.9200	0.0783
395.0000	0.1039
395.2101	0.1305
395.2101	0.1579
395.2953	0.1859
395.3000	0.2146
395.6700	0.2437
395.6718	0.2732
396.0000	0.3029
396.0483	0.3326
396.0500	0.3622
396.1056	0.3916
396.1056	0.4204
396.4200	0.4486
396.4248	0.4760
396.8000	0.5024
396.8012	0.5275
397.0000	0.5511
397.0011	0.5731
397.0011	0.5933
397.1776	0.6113
397.1800	0.6270
397.5500	0.6402
397.5540	0.6507
397.8965	0.6582
397.8965	0.6625
397.9300	0.6634
397.9303	0.6607
398.0000	0.6543
398.3065	0.6439
398.3100	0.6294
398.6800	0.6106
398.6828	0.5874
398.7920	0.5596
398.7920	0.5272
399.0000	0.4900
399.0589	0.4480
399.0600	0.4011
399.4351	0.3494
399.4400	0.2927
399.6874	0.2312
399.6874	0.1648
399.8100	0.0938
399.8112	0.0181
400.0000	0.0000
400.1872	0.0000
400.1900	0.0000
400.5600	0.0000
400.5632	0.0000
400.5829	0.0000
400.5829	0.0000
400.9392	0.0000
400.9400	0.0000
401.0000	0.0000
401.3151	0.0000
401.3200	0.0000
401.4784	0.0000
401.4784	0.0000
401.6900	0.0000
401.6910	0.0000
402.0000	0.0000
402.0668	0.0000
402.0700	0.0000
402.3738	0.0000
402.3738	0.0000
402.4400	0.0000
402.4426	0.0000
402.8184	0.0000
402.8200	0.0000
403.0000	0.0000
403.1900	0.0000
403.1941	0.0000
403.2693	0.0000
403.2693	0.0000
403.5697	0.0000
403.5700	0.0000
403.9454	0.0000
403.9500	0.0000
404.0000	0.0000
404.1647	0.0000
404.1647	0.0000
404.3200	0.0000
404.3210	0.0000
404.6965	0.0000
404.7000	0.0000
405.0000	0.0000
405.0602	0.0000
405.0602	0.0000
405.0700	0.0000
405.0720	0.0000
405.4475	0.0000
405.4500	0.2530
405.8200	0.5614
405.8229	0.8839
405.9556	1.2194
405.9556	1.5668
406.0000	1.9250
406.1982	2.2924
406.2000	2.6676
406.5700	3.0489
406.5736	3.4346
406.8511	3.8228
406.8511	4.2114
406.9488	4.5983
406.9500	4.9812
407.0000	5.3577
407.3200	5.7254
407.3241	6.0818
407.6993	6.4240
407.7000	6.7496
407.7466	7.0556
407.7466	7.3392
408.0000	7.5975
408.0700	7.8276
408.0745	8.0266
408.4496	8.1916
408.4500	8.3197
408.6420	8.4081
408.6420	8.4539
408.8200	8.4545
408.8246	8.4072
409.0000	8.3096
409.1997	8.1592
409.2000	7.9539
409.5375	7.6917
409.5375	7.3708
409.5700	6.9897
409.5747	6.5469
409.9496	6.0416
409.9500	5.4729
410.0000	4.8405
410.3200	4.1444
410.3245	3.3848
410.4329	2.5624
410.4329	1.6785
410.6994	0.7345
410.7000	0.0000
411.0000	0.0000
411.0700	0.0000
411.0742	0.0000
411.3284	0.0000
411.3284	0.0000
411.4490	0.0000
411.4500	0.0000
411.8200	0.0000
411.8237	0.0000
412.0000	0.0000
412.1984	0.0000
412.2000	0.0000
412.2239	0.0000
412.2239	0.0000
412.5700	0.0000
412.5730	0.0000
412.9476	0.0000
412.9500	0.0000
413.0000	0.0000
413.1193	0.0000
413.1193	0.0000
413.3200	0.0000
413.3222	0.0000
413.6967	0.0000
413.7000	0.0000
414.0000	0.0000
414.0148	0.0000
414.0148	0.0000
414.0700	0.0000
414.0712	0.0000
414.4456	0.0000
414.4500	0.0000
414.8200	0.0000
414.8200	0.0000
414.9102	0.0000
414.9102	0.0000
415.0000	0.0000
415.1900	0.0000
415.1944	0.0000
415.5687	0.0000
415.5700	4.2417
415.8057	9.1620
415.8057	14.5093
415.9400	20.2943
415.9429	26.5271
416.0000	33.2172
416.3171	40.3731
416.3200	48.0025
416.6900	56.1122
416.6913	64.7083
416.7012	73.7958
416.7012	83.3790
417.0000	93.4611
417.0655	104.0445
417.0700	115.1306
417.4396	126.7201
417.4400	138.8126
417.5966	151.4069
417.5966	164.5010
417.8100	178.0920
417.8136	192.1765
418.0000	206.7502
418.1876	221.8079
418.1900	237.3443
418.4921	253.3529
418.4921	269.8273
418.5600	286.7600
418.5616	304.1437
418.9355	321.9702
418.9400	340.2313
419.0000	358.9186
419.3094	378.0232
419.3100	397.5363
419.3875	417.4491
419.3875	437.7524
419.6800	458.4373
419.6832	479.4950
420.0000	500.9165
420.0570	522.6934
420.0600	544.8172
420.2830	567.2797
420.2830	590.0731
420.4300	613.1901
420.4307	636.6234
420.8000	660.3667
420.8045	684.4139
421.0000	708.7594
421.1781	733.3984
421.1785	758.3267
421.1785	783.5407
421.1800	809.0374
421.5500	834.8150
421.5517	860.8719
421.9253	887.2077
421.9300	913.8226
422.0000	940.7178
422.0739	967.8952
422.0739	995.3576
422.2989	1023.1087
422.3000	1051.1531
422.6700	1079.4961
422.6723	1108.1441
422.9694	1137.1042
422.9694	1166.3845
423.0000	1195.9938
423.0458	1225.9421
423.0500	1256.2397
423.4192	1286.8983
423.4200	1317.9301
423.7900	1349.3482
423.7926	1381.1665
423.8648	1413.3999
423.8648	1446.0638
424.0000	1479.1745
424.1659	1512.7491
424.1700	1546.8053
424.5392	1581.3616
424.5400	1616.4372
424.7603	1652.0519
424.7603	1688.2262
424.9100	1724.9812
424.9124	1762.3385
425.0000	1800.3201
425.2856	1838.9489
425.2900	1878.2479
425.6558	1918.2407
425.6558	1958.9512
425.6587	2000.4036
425.6600	2042.6226
426.0000	2085.6331
426.0300	2129.4601
426.0318	2174.1289
426.4000	2219.6650
426.4049	2266.0941
426.5512	2313.4418
426.5512	2361.7338
426.7779	2410.9959
426.7800	2461.2539
427.0000	2512.5336
427.1500	2564.8604
427.1509	2618.2600
427.4467	2672.7577
427.4467	2728.3785
427.5200	2785.1476
427.5238	2843.0893
427.8967	2902.2281
427.9000	2962.5880
428.0000	3024.1925
428.2696	3087.0648
428.2700	3151.2275
428.3421	3216.7028
428.3421	3283.5125
428.6400	3351.6776
428.6424	3421.2186
429.0000	3492.1554
429.0151	3564.5071
429.0200	3638.2924
429.2376	3713.5290
429.2376	3790.2339
429.3879	3868.4235
429.3900	3948.1131
429.7600	4029.3175
429.7605	4112.0505
430.0000	4196.3249
430.1300	4282.1528
430.1331	4369.5453
430.1331	4458.5125
430.1332	4549.0638
430.5058	4641.2073
430.5100	4734.9505
430.8783	4830.2997
430.8800	4927.2602
431.0000	5025.8365
431.0285	5126.0322
431.0285	5227.8497
431.2500	5331.2907
431.2508	5436.3559
431.6200	5543.0453
431.6233	5651.3577
431.9240	5761.2914
431.9240	5872.8440
431.9957	5986.0120
432.0000	6100.7916
432.3681	6217.1783
432.3700	6335.1669
432.7400	6454.7517
432.7404	6575.9268
432.8194	6698.6855
432.8194	6823.0212
433.0000	6948.9267
433.1100	7076.3947
433.1127	7205.4177
433.4800	7335.9884
433.4849	7468.0991
433.7149	7601.7423
433.7149	7736.9108
433.8571	7873.5973
433.8600	8011.7949
434.0000	8151.4971
434.2293	8292.6977
434.2300	8435.3909
434.6000	8579.5716
434.6014	8725.2353
434.6103	8872.3780
434.6103	9020.9967
434.9700	9171.0890
434.9735	9322.6537
435.0000	9475.6904
435.3455	9630.1998
435.3500	9786.1837
435.5058	9943.6453
435.5058	10102.5889
435.7175	10263.0202
435.7200	10424.9463
436.0000	10588.3759
436.0895	10753.3190
436.0900	10919.7872
436.4013	11087.7937
436.4013	11257.3532
436.4600	11428.4821
436.4614	11601.1982
436.8300	11775.5209
436.8332	11951.4709
437.0000	12129.0705
437.2050	12308.3434
437.2100	12489.3142
437.2967	12672.0089
437.2967	12856.4546
437.5768	13042.6791
437.5800	13230.7110
437.9485	13420.5793
437.9500	13612.3137
438.0000	13805.9438
438.1922	14001.4991
438.1922	14199.0090
438.3200	14398.5020
438.3202	14600.0061
438.6900	14803.5477
438.6918	15009.1521
439.0000	15216.8424
439.0600	15426.6398
439.0634	15638.5628
439.0876	15852.6268
439.0876	16068.8442
439.4350	16287.2232
439.4400	16507.7683
439.8065	16730.4789
439.8100	16955.3496
439.9831	17182.3696
439.9831	17411.5221
440.0000	17642.7838
440.1780	17876.1250
440.1800	18111.5085
440.5494	18348.8897
440.5500	18588.2161
440.8786	18829.4269
440.8786	19072.4525
440.9200	19317.2146
440.9208	19563.6255
441.0000	19811.5879
441.2900	20060.9951
441.2921	20311.7303
441.6600	20563.6667
441.6634	20816.6672
441.7740	21070.5848
441.7740	21325.2618
442.0000	21580.5308
442.0300	21836.2139
442.0347	22092.1233
442.4059	22348.0612
442.4100	22603.8204
442.6695	22859.1842
442.6695	23113.9267
442.7770	23367.8134
442.7800	23620.6016
443.0000	23872.0405
443.1482	24121.8720
443.1500	24369.8311
443.5192	24615.6465
443.5200	24859.0412
443.5649	25099.7331
443.5649	25337.4357
443.8900	25571.8585
443.8903	25802.7084
444.0000	26029.6897
444.2600	26252.5052
444.2613	26470.8570
444.4604	26684.4471
444.4604	26892.9785
444.6300	27096.1555
444.6322	27293.6853
445.0000	27485.2779
445.0031	27670.6477
445.3559	27849.5138
445.3559	28021.6010
445.3700	28186.6407
445.3740	28344.3715
445.7400	28494.5397
445.7448	28636.9007
446.0000	28771.2191
446.1156	28897.2697
446.1200	29014.8379
446.2513	29123.7207
446.2513	29223.7268
446.4863	29314.6774
446.4900	29396.4069
446.8570	29468.7630
446.8600	29531.6072
447.0000	29584.8156
447.1468	29628.2786
447.1468	29661.9018
447.2277	29685.6059
447.2300	29699.3268
447.5983	29703.0165
447.6000	29696.6421
447.9688	29680.1869
447.9700	29653.6499
448.0000	29617.0458
448.0422	29570.4051
448.0422	29513.7739
448.3393	29447.2138
448.3400	29370.8016
448.7098	29284.6294
448.7100	29188.8037
448.9377	29083.4458
448.9377	28968.6911
449.0000	28844.6888
449.0800	28711.6015
449.0802	28569.6049
449.4500	28418.8874
449.4506	28259.6495
449.8200	28092.1032
449.8210	27916.4722
449.8332	27732.9905
449.8332	27541.9025
450.0000	27343.4624
450.1900	27137.9333
450.1913	26925.5871
450.5600	26706.7036
450.5615	26481.5699
450.7286	26250.4801
450.7286	26013.7343
450.9300	25771.6383
450.9317	25524.5028
451.0000	25272.6425
451.3000	25016.3761
451.3019	24756.0251
451.6241	24491.9131
451.6241	24224.3655
451.6700	23953.7088
451.6720	23680.2694
452.0000	23404.3736
452.0400	23126.3466
452.0421	22846.5120
452.4100	22565.1910
452.4121	22282.7019
452.5195	21999.3593
452.5195	21715.4738
452.7800	21431.3511
452.7821	21147.2917
453.0000	20863.5901
453.1500	20580.5344
453.1521	20298.4056
453.4150	20017.4773
453.4150	19738.0151
453.5200	19460.2762
453.5220	19184.5090
453.8900	18910.9526
453.8918	18639.8365
454.0000	18371.3800
454.2600	18105.7924
454.2617	17843.2724
454.3105	17584.0077
454.3105	17328.1750
454.6300	17075.9399
454.6314	16827.4564
455.0000	16582.8671
455.0012	16342.3029
455.2059	16105.8831
455.2059	15873.7151
455.3700	15645.8948
455.3708	15422.5060
455.7400	15203.6211
455.7405	14989.3010
456.0000	14779.5949
456.1014	14574.5409
456.1014	14374.1659
456.1100	14178.4857
456.1101	13987.5057
456.4797	13801.2207
456.4800	13619.6154
456.8492	13442.6647
456.8500	13270.3340
456.9968	13102.5796
456.9968	12939.3491
457.0000	12780.5816
457.2186	12626.2083
457.2200	12476.1530
457.5881	12330.3323
457.5900	12188.6563
457.8923	12051.0288
457.8923	11917.3480
457.9574	11787.5068
457.9600	11661.3935
458.0000	11538.8920
458.3268	11419.8825
458.3300	11304.2419
458.6961	11191.8441
458.7000	11082.5608
458.7878	10976.2620
458.7878	10872.8158
459.0000	10772.0897
459.0653	10673.9504
459.0700	10578.2647
459.4300	10484.8994
459.4345	10393.7221
459.6832	10304.6014
459.6832	10217.4073
459.8000	10132.0117
459.8037	10048.2882
460.0000	9966.1132
460.1700	9885.3654
460.1728	9805.9268
460.5400	9727.6823
460.5419	9650.5204
460.5787	9574.3331
460.5787	9499.0166
460.9100	9424.4706
460.9109	9350.5995
461.0000	9277.3116
461.2799	9204.5199
461.2800	9132.1419
461.4741	9060.0996
461.4741	8988.3198
461.6489	8916.7341
461.6500	8845.2787
462.0000	8773.8948
462.0178	8702.5281
462.0200	8631.1294
462.3696	8559.6540
462.3696	8488.0619
462.3866	8416.3180
462.3900	8344.3914
462.7554	8272.2558
462.7600	8199.8894
463.0000	8127.2744
463.1200	8054.3972
463.1242	7981.2482
463.2650	7907.8218
463.2650	7834.1157
463.4900	7760.1315
463.4929	7685.8740
463.8600	7611.3511
463.8616	7536.5738
464.0000	7461.5560
464.1605	7386.3142
464.1605	7310.8673
464.2300	7235.2366
464.2303	7159.4456
464.5989	7083.5195
464.6000	7007.4854
464.9674	6931.3720
464.9700	6855.2095
465.0000	6779.0292
465.0560	6702.8635
465.0560	6626.7460
465.3359	6550.7107
465.3400	6474.7927
465.7000	6399.0272
465.7044	6323.4501
465.9514	6248.0975
465.9514	6173.0055
466.0000	6098.2103
466.0700	6023.7480
466.0728	5949.6545
466.4400	5875.9654
466.4412	5802.7159
466.8095	5729.9405
466.8100	5657.6733
466.8469	5585.9475
466.8469	5514.7957
467.0000	5444.2494
467.1778	5374.3393
467.1800	5305.0949
467.5461	5236.5447
467.5500	5168.7158
467.7423	5101.6343
467.7423	5035.3247
467.9100	4969.8103
467.9143	4905.1130
468.0000	4841.2531
468.2800	4778.2495
468.2824	4716.1196
468.6378	4654.8792
468.6378	4594.5426
468.6500	4535.1225
468.6505	4476.6301
469.0000	4419.0752
469.0186	4362.4658
469.0200	4306.8085
469.3866	4252.1086
469.3900	4198.3698
469.5333	4145.5943
469.5333	4093.7832
469.7500	4042.9360
469.7546	3993.0512
470.0000	3944.1258
470.1200	3896.1560
470.1225	3849.1364
470.4287	3803.0608
470.4287	3757.9222
470.4900	3713.7122
470.4904	3670.4219
470.8583	3628.0411
470.8600	3586.5593
471.0000	3545.9648
471.2261	3506.2455
471.2300	3467.3884
471.3242	3429.3800
471.3242	3392.2061
471.5900	3355.8521
471.5939	3320.3026
471.9600	3285.5421
471.9616	3251.5543
472.0000	3218.3228
472.2196	3185.8305
472.2196	3154.0601
472.3292	3122.9942
472.3300	3092.6149
472.6969	3062.9042
472.7000	3033.8439
473.0000	3005.4157
473.0600	2977.6012
473.0645	2950.3819
473.1151	2923.7394
473.1151	2897.6554
473.4300	2872.1116
473.4320	2847.0898
473.7995	2822.5723
473.8000	2798.5412
474.0000	2774.9791
474.0106	2751.8690
474.0106	2729.1942
474.1670	2706.9382
474.1700	2685.0852
474.5300	2663.6196
474.5344	2642.5264
474.9000	2621.7911
474.9017	2601.3997
474.9060	2581.3387
474.9060	2561.5953
475.0000	2542.1572
475.2691	2523.0125
475.2700	2504.1502
475.6363	2485.5598
475.6400	2467.2313
475.8015	2449.1555
475.8015	2431.3238
476.0000	2413.7281
476.0036	2396.3611
476.3700	2379.2159
476.3708	2362.2865
476.6969	2345.5673
476.6969	2329.0532
476.7379	2312.7399
476.7400	2296.6236
477.0000	2280.7007
477.1050	2264.9687
477.1100	2249.4249
477.4700	2234.0677
477.4721	2218.8953
477.5924	2203.9069
477.5924	2189.1016
477.8391	2174.4790
477.8400	2160.0390
478.0000	2145.7818
478.2061	2131.7077
478.2100	2117.8175
478.4879	2104.1118
478.4879	2090.5915
478.5700	2077.2576
478.5730	2064.1113
478.9399	2051.1535
478.9400	2038.3855
479.0000	2025.8084
479.3067	2013.4231
479.3100	2001.2307
479.3833	1989.2321
479.3833	1977.4280
479.6700	1965.8191
479.6735	1954.4059
480.0000	1943.1887
480.0400	1932.1676
480.0402	1921.3427
480.2788	1910.7137
480.2788	1900.2803
480.4069	1890.0419
480.4100	1879.9977
480.7700	1870.1469
480.7736	1860.4883
481.0000	1851.0207
481.1400	1841.7428
481.1402	1832.6532
481.1742	1823.7502
481.1742	1815.0324
481.5068	1806.4981
481.5100	1798.1456
481.8700	1789.9734
481.8733	1781.9797
482.0000	1774.1632
482.0697	1766.5224
482.0697	1759.0559
482.2398	1751.7625
482.2400	1744.6413
482.6062	1737.6914
482.6100	1730.9120
482.9652	1724.3028
482.9652	1717.8635
482.9700	1711.5940
482.9726	1705.4945
483.0000	1699.5654
483.3390	1693.8074
483.3400	1688.2214
483.7053	1682.8085
483.7100	1677.5701
483.8606	1672.5076
483.8606	1667.6229
484.0000	1662.9179
484.0700	1658.3949
484.0716	1654.0562
484.4378	1649.9043
484.4400	1645.9420
484.7561	1642.1720
484.7561	1638.5972
484.8000	1635.2209
484.8040	1632.0460
485.0000	1629.0758
485.1700	1626.3135
485.1701	1623.7626
485.5362	1621.4262
485.5400	1619.3076
485.6515	1617.4102
485.6515	1615.7371
485.9000	1614.2915
485.9022	1613.0765
486.0000	1612.0951
486.2682	1611.3501
486.2700	1610.8442
486.5470	1610.5800
486.5470	1610.5599
486.6300	1610.7862
486.6342	1611.2608
487.0000	1611.9857
487.0001	1612.9624
487.3659	1614.1924
487.3700	1615.6768
487.4424	1617.4167
487.4425	1619.4127
487.7300	1621.6654
487.7318	1624.1750
488.0000	1626.9415
488.0975	1629.9649
488.1000	1633.2446
488.3379	1636.7801
488.3379	1640.5705
488.4600	1644.6148
488.4633	1648.9117
488.8290	1653.4599
488.8300	1658.2577
489.0000	1663.3033
489.1900	1668.5947
489.1946	1674.1300
489.2334	1679.9068
489.2334	1685.9227
489.5600	1692.1752
489.5602	1698.6617
489.9258	1705.3796
489.9300	1712.3258
490.0000	1719.4977
490.1288	1726.8922
490.1288	1734.5063
490.2900	1742.3371
490.2913	1750.3814
490.6567	1758.6362
490.6600	1767.0985
491.0000	1775.7652
491.0200	1784.6334
491.0222	1793.7001
491.0243	1802.9624
491.0243	1812.4175
491.3875	1822.0626
491.3900	1831.8952
491.7500	1841.9125
491.7529	1852.1123
491.9197	1862.4920
491.9197	1873.0494
492.0000	1883.7824
492.1182	1894.6888
492.1200	1905.7667
492.4800	1917.0142
492.4834	1928.4295
492.8152	1940.0108
492.8152	1951.7565
492.8486	1963.6650
492.8500	1975.7346
493.0000	1987.9639
493.2100	2000.3514
493.2138	2012.8956
493.5789	2025.5949
493.5800	2038.4478
493.7107	2051.4530
493.7107	2064.6087
493.9400	2077.9135
493.9439	2091.3656
494.0000	2104.9634
494.3090	2118.7052
494.3100	2132.5892
494.6061	2146.6134
494.6061	2160.7760
494.6700	2175.0749
494.6739	2189.5082
495.0000	2204.0735
495.0389	2218.7688
495.0400	2233.5918
495.4000	2248.5400
495.4038	2263.6113
495.5016	2278.8030
495.5016	2294.1128
495.7686	2309.5381
495.7700	2325.0762
496.0000	2340.7247
496.1300	2356.4807
496.1334	2372.3417
496.3970	2388.3048
496.3970	2404.3673
496.4982	2420.5263
496.5000	2436.7790
496.8600	2453.1224
496.8629	2469.5535
497.0000	2486.0693
497.2275	2502.6668
497.2300	2519.3426
497.2925	2536.0937
497.2925	2552.9167
497.5900	2569.8083
497.5922	2586.7649
497.9567	2603.7829
497.9600	2620.8589
498.0000	2637.9889
498.1880	2655.1693
498.1880	2672.3960
498.3200	2689.6650
498.3213	2706.9723
498.6857	2724.3135
498.6900	2741.6845
499.0000	2759.0807
499.0500	2776.4978
499.0502	2793.9312
499.0834	2811.3763
499.0834	2828.8284
499.4100	2846.2828
499.4146	2863.7347
499.7789	2881.1792
499.7800	2898.6117
499.9789	2916.0271
499.9789	2933.4205
500.0000	2950.7872
500.1400	2968.1222
500.1433	2985.4206
500.5075	3002.6776
500.5100	3019.8882
500.8700	3037.0475
500.8717	3054.1509
500.8743	3071.1933
500.8743	3088.1701
501.0000	3105.0763
501.2359	3121.9074
501.2400	3138.6585
501.6000	3155.3249
501.6000	3171.9020
501.7698	3188.3852
501.7698	3204.7700
501.9600	3221.0518
501.9641	3237.2263
502.0000	3253.2892
502.3282	3269.2361
502.3300	3285.0630
502.6653	3300.7657
502.6653	3316.3405
502.6900	3331.7835
502.6922	3347.0911
503.0000	3362.2598
503.0561	3377.2862
503.0600	3392.1672
503.4200	3406.8998
503.4200	3421.4812
503.5607	3435.9087
503.5607	3450.1799
503.7800	3464.2925
503.7839	3478.2446
504.0000	3492.0341
504.1477	3505.6595
504.1500	3519.1192
504.4562	3532.4121
504.4562	3545.5370
504.5100	3558.4931
504.5115	3571.2796
504.8752	3583.8960
504.8800	3596.3418
505.0000	3608.6169
505.2389	3620.7211
505.2400	3632.6546
505.3516	3644.4174
505.3516	3656.0098
505.6000	3667.4322
505.6025	3678.6851
505.9661	3689.7690
505.9700	3700.6844
506.0000	3711.4321
506.2471	3722.0128
506.2471	3732.4272
506.3297	3742.6763
506.3300	3752.7607
506.6900	3762.6814
506.6932	3772.4391
507.0000	3782.0348
507.0567	3791.4693
507.0600	3800.7433
507.1426	3809.8576
507.1426	3818.8129
507.4200	3827.6097
507.4201	3836.2484
507.7800	3844.7296
507.7834	3853.0532
508.0000	3861.2195
508.0380	3869.2282
508.0380	3877.0790
508.1468	3884.7712
508.1500	3892.3042
508.5100	3899.6769
508.5101	3906.8878
508.8700	3913.9355
508.8733	3920.8180
508.9335	3927.5332
508.9335	3934.0787
509.0000	3940.4517
509.2365	3946.6491
509.2400	3952.6678
509.5996	3958.5042
509.6000	3964.1545
509.8289	3969.6148
509.8289	3974.8807
509.9600	3979.9480
509.9627	3984.8121
510.0000	3989.4683
510.3258	3993.9118
510.3300	3998.1379
510.6888	4002.1415
510.6900	4005.9179
510.7244	4009.4620
510.7244	4012.7690
511.0000	4015.8340
511.0500	4018.6524
511.0518	4021.2195
511.4100	4023.5308
511.4147	4025.5821
511.6199	4027.3691
511.6199	4028.8880
511.7776	4030.1351
511.7800	4031.1069
512.0000	4031.8003
512.1400	4032.2123
512.1404	4032.3403
512.5000	4032.1821
512.5032	4031.7356
512.5153	4030.9992
512.5153	4029.9717
512.8659	4028.6520
512.8700	4027.0396
513.0000	4025.1342
513.2286	4022.9360
513.2300	4020.4455
513.4108	4017.6636
513.4108	4014.5916
513.5900	4011.2310
513.5913	4007.5838
513.9500	4003.6526
513.9539	3999.4398
514.0000	3994.9488
514.3062	3990.1828
514.3062	3985.1456
514.3165	3979.8414
514.3200	3974.2744
514.6790	3968.4495
514.6800	3962.3716
515.0000	3956.0460
515.0400	3949.4782
515.0415	3942.6739
515.2017	3935.6391
515.2017	3928.3800
515.4000	3920.9029
515.4039	3913.2144
515.7663	3905.3210
515.7700	3897.2294
516.0000	3888.9463
516.0971	3880.4787
516.0971	3871.8331
516.1286	3863.0165
516.1300	3854.0354
516.4900	3844.8964
516.4909	3835.6060
516.8500	3826.1704
516.8532	3816.5957
516.9926	3806.8877
516.9926	3797.0520
517.0000	3787.0939
517.2154	3777.0184
517.2200	3766.8300
517.5775	3756.5332
517.5800	3746.1319
517.8881	3735.6296
517.8881	3725.0296
517.9396	3714.3347
517.9400	3703.5474
518.0000	3692.6696
518.3000	3681.7032
518.3017	3670.6493
518.6600	3659.5090
518.6637	3648.2828
518.7835	3636.9712
518.7835	3625.5740
519.0000	3614.0910
519.0257	3602.5216
519.0300	3590.8650
519.3877	3579.1203
519.3900	3567.2862
519.6790	3555.3614
519.6790	3543.3444
519.7495	3531.2337
519.7500	3519.0276
520.0000	3506.7244
520.1100	3494.3223
520.1114	3481.8196
520.4700	3469.2146
520.4732	3456.5055
520.5744	3443.6907
520.5744	3430.7687
520.8300	3417.7379
520.8349	3404.5972
521.0000	3391.3451
521.1967	3377.9808
521.2000	3364.5033
521.4699	3350.9119
521.4699	3337.2061
521.5583	3323.3856
521.5600	3309.4503
521.9199	3295.4004
521.9200	3281.2363
522.0000	3266.9585
522.2800	3252.5681
522.2815	3238.0662
522.3654	3223.4541
522.3654	3208.7336
522.6400	3193.9067
522.6430	3178.9757
523.0000	3163.9431
523.0045	3148.8118
523.2608	3133.5848
523.2608	3118.2657
523.3660	3102.8581
523.3700	3087.3661
523.7274	3071.7940
523.7300	3056.1463
524.0000	3040.4280
524.0887	3024.6441
524.0900	3008.8001
524.1563	2992.9016
524.1563	2976.9545
524.4500	2960.9649
524.4500	2944.9391
524.8100	2928.8837
524.8113	2912.8053
525.0000	2896.7107
525.0517	2880.6070
525.0517	2864.5012
525.1700	2848.4005
525.1725	2832.3122
525.5300	2816.2434
525.5337	2800.2015
525.8900	2784.1937
525.8948	2768.2272
525.9472	2752.3092
525.9472	2736.4465
526.0000	2720.6462
526.2559	2704.9148
526.2600	2689.2589
526.6169	2673.6847
526.6200	2658.1983
526.8427	2642.8054
526.8427	2627.5113
526.9779	2612.3211
526.9800	2597.2395
527.0000	2582.2708
527.3388	2567.4188
527.3400	2552.6871
527.6997	2538.0786
527.7000	2523.5960
527.7381	2509.2411
527.7381	2495.0157
528.0000	2480.9209
528.0600	2466.9571
528.0606	2453.1247
528.4200	2439.4231
528.4214	2425.8516
528.6336	2412.4089
528.6336	2399.0931
528.7800	2385.9021
528.7821	2372.8333
529.0000	2359.8836
529.1400	2347.0497
529.1429	2334.3280
529.5000	2321.7143
529.5035	2309.2044
529.5290	2296.7937
529.5290	2284.4777
529.8600	2272.2514
529.8642	2260.1098
530.0000	2248.0479
530.2200	2236.0605
530.2247	2224.1426
530.4245	2212.2891
530.4245	2200.4950
530.5853	2188.7555
530.5900	2177.0658
530.9458	2165.4215
530.9500	2153.8181
531.0000	2142.2517
531.3062	2130.7184
531.3100	2119.2146
531.3200	2107.7372
531.3200	2096.2833
531.6666	2084.8502
531.6700	2073.4358
532.0000	2062.0382
532.0270	2050.6559
532.0300	2039.2877
532.2154	2027.9328
532.2154	2016.5908
532.3873	2005.2615
532.3900	1993.9452
532.7475	1982.6424
532.7500	1971.3540
533.0000	1960.0810
533.1078	1948.8249
533.1100	1937.5872
533.1109	1926.3700
533.1109	1915.1751
533.4679	1904.0049
533.4700	1892.8618
533.8281	1881.7481
533.8300	1870.6666
534.0000	1859.6198
534.0063	1848.6106
534.0063	1837.6415
534.1881	1826.7153
534.1900	1815.8346
534.5482	1805.0020
534.5500	1794.2200
534.9018	1783.4911
534.9018	1772.8174
534.9082	1762.2010
534.9100	1751.6439
535.0000	1741.1477
535.2681	1730.7142
535.2700	1720.3445
535.6280	1710.0399
535.6300	1699.8012
535.7973	1689.6291
535.7973	1679.5240
535.9879	1669.4862
535.9900	1659.5157
536.0000	1649.6123
536.3477	1639.7754
536.3500	1630.0046
536.6927	1620.2988
536.6927	1610.6571
536.7074	1601.0783
536.7100	1591.5610
537.0000	1582.1036
537.0672	1572.7043
537.0700	1563.3615
537.4268	1554.0730
537.4300	1544.8369
537.5882	1535.6509
537.5882	1526.5128
537.7865	1517.4203
537.7900	1508.3709
538.0000	1499.3623
538.1461	1490.3919
538.1500	1481.4573
538.4836	1472.5559
538.4836	1463.6854
538.5056	1454.8432
538.5100	1446.0269
538.8651	1437.2341
538.8700	1428.4626
539.0000	1419.7102
539.2200	1410.9746
539.2245	1402.2539
539.3791	1393.5462
539.3791	1384.8496
539.5800	1376.1624
539.5839	1367.4830
539.9400	1358.8101
539.9433	1350.1422
540.0000	1341.4782
540.2746	1332.8170
540.2746	1324.1576
540.3000	1315.4991
540.3026	1306.8409
540.6600	1298.1823
540.6619	1289.5227
541.0000	1280.8616
541.0200	1272.1987
541.0211	1263.5336
541.1700	1254.8660
541.1700	1246.1956
541.3800	1237.5224
541.3803	1228.8461
541.7394	1220.1667
541.7400	1211.4839
542.0000	1202.7979
542.0655	1194.1084
542.0655	1185.4156
542.0985	1176.7194
542.1000	1168.0198
542.4575	1159.3170
542.4600	1150.6110
542.8165	1141.9020
542.8200	1133.1903
542.9609	1124.4760
542.9609	1115.7597
543.0000	1107.0416
543.1754	1098.3223
543.1800	1089.6024
543.5300	1080.8826
543.5343	1072.1638
543.8564	1063.4468
543.8564	1054.7328
543.8900	1046.0228
543.8932	1037.3183
544.0000	1028.6206
544.2500	1019.9312
544.2520	1011.2519
544.6100	1002.5844
544.6108	993.9307
544.7518	985.2927
544.7518	976.6726
544.9695	968.0726
544.9700	959.4949
545.0000	950.9421
545.3282	942.4165
545.3300	933.9206
545.6473	925.4571
545.6473	917.0285
545.6868	908.6375
545.6900	900.2867
546.0000	891.9788
546.0454	883.7165
546.0500	875.5024
546.4000	867.3391
546.4039	859.2293
546.5428	851.1753
546.5428	843.1798
546.7600	835.2451
546.7624	827.3735
547.0000	819.5673
547.1200	811.8286
547.1208	804.1596
547.4382	796.5622
547.4382	789.0382
547.4792	781.5894
547.4800	774.2175
547.8376	766.9240
547.8400	759.7102
548.0000	752.5776
548.1959	745.5272
548.2000	738.5602
548.3337	731.6774
548.3337	724.8797
548.5500	718.1678
548.5542	711.5422
548.9100	705.0034
548.9124	698.5516
549.0000	692.1871
549.2291	685.9099
549.2291	679.7201
549.2700	673.6172
549.2706	667.6011
549.6287	661.6713
549.6300	655.8272
549.9868	650.0680
549.9900	644.3929
550.0000	638.8008
550.1246	633.2906
550.1246	627.8610
550.3400	622.5104
550.3448	617.2374
550.7000	612.0400
550.7028	606.9165
551.0000	601.8646
551.0201	596.8822
551.0201	591.9669
551.0600	587.1161
551.0607	582.3274
551.4186	577.5978
551.4200	572.9245
551.7765	568.3044
551.7800	563.7346
551.9155	559.2118
551.9155	554.7327
552.0000	550.2941
552.1300	545.8927
552.1343	541.5251
552.4900	537.1879
552.4920	532.8778
552.8110	528.5915
552.8110	524.3257
552.8497	520.0773
552.8500	515.8431
553.0000	511.6202
553.2074	507.4058
553.2100	503.1970
553.5650	498.9914
553.5700	494.7865
553.7064	490.5803
553.7064	486.3706
553.9200	482.1559
553.9226	477.9345
554.0000	473.7053
554.2800	469.4674
554.2801	465.2200
554.6019	460.9629
554.6019	456.6958
554.6376	452.4192
554.6400	448.1337
554.9951	443.8400
555.0000	439.5395
555.3500	435.2338
555.3525	430.9246
555.4974	426.6143
555.4974	422.3053
555.7098	418.0003
555.7100	413.7024
556.0000	409.4149
556.0671	405.1413
556.0700	400.8853
556.3928	396.6508
556.3928	392.4418
556.4200	388.2624
556.4244	384.1170
556.7800	380.0098
556.7816	375.9452
557.0000	371.9275
557.1387	367.9610
557.1400	364.0499
557.2883	360.1986
557.2883	356.4109
557.4959	352.6908
557.5000	349.0421
557.8500	345.4684
557.8529	341.9729
558.0000	338.5588
558.1837	335.2289
558.1837	331.9859
558.2099	328.8320
558.2100	325.7693
558.5669	322.7996
558.5700	319.9242
558.9200	317.1442
558.9239	314.4605
559.0000	311.8735
559.0792	309.3835
559.0792	306.9903
559.2800	304.6934
559.2808	302.4922
559.6376	300.3857
559.6400	298.3726
559.9747	296.4514
559.9747	294.6203
559.9900	292.8774
559.9944	291.2204
560.0000	289.6470
560.3500	288.1546
560.3511	286.7404
560.7078	285.4016
560.7100	284.1352
560.8701	282.9381
560.8701	281.8072
561.0000	280.7391
561.0600	279.7306
561.0645	278.7785
561.4200	277.8792
561.4211	277.0297
561.7656	276.2266
561.7656	275.4666
561.7777	274.7466
561.7800	274.0635
562.0000	273.4142
562.1300	272.7960
562.1342	272.2059
562.4900	271.6413
562.4907	271.0997
562.6610	270.5787
562.6610	270.0760
562.8471	269.5895
562.8500	269.1174
563.0000	268.6577
563.2000	268.2090
563.2035	267.7698
563.5565	267.3388
563.5565	266.9148
563.5598	266.4970
563.5600	266.0845
563.9161	265.6768
563.9200	265.2732
564.0000	264.8735
564.2700	264.4775
564.2724	264.0851
564.4520	263.6964
564.4520	263.3116
564.6286	262.9311
564.6300	262.5553
564.9800	262.1847
564.9847	261.8200
565.0000	261.4621
565.3400	261.1117
565.3408	260.7699
565.3474	260.4377
565.3474	260.1164
565.6969	259.8070
565.7000	259.5110
566.0000	259.2298
566.0500	258.9648
566.0529	258.7177
566.2429	258.4900
566.2429	258.2836
566.4089	258.1003
566.4100	257.9419
566.7600	257.8103
566.7648	257.7077
567.0000	257.6361
567.1200	257.5978
567.1207	257.5949
567.1383	257.6298
567.1383	257.7050
567.4765	257.8228
567.4800	257.9859
567.8300	258.1969
567.8323	258.4585
568.0000	258.7736
568.0338	259.1450
568.0338	259.5758
568.1880	260.0688
568.1900	260.6274
568.5400	261.2546
568.5437	261.9538
568.8993	262.7283
568.9000	263.5815
568.9293	264.5169
568.9293	265.5379
569.0000	266.6480
569.2500	267.8507
569.2549	269.1496
569.6100	270.5482
569.6105	272.0499
569.8247	273.6583
569.8247	275.3767
569.9660	277.2086
569.9700	279.1570
570.0000	281.2254
570.3200	283.4167
570.3215	285.7340
570.6769	288.1803
570.6800	290.7582
570.7202	293.4706
570.7202	296.3200
571.0000	299.3090
571.0300	302.4399
571.0322	305.7151
571.3876	309.1368
571.3900	312.7071
571.6156	316.4280
571.6156	320.3017
571.7400	324.3299
571.7428	328.5148
572.0000	332.8580
572.0981	337.3614
572.1000	342.0269
572.4500	346.8563
572.4533	351.8515
572.5111	357.0142
572.5111	362.3463
572.8084	367.8499
572.8100	373.5267
573.0000	379.3789
573.1600	385.4085
573.1635	391.6177
573.4065	398.0086
573.4065	404.5836
573.5185	411.3450
573.5200	418.2952
573.8700	425.4368
573.8735	432.7723
574.0000	440.3043
574.2285	448.0356
574.2300	455.9689
574.3020	464.1071
574.3020	472.4530
574.5800	481.0096
574.5834	489.7797
574.9382	498.7665
574.9400	507.9727
575.0000	517.4016
575.1975	527.0562
575.1975	536.9394
575.2900	547.0545
575.2931	557.4044
575.6478	567.9922
575.6500	578.8210
576.0000	589.8939
576.0025	601.2140
576.0929	612.7843
576.0929	624.6081
576.3572	636.6882
576.3600	649.0280
576.7100	661.6304
576.7118	674.4987
576.9884	687.6359
576.9884	701.0454
577.0000	714.7303
577.0664	728.6939
577.0700	742.9395
577.4200	757.4705
577.4210	772.2903
577.7755	787.4025
577.7800	802.8107
577.8838	818.5186
577.8838	834.5299
578.0000	850.8486
578.1299	867.4787
578.1300	884.4243
578.4800	901.6898
578.4843	919.2795
578.7793	937.1980
578.7793	955.4499
578.8386	974.0402
578.8400	992.9738
579.0000	1012.2558
579.1900	1031.8917
579.1929	1051.8868
579.5472	1072.2468
579.5500	1092.9774
579.6748	1114.0845
579.6748	1135.5742
579.9000	1157.4526
579.9014	1179.7261
580.0000	1202.4011
580.2556	1225.4840
580.2600	1248.9816
580.5702	1272.9004
580.5702	1297.2474
580.6097	1322.0292
580.6100	1347.2527
580.9600	1372.9250
580.9638	1399.0528
581.0000	1425.6431
581.3178	1452.7028
581.3200	1480.2388
581.4657	1508.2578
581.4657	1536.7666
581.6700	1565.7719
581.6718	1595.2803
582.0000	1625.2983
582.0257	1655.8320
582.0300	1686.8878
582.3611	1718.4717
582.3611	1750.5895
582.3796	1783.2468
582.3800	1816.4492
582.7300	1850.2018
582.7334	1884.5097
583.0000	1919.3776
583.0872	1954.8101
583.0900	1990.8113
583.2566	2027.3853
583.2566	2064.5357
583.4400	2102.2660
583.4410	2140.5791
583.7900	2179.4781
583.7947	2218.9652
584.0000	2259.0428
584.1483	2299.7126
584.1500	2340.9764
584.1521	2382.8352
584.1521	2425.2902
584.5000	2468.3420
584.5019	2511.9909
584.8555	2556.2372
584.8600	2601.0805
585.0000	2646.5206
585.0475	2692.5567
585.0475	2739.1880
585.2090	2786.4133
585.2100	2834.2313
585.5600	2882.6406
585.5625	2931.6393
585.9159	2981.2256
585.9200	3031.3975
585.9430	3082.1527
585.9430	3133.4891
586.0000	3185.4040
586.2693	3237.8950
586.2700	3290.9594
586.6200	3344.5943
586.6226	3398.7968
586.8384	3453.5640
586.8384	3508.8928
586.9759	3564.7797
586.9800	3621.2217
587.0000	3678.2151
587.3291	3735.7563
587.3300	3793.8416
587.6800	3852.4670
587.6823	3911.6285
587.7339	3971.3216
587.7339	4031.5418
588.0000	4092.2844
588.0354	4153.5441
588.0400	4215.3157
588.3885	4277.5933
588.3900	4340.3710
588.6294	4403.6422
588.6294	4467.4001
588.7400	4531.6373
588.7416	4596.3463
589.0000	4661.5186
589.0900	4727.1457
589.0946	4793.2182
589.4475	4859.7264
589.4500	4926.6601
589.5248	4994.0083
589.5248	5061.7596
589.8000	5129.9021
589.8005	5198.4232
590.0000	5267.3096
590.1500	5336.5478
590.1533	5406.1234
590.4203	5476.0215
590.4203	5546.2267
590.5061	5616.7231
590.5100	5687.4940
590.8589	5758.5226
590.8600	5829.7912
591.0000	5901.2818
591.2100	5972.9759
591.2116	6044.8546
591.3157	6116.8984
591.3157	6189.0876
591.5600	6261.4019
591.5643	6333.8210
591.9169	6406.3240
591.9200	6478.8897
592.0000	6551.4968
592.2112	6624.1238
592.2112	6696.7489
592.2695	6769.3503
592.2700	6841.9059
592.6200	6914.3937
592.6220	6986.7917
592.9700	7059.0780
592.9745	7131.2306
593.0000	7203.2277
593.1067	7275.0479
593.1067	7346.6696
593.3270	7418.0719
593.3300	7489.2340
593.6794	7560.1354
593.6800	7630.7561
594.0000	7701.0766
594.0021	7771.0778
594.0021	7840.7410
594.0300	7910.0484
594.0317	7978.9825
594.3800	8047.5266
594.3840	8115.6644
594.7363	8183.3807
594.7400	8250.6608
594.8976	8317.4906
594.8976	8383.8571
595.0000	8449.7479
595.0885	8515.1515
595.0900	8580.0571
595.4400	8644.4549
595.4406	8708.3358
595.7900	8771.6919
595.7928	8834.5157
595.7930	8896.8009
595.7930	8958.5421
596.0000	9019.7345
596.1400	9080.3743
596.1448	9140.4587
596.4968	9199.9856
596.5000	9258.9537
596.6885	9317.3626
596.6885	9375.2127
596.8488	9432.5050
596.8500	9489.2415
597.0000	9545.4248
597.2000	9601.0582
597.2008	9656.1456
597.5500	9710.6916
597.5526	9764.7015
597.5839	9818.1811
597.5839	9871.1366
597.9000	9923.5748
597.9045	9975.5032
598.0000	10026.9293
598.2563	10077.8613
598.2600	10128.3077
598.4794	10178.2774
598.4794	10227.7795
598.6080	10276.8235
598.6100	10325.4190
598.9597	10373.5760
598.9600	10421.3046
599.0000	10468.6151
599.3100	10515.5178
599.3113	10562.0234
599.3749	10608.1423
599.3749	10653.8853
599.6600	10699.2628
599.6629	10744.2855
600.0000	10788.9638
600.0100	10833.3081
600.0145	10877.3286
600.2703	10921.0351
600.2703	10964.4373
600.3660	11007.5446
600.3700	11050.3660
600.7175	11092.9101
600.7200	11135.1849
601.0000	11177.1981
601.0689	11218.9567
601.0700	11260.4671
601.1658	11301.7353
601.1658	11342.7665
601.4200	11383.5651
601.4202	11424.1350
601.7700	11464.4793
601.7715	11504.6002
602.0000	11544.4995
602.0612	11584.1780
602.0612	11623.6356
602.1200	11662.8716
602.1228	11701.8844
602.4700	11740.6718
602.4740	11779.2306
602.8252	11817.5568
602.8300	11855.6457
602.9567	11893.4917
602.9567	11931.0885
603.0000	11968.4292
603.1764	12005.5057
603.1800	12042.3097
603.5274	12078.8318
603.5300	12115.0621
603.8522	12150.9900
603.8522	12186.6043
603.8785	12221.8934
603.8800	12256.8449
604.0000	12291.4460
604.2295	12325.6836
604.2300	12359.5441
604.5800	12393.0135
604.5804	12426.0776
604.7476	12458.7221
604.7476	12490.9323
604.9300	12522.6935
604.9313	12553.9908
605.0000	12584.8097
605.2800	12615.1353
605.2822	12644.9531
605.6300	12674.2486
605.6330	12703.0079
605.6431	12731.2170
605.6431	12758.8625
605.9800	12785.9313
605.9837	12812.4109
606.0000	12838.2892
606.3300	12863.5546
606.3344	12888.1962
606.5385	12912.2038
606.5385	12935.5678
606.6851	12958.2791
606.6900	12980.3296
607.0000	13001.7119
607.0357	13022.4192
607.0400	13042.4457
607.3863	13061.7861
607.3900	13080.4362
607.4340	13098.3925
607.4340	13115.6522
607.7368	13132.2135
607.7400	13148.0752
608.0000	13163.2373
608.0873	13177.7002
608.0900	13191.4653
608.3295	13204.5349
608.3295	13216.9118
608.4377	13228.6001
608.4400	13239.6041
608.7881	13249.9293
608.7900	13259.5817
609.0000	13268.5681
609.1384	13276.8961
609.1400	13284.5738
609.2249	13291.6101
609.2249	13298.0146
609.4887	13303.7972
609.4900	13308.9688
609.8389	13313.5405
609.8400	13317.5242
610.0000	13320.9319
610.1204	13323.7765
610.1204	13326.0711
610.1891	13327.8290
610.1900	13329.0641
610.5393	13329.7905
610.5400	13330.0226
610.8893	13329.7749
610.8900	13329.0623
611.0000	13327.8997
611.0158	13326.3020
611.0158	13324.2845
611.2394	13321.8624
611.2400	13319.0507
611.5894	13315.8647
611.5900	13312.3195
611.9113	13308.4301
611.9113	13304.2116
611.9394	13299.6785
611.9400	13294.8457
612.0000	13289.7276
612.2893	13284.3382
612.2900	13278.6917
612.6391	13272.8018
612.6400	13266.6817
612.8068	13260.3445
612.8068	13253.8030
612.9889	13247.0694
612.9900	13240.1555
613.0000	13233.0729
613.3387	13225.8324
613.3400	13218.4445
613.6884	13210.9190
613.6900	13203.2653
613.7022	13195.4921
613.7022	13187.6075
614.0000	13179.6190
614.0381	13171.5335
614.0400	13163.3570
614.3877	13155.0951
614.3900	13146.7524
614.5977	13138.3331
614.5977	13129.8404
614.7373	13121.2769
614.7400	13112.6445
615.0000	13103.9444
615.0868	13095.1769
615.0900	13086.3419
615.4363	13077.4384
615.4400	13068.4647
615.4931	13059.4188
615.4931	13050.2978
615.7857	13041.0982
615.7900	13031.8164
616.0000	13022.4477
616.1351	13012.9876
616.1400	13003.4307
616.3886	12993.7716
616.3886	12984.0045
616.4800	12974.1234
616.4845	12964.1221
616.8300	12953.9944
616.8338	12943.7340
617.0000	12933.3347
617.1800	12922.7902
617.1830	12912.0946
617.2841	12901.2421
617.2841	12890.2270
617.5300	12879.0441
617.5322	12867.6884
617.8800	12856.1555
617.8814	12844.4411
618.0000	12832.5417
618.1795	12820.4540
618.1795	12808.1753
618.2300	12795.7036
618.2305	12783.0371
618.5795	12770.1749
618.5800	12757.1164
618.9285	12743.8617
618.9300	12730.4114
619.0000	12716.7667
619.0750	12702.9291
619.0750	12688.9010
619.2775	12674.6850
619.2800	12660.2843
619.6264	12645.7025
619.6300	12630.9437
619.9704	12616.0123
619.9704	12600.9131
619.9753	12585.6511
619.9800	12570.2318
620.0000	12554.6608
620.3200	12538.9439
620.3241	12523.0869
620.6700	12507.0960
620.6729	12490.9773
620.8659	12474.7368
620.8659	12458.3807
621.0000	12441.9151
621.0200	12425.3459
621.0216	12408.6789
621.3700	12391.9198
621.3703	12375.0741
621.7189	12358.1471
621.7200	12341.1438
621.7614	12324.0690
621.7614	12306.9273
622.0000	12289.7230
622.0675	12272.4602
622.0700	12255.1426
622.4161	12237.7739
622.4200	12220.3573
622.6568	12202.8960
622.6568	12185.3928
622.7600	12167.8505
622.7645	12150.2715
623.0000	12132.6585
623.1100	12115.0136
623.1130	12097.3391
623.4600	12079.6373
623.4614	12061.9106
623.5523	12044.1610
623.5523	12026.3912
623.8097	12008.6034
623.8100	11990.8005
624.0000	11972.9852
624.1580	11955.1605
624.1600	11937.3297
624.4477	11919.4962
624.4477	11901.6637
624.5063	11883.8363
624.5100	11866.0182
624.8500	11848.2138
624.8545	11830.4279
625.0000	11812.6655
625.2000	11794.9316
625.2026	11777.2318
625.3432	11759.5714
625.3432	11741.9562
625.5500	11724.3919
625.5508	11706.8844
625.8988	11689.4395
625.9000	11672.0632
626.0000	11654.7614
626.2386	11637.5398
626.2386	11620.4042
626.2468	11603.3603
626.2500	11586.4134
626.5900	11569.5689
626.5948	11552.8318
626.9400	11536.2070
626.9427	11519.6991
627.0000	11503.3124
627.1341	11487.0509
627.1341	11470.9181
627.2900	11454.9175
627.2906	11439.0519
627.6384	11423.3240
627.6400	11407.7359
627.9862	11392.2894
627.9900	11376.9858
628.0000	11361.8261
628.0296	11346.8108
628.0296	11331.9400
628.3300	11317.2134
628.3339	11302.6302
628.6800	11288.1891
628.6816	11273.8887
628.9250	11259.7267
628.9250	11245.7007
629.0000	11231.8077
629.0293	11218.0445
629.0300	11204.4072
629.3768	11190.8918
629.3800	11177.4935
629.7200	11164.2074
629.7244	11151.0283
629.8205	11137.9502
629.8205	11124.9672
630.0000	11112.0729
630.0700	11099.2603
630.0719	11086.5225
630.4193	11073.8519
630.4200	11061.2410
630.7159	11048.6816
630.7159	11036.1656
630.7667	11023.6845
630.7700	11011.2296
631.0000	10998.7920
631.1100	10986.3626
631.1141	10973.9321
631.4600	10961.4914
631.4614	10949.0308
631.6114	10936.5410
631.6114	10924.0123
631.8086	10911.4353
631.8100	10898.8004
632.0000	10886.0982
632.1558	10873.3192
632.1600	10860.4544
632.5000	10847.4946
632.5030	10834.4309
632.5069	10821.2549
632.5069	10807.9582
632.8500	10794.5327
632.8501	10780.9708
633.0000	10767.2652
633.1972	10753.4091
633.2000	10739.3959
633.4023	10725.2197
633.4023	10710.8749
633.5400	10696.3565
633.5442	10681.6601
633.8900	10666.7815
633.8912	10651.7174
634.0000	10636.4649
634.2381	10621.0215
634.2400	10605.3856
634.2978	10589.5558
634.2978	10573.5316
634.5800	10557.3127
634.5850	10540.8998
634.9300	10524.2937
634.9318	10507.4962
635.0000	10490.5094
635.1932	10473.3359
635.1932	10455.9792
635.2786	10438.4430
635.2800	10420.7316
635.6253	10402.8500
635.6300	10384.8037
635.9700	10366.5985
635.9720	10348.2410
636.0000	10329.7380
636.0887	10311.0972
636.0887	10292.3262
636.3186	10273.4336
636.3200	10254.4281
636.6652	10235.3189
636.6700	10216.1154
636.9842	10196.8277
636.9842	10177.4658
637.0000	10158.0402
637.0100	10138.5615
637.0117	10119.0406
637.3582	10099.4884
637.3600	10079.9160
637.7000	10060.3345
637.7047	10040.7549
637.8796	10021.1882
637.8796	10001.6454
638.0000	9982.1372
638.0500	9962.6741
638.0511	9943.2665
638.3974	9923.9245
638.4000	9904.6576
638.7400	9885.4753
638.7437	9866.3864
638.7751	9847.3994
638.7751	9828.5223
639.0000	9809.7624
639.0900	9791.1268
639.0900	9772.6217
639.4362	9754.2527
639.4400	9736.0251
639.6705	9717.9430
639.6705	9700.0103
639.7800	9682.2298
639.7823	9664.6040
640.0000	9647.1342
640.1284	9629.8213
640.1300	9612.6655
640.4700	9595.6659
640.4745	9578.8212
640.5660	9562.1292
640.5660	9545.5872
640.8200	9529.1917
640.8205	9512.9384
641.0000	9496.8226
641.1665	9480.8390
641.1700	9464.9815
641.4615	9449.2438
641.4615	9433.6188
641.5100	9418.0993
641.5124	9402.6774
641.8583	9387.3451
641.8600	9372.0938
642.0000	9356.9149
642.2000	9341.7994
642.2041	9326.7383
642.3569	9311.7223
642.3569	9296.7420
642.5499	9281.7881
642.5500	9266.8510
642.8956	9251.9215
642.9000	9236.9899
643.0000	9222.0472
643.2400	9207.0840
643.2413	9192.0912
643.2524	9177.0600
643.2524	9161.9817
643.5869	9146.8477
643.5900	9131.6501
643.9300	9116.3807
643.9325	9101.0323
644.0000	9085.5974
644.1478	9070.0695
644.1478	9054.4421
644.2780	9038.7095
644.2800	9022.8662
644.6200	9006.9074
644.6235	8990.8289
644.9690	8974.6269
644.9700	8958.2984
645.0000	8941.8409
645.0433	8925.2526
645.0433	8908.5322
645.3100	8891.6793
645.3144	8874.6940
645.6597	8857.5772
645.6600	8840.3303
645.9388	8822.9555
645.9388	8805.4556
646.0000	8787.8340
646.0050	8770.0948
646.3500	8752.2426
646.3502	8734.2825
646.6954	8716.2203
646.7000	8698.0621
646.8342	8679.8147
646.8342	8661.4850
647.0000	8643.0806
647.0400	8624.6092
647.0406	8606.0789
647.3857	8587.4978
647.3900	8568.8746
647.7297	8550.2177
647.7297	8531.5359
647.7300	8512.8377
647.7308	8494.1319
648.0000	8475.4268
648.0758	8456.7310
648.0800	8438.0524
648.4200	8419.3990
648.4207	8400.7783
648.6251	8382.1974
648.6251	8363.6630
648.7656	8345.1812
648.7700	8326.7577
649.0000	8308.3976
649.1100	8290.1053
649.1105	8271.8845
649.4553	8253.7383
649.4600	8235.6691
649.5206	8217.6783
649.5206	8199.7668
649.8000	8181.9346
649.8001	8164.1809
650.0000	8146.5041
650.1400	8128.9019
650.1448	8111.3712
650.4161	8093.9080
650.4161	8076.5077
650.4895	8059.1649
650.4900	8041.8736
650.8300	8024.6272
650.8341	8007.4184
651.0000	7990.2394
651.1787	7973.0819
651.1800	7955.9373
651.3115	7938.7964
651.3115	7921.6499
651.5200	7904.4884
651.5232	7887.3019
651.8677	7870.0809
651.8700	7852.8155
652.0000	7835.4960
652.2070	7818.1130
652.2070	7800.6573
652.2100	7783.1199
652.2121	7765.4922
652.5565	7747.7663
652.5600	7729.9346
652.9000	7711.9903
652.9009	7693.9270
653.0000	7675.7392
653.1024	7657.4222
653.1024	7638.9719
653.2451	7620.3854
653.2500	7601.6603
653.5894	7582.7953
653.5900	7563.7901
653.9300	7544.6452
653.9336	7525.3622
653.9979	7505.9434
653.9979	7486.3924
654.0000	7466.7134
654.2777	7446.9118
654.2800	7426.9937
654.6200	7406.9661
654.6218	7386.8368
654.8933	7366.6145
654.8933	7346.3085
654.9659	7325.9287
654.9700	7305.4858
655.0000	7284.9909
655.3099	7264.4555
655.3100	7243.8916
655.6500	7223.3115
655.6538	7202.7279
655.7888	7182.1533
655.7888	7161.6007
655.9977	7141.0827
656.0000	7120.6124
656.3400	7100.2021
656.3416	7079.8645
656.6843	7059.6116
656.6843	7039.4553
656.6854	7019.4069
656.6900	6999.4775
657.0000	6979.6773
657.0291	6960.0162
657.0300	6940.5034
657.3700	6921.1473
657.3728	6901.9558
657.5797	6882.9358
657.5797	6864.0937
657.7165	6845.4349
657.7200	6826.9640
658.0000	6808.6848
658.0600	6790.6004
658.0601	6772.7128
658.4000	6755.0234
658.4037	6737.5327
658.4752	6720.2404
658.4752	6703.1456
658.7472	6686.2463
658.7500	6669.5402
659.0000	6653.0240
659.0900	6636.6938
659.0907	6620.5452
659.3706	6604.5732
659.3706	6588.7721
659.4300	6573.1359
659.4341	6557.6580
659.7775	6542.3315
659.7800	6527.1489
660.0000	6512.1025
660.1200	6497.1844
660.1208	6482.3861
660.2661	6467.6992
660.2661	6453.1148
660.4600	6438.6241
660.4641	6424.2179
660.8073	6409.8872
660.8100	6395.6227
661.0000	6381.4150
661.1500	6367.2550
661.1505	6353.1333
661.1616	6339.0408
661.1616	6324.9682
661.4900	6310.9065
661.4936	6296.8469
661.8367	6282.7804
661.8400	6268.6985
662.0000	6254.5929
662.0570	6240.4552
662.0570	6226.2776
662.1797	6212.0524
662.1800	6197.7722
662.5200	6183.4300
662.5227	6169.0191
662.8656	6154.5331
662.8700	6139.9661
662.9525	6125.3126
662.9525	6110.5674
663.0000	6095.7258
663.2085	6080.7837
663.2100	6065.7374
663.5500	6050.5835
663.5514	6035.3192
663.8479	6019.9423
663.8479	6004.4509
663.8900	5988.8438
663.8942	5973.1200
664.0000	5957.2792
664.2369	5941.3215
664.2400	5925.2474
664.5796	5909.0580
664.5800	5892.7546
664.7434	5876.3391
664.7434	5859.8139
664.9200	5843.1816
664.9223	5826.4453
665.0000	5809.6083
665.2600	5792.6746
665.2649	5775.6482
665.6074	5758.5336
665.6100	5741.3356
665.6389	5724.0593
665.6389	5706.7100
665.9499	5689.2934
665.9500	5671.8153
666.0000	5654.2818
666.2900	5636.6992
666.2924	5619.0741
666.5343	5601.4130
666.5343	5583.7229
666.6300	5566.0106
666.6348	5548.2834
666.9771	5530.5483
666.9800	5512.8127
667.0000	5495.0839
667.3194	5477.3693
667.3200	5459.6761
667.4298	5442.0119
667.4298	5424.3838
667.6600	5406.7991
667.6617	5389.2649
668.0000	5371.7882
668.0039	5354.3759
668.3252	5337.0346
668.3252	5319.7708
668.3461	5302.5906
668.3500	5285.4999
668.6882	5268.5045
668.6900	5251.6097
669.0000	5234.8203
669.0300	5218.1411
669.0302	5201.5763
669.2207	5185.1296
669.2207	5168.8044
669.3700	5152.6037
669.3723	5136.5298
669.7100	5120.5849
669.7142	5104.7702
670.0000	5089.0869
670.0562	5073.5353
670.0600	5058.1154
670.1162	5042.8265
670.1162	5027.6676
670.3980	5012.6370
670.4000	4997.7326
670.7399	4982.9517
670.7400	4968.2912
671.0000	4953.7475
671.0116	4939.3166
671.0116	4924.9941
671.0800	4910.7753
671.0816	4896.6548
671.4200	4882.6274
671.4234	4868.6872
671.7650	4854.8283
671.7700	4841.0445
671.9071	4827.3295
671.9071	4813.6766
672.0000	4800.0795
672.1067	4786.5313
672.1100	4773.0254
672.4482	4759.5553
672.4500	4746.1141
672.7898	4732.6955
672.7900	4719.2929
672.8025	4705.9001
672.8025	4692.5111
673.0000	4679.1200
673.1300	4665.7211
673.1313	4652.3091
673.4700	4638.8791
673.4727	4625.4263
673.6980	4611.9466
673.6980	4598.4360
673.8100	4584.8911
673.8141	4571.3089
674.0000	4557.6870
674.1554	4544.0233
674.1600	4530.3163
674.4967	4516.5652
674.5000	4502.7696
674.5935	4488.9297
674.5935	4475.0462
674.8380	4461.1205
674.8400	4447.1545
675.0000	4433.1508
675.1791	4419.1126
675.1800	4405.0436
675.4889	4390.9479
675.4889	4376.8305
675.5200	4362.6968
675.5203	4348.5525
675.8600	4334.4041
675.8614	4320.2583
676.0000	4306.1222
676.2000	4292.0034
676.2024	4277.9095
676.3844	4263.8485
676.3844	4249.8286
676.5400	4235.8579
676.5434	4221.9447
676.8800	4208.0971
676.8844	4194.3231
677.0000	4180.6305
677.2253	4167.0270
677.2300	4153.5197
677.2798	4140.1154
677.2798	4126.8205
677.5661	4113.6407
677.5700	4100.5812
677.9069	4087.6466
677.9100	4074.8408
678.0000	4062.1667
678.1753	4049.6268
678.1753	4037.2226
678.2477	4024.9548
678.2500	4012.8233
678.5884	4000.8270
678.5900	3988.9642
678.9291	3977.2323
678.9300	3965.6277
679.0000	3954.1462
679.0707	3942.7828
679.0707	3931.5318
679.2697	3920.3866
679.2700	3909.3403
679.6100	3898.3850
679.6102	3887.5127
679.9500	3876.7146
679.9507	3865.9816
679.9662	3855.3043
679.9662	3844.6729
680.0000	3834.0775
680.2900	3823.5079
680.2912	3812.9540
680.6300	3802.4057
680.6316	3791.8529
680.8617	3781.2855
680.8617	3770.6937
680.9700	3760.0682
680.9720	3749.3997
681.0000	3738.6793
681.3100	3727.8987
681.3123	3717.0501
681.6500	3706.1260
681.6526	3695.1195
681.7571	3684.0246
681.7571	3672.8356
681.9900	3661.5475
681.9928	3650.1562
682.0000	3638.6582
682.3300	3627.0506
682.3329	3615.3315
682.6526	3603.4996
682.6526	3591.5543
682.6700	3579.4961
682.6731	3567.3260
683.0000	3555.0459
683.0100	3542.6586
683.0131	3530.1674
683.3500	3517.5766
683.3532	3504.8912
683.5480	3492.1169
683.5480	3479.2599
683.6900	3466.3273
683.6931	3453.3268
684.0000	3440.2666
684.0300	3427.1552
684.0331	3414.0019
684.3700	3400.8163
684.3729	3387.6081
684.4435	3374.3877
684.4435	3361.1652
684.7100	3347.9513
684.7128	3334.7566
685.0000	3321.5915
685.0500	3308.4667
685.0525	3295.3924
685.3390	3282.3788
685.3390	3269.4360
685.3900	3256.5733
685.3923	3243.8001
685.7300	3231.1251
685.7319	3218.5566
686.0000	3206.1023
686.0700	3193.7695
686.0716	3181.5648
686.2344	3169.4942
686.2344	3157.5630
686.4100	3145.7760
686.4112	3134.1371
686.7500	3122.6498
686.7507	3111.3166
687.0000	3100.1397
687.0900	3089.1203
687.0902	3078.2592
687.1299	3067.5564
687.1299	3057.0114
687.4296	3046.6229
687.4300	3036.3895
687.7690	3026.3087
687.7700	3016.3779
688.0000	3006.5940
688.0253	2996.9533
688.0253	2987.4518
688.1083	2978.0853
688.1100	2968.8492
688.4476	2959.7385
688.4500	2950.7481
688.7869	2941.8728
688.7900	2933.1070
688.9208	2924.4451
688.9208	2915.8815
689.0000	2907.4103
689.1261	2899.0256
689.1300	2890.7216
689.4652	2882.4924
689.4700	2874.3319
689.8000	2866.2343
689.8043	2858.1935
689.8163	2850.2037
689.8163	2842.2589
690.0000	2834.3530
690.1400	2826.4804
690.1433	2818.6349
690.4800	2810.8109
690.4823	2803.0023
690.7117	2795.2034
690.7117	2787.4083
690.8200	2779.6113
690.8213	2771.8067
691.0000	2763.9888
691.1600	2756.1519
691.1602	2748.2906
691.4990	2740.3995
691.5000	2732.4731
691.6072	2724.5065
691.6072	2716.4945
691.8378	2708.4323
691.8400	2700.3155
692.0000	2692.1396
692.1766	2683.9006
692.1800	2675.5949
692.5026	2667.2190
692.5026	2658.7699
692.5153	2650.2450
692.5200	2641.6422
692.8500	2632.9597
692.8539	2624.1964
693.0000	2615.3516
693.1900	2606.4250
693.1925	2597.4170
693.3981	2588.3285
693.3981	2579.1610
693.5300	2569.9165
693.5311	2560.5975
693.8696	2551.2072
693.8700	2541.7494
694.0000	2532.2281
694.2081	2522.6483
694.2100	2513.0151
694.2936	2503.3343
694.2936	2493.6121
694.5465	2483.8550
694.5500	2474.0702
694.8800	2464.2649
694.8848	2454.4467
695.0000	2444.6236
695.1890	2434.8037
695.1890	2424.9952
695.2200	2415.2065
695.2231	2405.4460
695.5600	2395.7221
695.5614	2386.0431
695.8996	2376.4172
695.9000	2366.8524
696.0000	2357.3564
696.0845	2347.9367
696.0845	2338.6001
696.2378	2329.3534
696.2400	2320.2027
696.5759	2311.1534
696.5800	2302.2105
696.9100	2293.3784
696.9139	2284.6606
696.9799	2276.0600
696.9799	2267.5789
697.0000	2259.2184
697.2500	2250.9793
697.2520	2242.8610
697.5899	2234.8626
697.5900	2226.9820
697.8754	2219.2163
697.8754	2211.5619
697.9278	2204.0141
697.9300	2196.5678
698.0000	2189.2167
698.2657	2181.9541
698.2700	2174.7725
698.6000	2167.6636
698.6035	2160.6187
698.7709	2153.6286
698.7709	2146.6837
698.9400	2139.7739
698.9413	2132.8888
699.0000	2126.0180
699.2790	2119.1508
699.2800	2112.2765
699.6167	2105.3846
699.6200	2098.4646
699.6663	2091.5063
699.6663	2084.4997
699.9500	2077.4356
699.9543	2070.3047
700.0000	2063.0987
700.2900	2055.8099
700.2919	2048.4311
700.5618	2040.9561
700.5618	2033.3793
700.6294	2025.6962
700.6300	2017.9031
700.9669	2009.9973
700.9700	2001.9771
701.0000	1993.8419
701.3000	1985.5921
701.3043	1977.2291
701.4572	1968.7554
701.4572	1960.1745
701.6400	1951.4912
701.6417	1942.7110
701.9790	1933.8405
701.9800	1924.8874
702.0000	1915.8602
702.3163	1906.7684
702.3200	1897.6221
702.3527	1888.4323
702.3527	1879.2108
702.6500	1869.9698
702.6535	1860.7222
702.9900	1851.4813
702.9907	1842.2608
703.0000	1833.0746
703.2482	1823.9369
703.2482	1814.8621
703.3278	1805.8643
703.3300	1796.9579
703.6600	1788.1568
703.6649	1779.4750
704.0000	1770.9259
704.0019	1762.5225
704.1436	1754.2774
704.1436	1746.2026
704.3389	1738.3094
704.3400	1730.6083
704.6758	1723.1091
704.6800	1715.8207
705.0000	1708.7511
705.0100	1701.9071
705.0127	1695.2948
705.0391	1688.9191
705.0391	1682.7836
705.3495	1676.8911
705.3500	1671.2431
705.6863	1665.8398
705.6900	1660.6805
705.9345	1655.7632
705.9345	1651.0847
706.0000	1646.6406
706.0200	1642.4257
706.0231	1638.4333
706.3597	1634.6559
706.3600	1631.0848
706.6964	1627.7105
706.7000	1624.5224
706.8300	1621.5092
706.8300	1618.6586
707.0000	1615.9576
707.0300	1613.3926
707.0330	1610.9491
707.3695	1608.6124
707.3700	1606.3670
707.7060	1604.1970
707.7100	1602.0862
707.7254	1600.0181
707.7254	1597.9758
708.0000	1595.9424
708.0400	1593.9008
708.0424	1591.8339
708.3788	1589.7245
708.3800	1587.5556
708.6209	1585.3102
708.6209	1582.9716
708.7151	1580.5235
708.7200	1577.9497
709.0000	1575.2346
709.0500	1572.3630
709.0514	1569.3203
709.3877	1566.0925
709.3900	1562.6663
709.5164	1559.0293
709.5164	1555.1699
709.7200	1551.0773
709.7239	1546.7418
710.0000	1542.1550
710.0600	1537.3092
710.0600	1532.1983
710.3961	1526.8172
710.4000	1521.1623
710.4118	1515.2311
710.4118	1509.0229
710.7300	1502.5381
710.7321	1495.7787
711.0000	1488.7481
711.0681	1481.4512
711.0700	1473.8944
711.3073	1466.0857
711.3073	1458.0344
711.4000	1449.7512
711.4041	1441.2483
711.7400	1432.5391
711.7400	1423.6385
712.0000	1414.5624
712.0758	1405.3279
712.0800	1395.9531
712.2027	1386.4572
712.2027	1376.8601
712.4100	1367.1824
712.4116	1357.4454
712.7473	1347.6709
712.7500	1337.8809
713.0000	1328.0977
713.0800	1318.3438
713.0830	1308.6415
713.0982	1299.0131
713.0982	1289.4804
713.4187	1280.0649
713.4200	1270.7874
713.7500	1261.6683
713.7543	1252.7270
713.9937	1243.9820
713.9937	1235.4509
714.0000	1227.1501
714.0898	1219.0950
714.0900	1211.2995
714.4253	1203.7765
714.4300	1196.5372
714.7600	1189.5915
714.7608	1182.9478
714.8891	1176.6129
714.8891	1170.5923
715.0000	1164.8895
715.0962	1159.5067
715.1000	1154.4445
715.4300	1149.7019
715.4315	1145.2762
715.7668	1141.1633
715.7700	1137.3576
715.7846	1133.8521
715.7846	1130.6381
716.0000	1127.7060
716.1000	1125.0446
716.1021	1122.6416
716.4373	1120.4836
716.4400	1118.5560
716.6800	1116.8434
716.6800	1115.3294
716.7700	1113.9969
716.7724	1112.8279
717.0000	1111.8042
717.1075	1110.9065
717.1100	1110.1157
717.4400	1109.4118
717.4426	1108.7751
717.5755	1108.1853
717.5755	1107.6224
717.7776	1107.0664
717.7800	1106.4972
718.0000	1105.8954
718.1100	1105.2416
718.1125	1104.5169
718.4474	1103.7031
718.4500	1102.7824
718.4710	1101.7379
718.4710	1100.5533
718.7800	1099.2133
718.7823	1097.7035
719.0000	1096.0105
719.1171	1094.1221
719.1200	1092.0271
719.3664	1089.7156
719.3664	1087.1790
719.4500	1084.4099
719.4518	1081.4025
719.7865	1078.1521
719.7900	1074.6558
720.0000	1070.9119
720.1200	1066.9204
720.1212	1062.6827
720.2619	1058.2019
720.2619	1053.4824
720.4558	1048.5304
720.4600	1043.3535
720.7900	1037.9607
720.7903	1032.3627
721.0000	1026.5715
721.1200	1020.6006
721.1248	1014.4648
721.1573	1008.1803
721.1573	1001.7646
721.4593	995.2360
721.4600	988.6144
721.7900	981.9203
721.7937	975.1752
722.0000	968.4016
722.0528	961.6222
722.0528	954.8608
722.1280	948.1410
722.1300	941.4871
722.4600	934.9233
722.4623	928.4737
722.7966	922.1623
722.8000	916.0126
722.9483	910.0475
722.9483	904.2892
723.0000	898.7590
723.1300	893.4770
723.1308	888.4622
723.4600	883.7319
723.4650	879.3022
723.7991	875.1870
723.8000	871.3985
723.8437	867.9469
723.8437	864.8401
724.0000	862.0837
724.1300	859.6810
724.1331	857.6325
724.4671	855.9363
724.4700	854.5878
724.7392	853.5796
724.7392	852.9014
724.8000	852.5404
724.8011	852.4807
725.0000	852.7037
725.1300	853.1884
725.1350	853.9107
725.4688	854.8442
725.4700	855.9603
725.6346	857.2278
725.6346	858.6137
725.8000	860.0829
725.8026	861.5987
726.0000	863.1231
726.1364	864.6166
726.1400	866.0390
726.4700	867.3492
726.4701	868.5057
726.5301	869.4668
726.5301	870.1911
726.8000	870.6372
726.8038	870.7648
727.0000	870.5340
727.1374	869.9066
727.1400	868.8453
727.4256	867.3150
727.4256	865.2821
727.4700	862.7154
727.4709	859.5859
727.8000	855.8673
727.8044	851.5359
728.0000	846.5712
728.1379	840.9553
728.1400	834.6739
728.3210	827.7159
728.3210	820.0737
728.4700	811.7429
728.4713	802.7230
728.8000	793.0170
728.8047	782.6314
729.0000	771.5764
729.1380	759.8659
729.1400	747.5172
729.2165	734.5510
729.2165	720.9917
729.4700	706.8665
729.4712	692.2062
729.8000	677.0441
729.8044	661.4167
730.0000	645.3627
730.1119	628.9233
730.1119	612.1418
730.1376	595.0634
730.1400	577.7347
730.4700	560.2039
730.4707	542.5199
730.8000	524.7325
730.8037	506.8920
731.0000	489.0487
731.0074	471.2528
731.0074	453.5541
731.1368	436.0017
731.1400	418.6438
731.4697	401.5271
731.4700	384.6972
731.8000	368.1977
731.8026	352.0702
731.9029	336.3545
731.9029	321.0878
732.0000	306.3048
732.1355	292.0376
732.1400	278.3156
732.4683	265.1652
732.4700	252.6100
732.7983	240.6703
732.7983	229.3635
732.8000	218.7038
732.8010	208.7025
733.0000	199.3674
733.1300	190.7037
733.1337	182.7131
733.4664	175.3948
733.4700	168.7449
733.6938	162.7566
733.6938	157.4209
733.7990	152.7258
733.8000	148.6573
734.0000	145.1990
734.1300	142.3324
734.1316	140.0373
734.4600	138.2915
734.4641	137.0716
734.5892	136.3527
734.5892	136.1085
734.7965	136.3121
734.8000	136.9355
735.0000	137.9502
735.1289	139.3270
735.1300	141.0366
735.4600	143.0493
735.4613	145.3355
735.4847	147.8655
735.4847	150.6100
735.7900	153.5396
735.7936	156.6258
736.0000	159.8401
736.1259	163.1550
736.1300	166.5433
736.3801	169.9787
736.3801	173.4358
736.4581	176.8900
736.4600	180.3174
736.7900	183.6955
736.7902	187.0024
737.0000	190.2176
737.1200	193.3214
737.1223	196.2953
737.2756	199.1219
737.2756	201.7851
737.4500	204.2697
737.4544	206.5617
737.7864	208.6484
737.7900	210.5179
738.0000	212.1599
738.1183	213.5648
738.1200	214.7244
738.1711	215.6315
738.1711	216.2802
738.4500	216.6655
738.4503	216.7838
738.7800	216.6325
738.7821	216.2102
739.0000	215.5167
739.0665	214.5531
739.0665	213.3215
739.1100	211.8252
739.1139	210.0691
739.4457	208.0588
739.4500	205.8015
739.7774	203.3055
739.7800	200.5803
739.9620	197.6365
739.9620	194.4860
740.0000	191.1416
740.1090	187.6172
740.1100	183.9277
740.4400	180.0888
740.4406	176.1168
740.7700	172.0290
740.7722	167.8428
740.8574	163.5763
740.8574	159.2476
741.0000	154.8752
741.1000	150.4774
741.1037	146.0723
741.4351	141.6779
741.4400	137.3117
741.7529	132.9906
741.7529	128.7310
741.7666	124.5485
741.7700	120.4576
742.0000	116.4722
742.0979	112.6050
742.1000	108.8674
742.4292	105.2700
742.4300	101.8217
742.6484	98.5305
742.6484	95.4028
742.7600	92.4439
742.7605	89.6574
743.0000	87.0460
743.0900	84.6107
743.0917	82.3512
743.4200	80.2660
743.4228	78.3524
743.5438	76.6064
743.5438	75.0229
743.7500	73.5955
743.7539	72.3173
744.0000	71.1799
744.0800	70.1745
744.0850	69.2915
744.4160	68.5205
744.4200	67.8507
744.4393	67.2708
744.4393	66.7694
744.7469	66.3347
744.7500	65.9548
745.0000	65.6181
745.0778	65.3129
745.0800	65.0277
745.3347	64.7514
745.3347	64.4735
745.4087	64.1838
745.4100	63.8727
745.7395	63.5314
745.7400	63.1516
746.0000	62.7260
746.0700	62.2479
746.0702	61.7114
746.2302	61.1118
746.2302	60.4447
746.4000	59.7069
746.4009	58.8960
746.7300	58.0103
746.7316	57.0490
747.0000	56.0118
747.0600	54.8996
747.0622	53.7135
747.1257	52.4555
747.1257	51.1281
747.3900	49.7345
747.3927	48.2782
747.7200	46.7632
747.7232	45.1940
748.0000	43.5754
748.0211	41.9124
748.0211	40.2103
748.0500	38.4747
748.0537	36.7112
748.3800	34.9256
748.3841	33.1237
748.7100	31.3113
748.7144	29.4943
748.9166	27.6783
748.9166	25.8691
749.0000	24.0722
749.0400	22.2929
749.0447	20.5364
749.3700	18.8076
749.3750	17.1112
749.7051	15.4517
749.7100	13.8334
749.8120	12.2599
749.8120	10.7351
750.0000	9.2620
750.0353	7.8437
750.0400	6.4829
750.3654	5.1818
750.3700	3.9423
750.6954	2.7663
750.7000	1.6549
750.7075	0.6093
750.7075	0.0000
751.0000	0.0000
751.0254	0.0000
751.0300	0.0000
751.3554	0.0000
751.3600	0.0000
751.6030	0.0000
751.6030	0.0000
751.6853	0.0000
751.6900	0.0000
752.0000	0.0000
752.0151	0.0000
752.0200	0.0000
752.3400	0.0000
752.3449	0.0000
752.4984	0.0000
752.4984	0.0000
752.6700	0.0000
752.6746	0.0000
753.0000	0.0000
753.0043	0.0000
753.3300	0.0000
753.3340	0.0000
753.3939	0.0000
753.3939	0.0000
753.6600	0.0000
753.6636	0.0000
753.9900	0.0000
753.9931	0.0000
754.0000	0.0000
754.2893	0.0000
754.2893	0.0000
754.3200	0.0000
754.3226	0.0000
754.6500	0.0000
754.6520	0.0000
754.9800	0.0000
754.9814	0.0000
755.0000	0.0000
755.1848	0.0000
755.1848	0.0000
755.3100	0.0000
755.3107	0.0000
755.6400	0.0000
755.6400	0.0000
755.9693	0.0360
755.9700	0.2703
756.0000	0.4903
756.0803	0.6956
756.0803	0.8860
756.2985	1.0612
756.3000	1.2212
756.6276	1.3660
756.6300	1.4956
756.9567	1.6103
756.9600	1.7102
756.9757	1.7956
756.9757	1.8669
757.0000	1.9245
757.2857	1.9688
757.2900	2.0003
757.6100	2.0196
757.6147	2.0272
757.8712	2.0238
757.8712	2.0099
757.9400	1.9862
757.9436	1.9534
758.0000	1.9121
758.2700	1.8631
758.2725	1.8069
758.6000	1.7443
758.6013	1.6760
758.7666	1.6026
758.7666	1.5248
758.9300	1.4432
758.9301	1.3585
759.0000	1.2712
759.2588	1.1821
759.2600	1.0916
759.5875	1.0002
759.5900	0.9086
759.6621	0.8172
759.6621	0.7265
759.9161	0.6369
759.9200	0.5487
760.0000	0.4625
760.2400	0.3786
760.2447	0.2971
760.5575	0.2185
760.5576	0.1431
760.5700	0.0709
760.5733	0.0023
760.9000	0.0000
760.9017	0.0000
761.0000	0.0000
761.2300	0.0000
761.2302	0.0000
761.4530	0.0000
761.4530	0.0000
761.5585	0.0000
761.5600	0.0000
761.8869	0.0000
761.8900	0.0000
762.0000	0.0000
762.2151	0.0000
762.2200	0.0000
762.3485	0.0000
762.3485	0.0000
762.5400	0.0000
762.5433	0.0000
762.8700	0.0000
762.8715	0.0000
763.0000	0.0000
763.1996	0.0000
763.2000	0.0000
763.2439	0.0000
763.2439	0.0000
763.5277	0.0000
763.5300	0.0000
763.8557	0.0000
763.8600	0.0000
764.0000	0.0000
764.1394	0.0000
764.1394	0.0000
764.1800	0.0000
764.1837	0.0000
764.5100	0.0000
764.5116	0.0000
764.8395	0.0000
764.8400	0.0000
765.0000	0.0000
765.0348	0.0000
765.0348	0.0000
765.1673	0.0000
765.1700	0.0000
765.4951	0.0000
765.5000	0.0000
765.8200	0.0000
765.8228	0.0056
765.9303	0.0230
765.9303	0.0393
766.0000	0.0545
766.1500	0.0686
766.1504	0.0816
766.4780	0.0935
766.4800	0.1042
766.8056	0.1139
766.8100	0.1224
766.8258	0.1298
766.8258	0.1361
767.0000	0.1414
767.1300	0.1456
767.1331	0.1489
767.4600	0.1513
767.4606	0.1527
767.7212	0.1532
767.7212	0.1530
767.7880	0.1519
767.7900	0.1501
768.0000	0.1477
768.1153	0.1446
768.1200	0.1409
768.4400	0.1367
768.4427	0.1320
768.6167	0.1269
768.6167	0.1214
768.7699	0.1156
768.7700	0.1095
769.0000	0.1032
769.0971	0.0966
769.1000	0.0900
769.4200	0.0832
769.4243	0.0763
769.5121	0.0695
769.5121	0.0626
769.7500	0.0558
769.7514	0.0491
770.0000	0.0425
770.0784	0.0360
770.0800	0.0297
770.4054	0.0236
770.4076	0.0177
770.4076	0.0120
770.4100	0.0065
770.7300	0.0014
770.7324	0.0000
771.0000	0.0000
771.0593	0.0000
771.0600	0.0000
771.3031	0.0000
771.3031	0.0000
771.3861	0.0000
771.3900	0.0000
771.7100	0.0000
771.7129	0.0000
772.0000	0.0000
772.0397	0.0000
772.0400	0.0000
772.1985	0.0000
772.1985	0.0000
772.3664	0.0000
772.3700	0.0000
772.6900	0.0000
772.6930	0.0000
773.0000	0.0000
773.0196	0.0000
773.0200	0.0000
773.0940	0.0000
773.0940	0.0000
773.3461	0.0000
773.3500	0.0000
773.6700	0.0000
773.6726	0.0000
773.9894	0.0000
773.9894	0.0000
773.9991	0.0000
774.0000	0.0000
774.3255	0.0000
774.3300	0.0000
774.6500	0.0000
774.6518	0.0000
774.8849	0.0000
774.8849	0.0000
774.9781	0.0000
774.9800	0.0000
775.0000	0.0000
775.3000	0.0000
775.3043	0.0000
775.6300	0.0000
775.6305	0.0000
775.7804	0.0000
775.7804	0.0002
775.9567	0.0015
775.9600	0.0027
776.0000	0.0039
776.2800	0.0049
776.2827	0.0059
776.6088	0.0068
776.6100	0.0076
776.6758	0.0083
776.6758	0.0090
776.9300	0.0095
776.9347	0.0100
777.0000	0.0104
777.2600	0.0108
777.2607	0.0110
777.5713	0.0112
777.5713	0.0113
777.5866	0.0114
777.5900	0.0114
777.9100	0.0113
777.9124	0.0112
778.0000	0.0110
778.2382	0.0108
778.2400	0.0105
778.4667	0.0102
778.4667	0.0099
778.5600	0.0095
778.5639	0.0091
778.8896	0.0087
778.8900	0.0082
779.0000	0.0077
779.2152	0.0073
779.2200	0.0068
779.3622	0.0063
779.3622	0.0057
779.5400	0.0052
779.5408	0.0047
779.8663	0.0042
779.8700	0.0037
780.0000	0.0032
780.1900	0.0028
780.1917	0.0023
780.2577	0.0018
780.2577	0.0014
780.5172	0.0010
780.5200	0.0006
780.8400	0.0002
780.8425	0.0000
781.0000	0.0000
781.1531	0.0000
781.1531	0.0000
781.1678	0.0000
781.1700	0.0000
781.4900	0.0000
781.4931	0.0000
781.8183	0.0000
781.8200	0.0000
782.0000	0.0000
782.0486	0.0000
782.0486	0.0000
782.1400	0.0000
782.1435	0.0000
782.4686	0.0000
782.4700	0.0000
782.7900	0.0000
782.7937	0.0000
782.9440	0.0000
782.9440	0.0000
783.0000	0.0000
783.1187	0.0000
783.1200	0.0000
783.4400	0.0000
783.4436	0.0000
783.7685	0.0000
783.7700	0.0000
783.8395	0.0000
783.8395	0.0000
784.0000	0.0000
784.0900	0.0000
784.0934	0.0000
784.4182	0.0000
784.4200	0.0000
784.7350	0.0000
784.7350	0.0000
784.7400	0.0000
784.7429	0.0000
785.0000	0.0000
785.0676	0.0000
785.0700	0.0000
785.3900	0.0000
785.3923	0.0000
785.6304	0.0000
785.6304	0.0000
785.7169	0.0000
785.7200	0.0001
786.0000	0.0002
786.0400	0.0003
786.0414	0.0004
786.3659	0.0004
786.3700	0.0005
786.5259	0.0006
786.5259	0.0006
786.6900	0.0007
786.6904	0.0007
787.0000	0.0007
787.0100	0.0008
787.0148	0.0008
787.3391	0.0008
787.3400	0.0008
787.4213	0.0008
787.4213	0.0008
787.6600	0.0008
787.6634	0.0008
787.9876	0.0008
787.9900	0.0008
788.0000	0.0008
788.3100	0.0008
788.3118	0.0008
788.3168	0.0007
788.3168	0.0007
788.6359	0.0007
788.6400	0.0006
788.9600	0.0006
788.9600	0.0006
789.0000	0.0005
789.2122	0.0005
789.2122	0.0005
789.2800	0.0004
789.2841	0.0004
789.6080	0.0004
789.6100	0.0003
789.9300	0.0003
789.9320	0.0002
790.0000	0.0002
790.1077	0.0002
790.1077	0.0001
790.2558	0.0001
790.2600	0.0001
790.5797	0.0000
790.5800	0.0000
790.9000	0.0000
790.9035	0.0000
791.0000	0.0000
791.0032	0.0000
791.0032	0.0000
791.2272	0.0000
791.2300	0.0000
791.5500	0.0000
791.5508	0.0000
791.8700	0.0000
791.8745	0.0000
791.8986	0.0000
791.8986	0.0000
792.0000	0.0000
792.1980	0.0000
792.2000	0.0000
792.5200	0.0000
792.5216	0.0000
792.7941	0.0000
792.7941	0.0000
792.8450	0.0000
792.8500	0.0000
793.0000	0.0000
793.1684	0.0000
793.1700	0.0000
793.4900	0.0000
793.4918	0.0000
793.6895	0.0000
793.6895	0.0000
793.8151	0.0000
793.8200	0.0000
794.0000	0.0000
794.1384	0.0000
794.1400	0.0000
794.4600	0.0000
794.4616	0.0000
794.5850	0.0000
794.5850	0.0000
794.7800	0.0000
794.7847	0.0000
795.0000	0.0000
795.1078	0.0000
795.1100	0.0000
795.4300	0.0000
795.4309	0.0000
795.4805	0.0000
795.4805	0.0000
795.7500	0.0000
795.7539	0.0000
796.0000	0.0000
796.0768	0.0000
796.0800	0.0000
796.3759	0.0000
796.3759	0.0000
796.3997	0.0000
796.4000	0.0000
796.7200	0.0001
796.7226	0.0001
797.0000	0.0001
797.0454	0.0001
797.0500	0.0001
797.2714	0.0001
797.2714	0.0001
797.3681	0.0001
797.3700	0.0001
797.6900	0.0001
797.6908	0.0001
798.0000	0.0001
798.0100	0.0001
798.0135	0.0001
798.1668	0.0001
798.1668	0.0001
798.3361	0.0001
798.3400	0.0001
798.6586	0.0001
798.6600	0.0001
798.9800	0.0001
798.9811	0.0001
799.0000	0.0001
799.0623	0.0001
799.0623	0.0001
799.3000	0.0001
799.3035	0.0001
799.6259	0.0001
799.6300	0.0001
799.9482	0.0001
799.9500	0.0001
799.9578	0.0001
799.9578	0.0001
800.0000	0.0001
