339.86832	19.114375
340.2509644343084	33996.28125
340.6335677717954	185.6825
341.0161300043036	144.72312499999998
341.3986511236755	293.9972916666666
341.78113112175373	258.49916666666667
342.16356999038084	304.0095833333333
342.5459677213995	292.176875
342.92832430665214	7554.729166666667
343.3106397379815	1064.0335416666667
343.69291400723	286.715625
344.0751471062403	278.52375
344.45733902685504	406.863125
344.83948976091665	378.6466666666667
345.2215993002679	384.10791666666665
345.60366763675125	395.03041666666667
345.9856947622093	456.92458333333326
346.3676806684845	344.05875
346.74962534741974	366.81395833333335
347.1315287908573	481.5002083333334
347.51339099064	522.4595833333334
347.8952119386102	440.5408333333333
348.2769916266106	464.20625
348.6587300464838	1100.4418749999998
349.0404271900723	641.696875
349.4220830492187	641.696875
349.80369761576566	568.8802083333334
350.1852708815557	675.3745833333334
350.5668028384313	628.9539583333333
350.9482934782352	1004.8699999999999
351.32974279281	622.5825
351.71115077399816	655.35
352.0925174136422	789.1506250000001
352.47384270358486	705.4114583333334
352.8551266356687	606.19875
353.23636920173624	656.2602083333333
353.61757039363005	725.4360416666667
353.9987302031928	903.836875
354.379848622267	860.146875
354.76092564269516	738.1789583333334
355.14196125632	748.1912499999999
355.52295545498407	783.6893749999999
355.90390823052985	803.7139583333334
356.2848195748	938.4247916666667
356.6656894796371	764.5749999999999
357.04651793688373	795.5220833333333
357.4273049383824	726.34625
357.8080504759759	763.6647916666667
358.18875454150657	851.0447916666667
358.5694171268171	748.19125
358.9500382237499	773.6770833333334
359.3306178241479	787.3302083333333
359.7111559198534	795.5220833333333
360.0916525027091	725.4360416666667
360.47210756455746	743.6402083333332
360.85252109724127	792.7914583333335
361.23289309260286	736.3585416666666
361.61322354248495	716.3339583333333
361.99351243873014	725.4360416666667
362.37375977318095	934.7839583333334
362.75396553768	845.5835416666667
363.1341297240698	807.3547916666666
363.514252324193	675.3745833333334
363.8943333298922	646.2479166666667
364.27437273300995	863.7877083333333
364.65437052538874	751.8320833333333
365.03432669887127	702.6808333333333
365.4142412453001	716.3339583333333
365.7941141565177	1030.3558333333333
366.1739454243669	707.231875
366.55373504069	770.9464583333333
366.93348299732975	719.0645833333333
367.31318928612865	770.9464583333333
367.6928538989293	713.6033333333334
368.0724768275743	690.848125
368.4520580639063	848.3141666666667
368.83159759976763	821.918125
369.21109542700117	1133.2093750000001
369.59055153744936	837.3916666666665
369.9699659229547	739.999375
370.34933857536	722.7054166666667
370.72866948650767	712.6931249999999
371.10795864824024	733.6279166666667
371.4872060524004	827.379375
371.8664116908307	760.0239583333333
372.2455755553737	1504.5743750000001
372.6246976378721	795.5220833333333
373.00377793016827	864.6979166666666
373.38281642410493	823.7385416666666
373.76181311152465	839.2120833333333
374.14076798427	815.5466666666666
374.5196810341835	880.1714583333334
374.8985522531078	821.0079166666668
375.2773816328855	720.8850000000001
375.6561691653591	749.1014583333332
376.0349148423712	719.9747916666666
376.4136186557645	679.0154166666666
376.7922805973814	753.6525
377.17090065906456	669.9133333333333
377.5494788326565	669.9133333333333
377.92801511000005	803.7139583333334
378.3065094829374	907.4777083333333
378.6849619433114	690.8481250000001
379.0633724829646	872.8897916666666
379.4417410937395	739.999375
379.82006776747875	1332.545
380.1983524960249	716.3339583333333
380.57659527122047	683.5664583333332
380.9547960849082	709.9625
381.33295492893046	648.9785416666667
381.71107179513	769.1260416666668
382.08914667534935	725.4360416666665
382.467179561431	669.0031250000001
382.84517044521766	689.9379166666668
383.22311931855194	731.8075
383.60102617327624	790.9710416666667
383.97889100123325	960.2697916666666
384.35671379426554	699.9502083333333
384.73449454421575	734.538125
385.1122332429263	659.9010416666666
385.48992988224	780.9587500000001
385.8675844539992	663.541875
386.24519695004665	711.7829166666667
386.6227673622248	724.5258333333335
387.0002956823763	776.4077083333333
387.3777819023437	1013.061875
387.75522601396966	851.9549999999999
388.1326280090966	780.0485416666667
388.5099878795673	797.3425000000001
388.8873056172243	704.5012499999999
389.26458121391	658.0806249999999
389.6418146614671	726.3462499999999
390.0190059517382	688.1175
390.3961550765659	683.5664583333333
390.77326202779267	812.8160416666666
391.15032679726124	705.4114583333334
391.5273493768141	679.925625
391.9043297582938	761.844375
392.2812679335429	694.4889583333334
392.65816389440414	810.0854166666668
393.03501763272	769.1260416666668
393.41182914033305	799.1629166666667
393.7885984090858	716.3339583333333
394.165325430821	882.9020833333334
394.5420101973811	840.1222916666666
394.9186527006087	674.4643749999999
395.29525293234644	747.2810416666667
395.67181088443687	745.460625
396.04832654872257	778.228125
396.424799917046	907.4777083333333
396.80123098124994	697.2195833333334
397.1776197331769	862.8774999999999
397.5539661646694	794.611875
397.93027026757005	765.4852083333334
398.30653203372145	784.5995833333333
398.6827514549662	704.5012499999999
399.05892852314685	840.1222916666667
399.4350632301059	681.7460416666667
399.8111555676861	740.9095833333332
400.18720552772993	703.5910416666667
400.56321310207994	778.228125
400.9391782825788	734.538125
401.315101061069	751.8320833333332
401.6909814293932	824.64875
402.06681937939385	738.1789583333334
402.4426149029137	690.848125
402.8183679917953	754.5627083333334
403.19407863788103	727.2564583333333
403.56974683301377	733.6279166666667
403.94537256903584	661.7214583333333
404.32095583779	705.4114583333334
404.69649663111875	859.2366666666667
405.0719949408646	829.1997916666666
405.4474507588703	753.6525
405.82286407697836	823.7385416666666
406.1982348870312	727.2564583333333
406.57356318087164	798.2527083333334
406.94884895034215	685.386875
407.3240921872853	774.5872916666667
407.6992928835437	751.8320833333332
408.07445103095995	723.6156249999999
408.4495666213767	735.4483333333334
408.8246396466363	689.0277083333334
409.19967009858135	776.4077083333333
409.5746579690547	796.4322916666666
409.94960324989876	710.8727083333333
410.324505932956	772.7668749999999
410.69936601006924	798.2527083333334
411.07418347308095	791.88125
411.4489583138336	872.8897916666666
411.82369052417	872.8897916666666
412.1983800959325	780.9587499999999
412.5730270209638	796.4322916666666
412.9476312911065	726.34625
413.32219289820307	890.18375
413.6967118340962	796.4322916666666
414.0711880906285	865.6081250000001
414.4456216596423	796.4322916666666
414.8200125329805	931.1431249999999
415.19436070248554	844.6733333333333
415.56866615999996	843.7631250000001
415.94292889736636	923.8614583333334
416.3171489064274	851.9549999999999
416.6913261790256	991.2168750000001
417.0654607070035	932.0533333333333
417.43955248220374	1108.63375
417.81360149646883	1023.984375
418.1876077416415	1115.9154166666667
418.56157120956414	948.4370833333332
418.9354918920794	942.0656250000001
419.30936978103	1067.674375
419.68320486825826	1094.9806250000001
420.056997145607	1094.9806250000001
420.43074660491874	1124.1072916666667
420.80445323803593	1057.6620833333334
421.17811703680127	1226.0506249999999
421.55173799305726	1218.7689583333333
421.9253160986466	1183.2708333333333
422.2988513454117	1267.01
422.67234372519533	1368.9533333333336
423.04579322983994	1402.6310416666668
423.4191998511882	1574.6604166666666
423.79256358108256	1510.9458333333332
424.16588441136577	1589.2237499999999
424.5391623338803	2048.8789583333332
424.9123973404688	1727.5754166666666
425.2855894229737	1804.9431249999998
425.65873857323766	1849.5433333333333
426.03184478310334	1951.4866666666667
426.4049080444133	2199.0633333333335
426.77792834901	2363.811041666667
427.1509056887361	2293.7250000000004
427.5238400554342	2491.240208333333
427.8967314409469	2519.4566666666665
428.2695798371167	3012.789583333333
428.6423852357862	2924.499375
429.0151476287981	3172.98625
429.38786700799477	3898.4222916666663
429.76054336521895	3372.321875
430.13317669231316	3616.257708333333
430.50576698111996	3811.9524999999994
430.878314223482	4154.190833333333
431.25081841124177	4364.448958333333
431.623279536242	4880.537083333334
431.99569759032505	4682.111666666667
432.3680725653337	5190.918125
432.7404044531105	5451.237708333333
433.11269324549784	5576.846458333333
433.4849389343386	5885.407083333334
433.85714151147505	6234.016875
434.22930096874995	6484.324166666666
434.60141729800597	6972.195833333332
434.9734904910854	7166.0702083333335
435.3455205398311	7512.859583333334
435.71750743608555	7811.407916666667
436.08945117169117	8360.263541666665
436.4613517384908	8716.155
436.833209128327	9184.912291666666
437.2050233330421	9572.661041666666
437.57679434447897	9941.295416666666
437.94852215448	10618.490416666666
438.3202067548878	10713.152083333334
438.69184813754504	11349.387708333334
439.0634462942942	12026.582708333333
439.43500121697787	12410.690625000001
439.8065128974388	12719.251250000001
440.17798132751926	13322.719375
440.54940649906206	13795.1175
440.92078840390974	14451.377708333333
441.2921270339049	15085.792916666667
441.66342238089	15521.782708333334
442.0346744367077	16007.833958333335
442.4058831932006	16459.297291666666
442.7770486422113	17179.272083333333
443.1481707755823	17804.585208333334
443.5192495851562	18622.862500000003
443.89028506277566	18782.14895833333
444.26127720028313	19810.684375
444.6322259895213	20410.511666666665
445.00313142233273	20844.681041666667
445.37399349056	20987.58375
445.74481218604564	21424.48375
446.1155875006322	21963.327083333334
446.4863194261624	22116.242083333334
446.8570079544787	22789.796250000003
447.2276530774237	22572.256458333333
447.5982547868401	22851.690416666668
447.9688130745703	22709.697916666668
448.3393279324569	22415.700624999998
448.7097993523426	22344.704375
449.08022732607	22099.858333333334
449.45061184548155	21999.735416666666
449.82095290241983	21795.84875
450.1912504887275	21561.015
450.56150459624706	21222.4175
450.93171521682126	20736.366250000003
451.30188234229246	20525.197916666668
451.67200596450334	19481.188958333336
452.04208607529654	19119.836249999997
452.4121226665145	18155.015416666665
452.78211573	17825.52
453.15206525759544	17141.953541666666
453.52197124114343	16515.730208333334
453.8918336724866	15725.669375
454.2616525434675	15255.091666666667
454.6314278459287	15141.315625000001
455.0011595717129	14053.616666666669
455.37084771266245	13691.35375
455.74049226062016	13153.420624999999
456.11009320742846	12980.481041666666
456.47965054492994	12326.951458333335
456.8491642649673	11929.190416666665
457.21863435938303	11627.911458333334
457.5880608200197	11493.200625
457.95744363871995	11146.41125
458.3267828073262	10716.792916666667
458.69607831768127	10625.772083333331
459.0653301616276	10547.494166666665
459.43453833100773	10071.455208333333
459.8037028176643	9944.026041666666
460.17282361344	9610.889791666666
460.54190071017723	9726.48625
460.9109340997186	9403.362291666666
461.2799237739068	9143.952916666667
461.64886972458436	9144.863124999998
462.01777194359374	8915.490625
462.38663042277767	9149.414166666667
462.75544515397866	8418.516875
463.1242161290393	8182.772916666668
463.49294333980225	7967.053541666667
463.86162677810995	7760.436249999999
464.2302664358051	7654.852083333334
464.5988623047302	7255.270625
464.96741437672785	7097.8045833333335
465.3359226436407	7306.2422916666665
465.70438709731116	7177.902916666667
466.0728077295821	6654.533125000001
466.4411845322957	6428.801458333332
466.8095174972949	6354.164375
467.1778066164222	5891.778541666667
467.54605188151993	5729.761458333333
467.914253284431	5822.602708333333
468.2824108169978	5368.40875
468.65052447106297	5275.5675
469.0185942384692	5233.697916666667
469.38662011105873	5073.50125
469.75460208067443	4794.067291666667
470.1225401391589	4645.703333333333
470.49043427835454	4372.640833333334
470.85828449010404	4509.172083333334
471.22609076624997	4098.668125
471.5938530986349	4039.5045833333334
471.96157147910145	4127.794791666667
472.3292458994921	3946.6633333333334
472.69687635164945	3896.6018750000003
473.06446282741626	3922.9979166666667
473.4320053186349	3793.748333333333
473.7995038171479	3701.8172916666667
474.1669583147982	3648.1150000000002
474.5343688034279	4137.807083333333
474.90173527488	3544.3512499999997
475.26905772099684	3591.682083333333
475.63633613362094	3915.71625
476.0035705045952	3481.546875
476.3707608257619	3506.1225
476.7379070889637	3498.8408333333336
477.1050092860433	3396.8974999999996
477.4720674088431	3688.164166666667
477.8390814492057	3351.387083333333
478.2060513989739	3276.75
478.57297724998995	3216.6762500000004
478.9398589940967	3193.9210416666665
479.30669662313665	3277.6602083333332
479.67349012895227	3152.0514583333334
480.04023950338626	3323.170625
480.4069447382812	3103.8104166666667
480.77360582547965	3138.398333333333
481.1402227568242	3470.624375
481.5067955241573	3141.1289583333332
481.8733241193217	3061.030625
482.23980853416	3110.181875
482.60624876051463	3045.557083333333
482.97264479022823	3213.9456250000003
483.3389966151434	3146.5902083333335
483.70530422710266	3147.5004166666663
484.0715676179487	3112.002291666666
484.43778677952406	3077.4143750000003
484.80396170367123	3156.6024999999995
485.170092382233	3140.21875
485.53617880705167	3297.6847916666666
485.90222096996996	3568.0166666666664
486.2682188628305	3438.7670833333336
486.63417247747583	3183.90875
487.0000818057485	3625.3597916666663
487.36594683949113	3286.7622916666664
487.73176757054625	3445.1385416666667
488.09754399075644	3613.527083333333
488.46327609196436	3500.6612500000006
488.8289638660125	3506.1225
489.19460730474356	3537.0695833333334
489.56020639999997	4452.739166666666
489.9257611436244	3663.5885416666665
490.29127152745946	3734.5847916666667
490.65673754334756	3789.197291666667
491.0221591831315	3846.5404166666667
491.3875364386538	3988.532916666667
491.75286930175685	4013.1085416666665
492.11815776428347	4515.543541666667
492.4834018180762	4519.184375
492.8486014549774	4267.056666666666
493.21375666683	4517.363958333332
493.5788674454763	4501.890416666667
493.94393378275896	5058.937916666667
494.30895567052073	4795.887708333334
494.67393310060385	4868.704375
495.0388660648512	5002.505
495.4037545551053	5267.375625
495.76859856320857	5336.551458333334
496.1333980810037	5619.62625
496.49815310033335	5567.744374999999
496.8628636130399	5845.357916666667
497.22752961096626	5722.479791666668
497.59215108595464	5852.639583333334
497.95672802984774	5986.440208333333
498.3212604344883	6457.017916666667
498.6857482917187	6214.9025
499.05019159338167	6458.838333333333
499.4145903313197	6650.892291666667
499.7789444973753	6692.761875
500.14325408339124	7080.510625
500.50751908121	6857.509583333333
500.8717394826741	7055.935
501.2359152796262	7220.682708333334
501.6000464639089	7330.817916666667
501.9641330273647	7581.125208333334
502.3281749618363	7808.677291666667
502.69217225916606	7707.644166666668
503.0561249111968	8032.588541666667
503.42003290977095	7985.2577083333335
503.78389624673116	8127.250208333334
504.14771491391997	8271.063125
504.51148890318	8540.484791666668
504.8752182063538	8821.739166666666
505.238902815284	8642.428125
505.60254272181305	8800.804375
505.9661379177837	8964.641875
506.3296883950385	9166.708125
506.69319414541985	9120.287499999999
507.05665516077056	10366.362708333334
507.42007143293307	9498.023958333333
507.78344295374995	9634.555208333333
508.14676971506384	10166.116875
508.51005170871747	9718.294375
508.8732889265531	9832.980625000002
509.2364813604135	9927.642291666669
509.5996290021412	10163.38625
509.9627318435789	10215.268125
510.325789876569	10356.350416666668
510.6888030929541	10374.554583333333
511.051771484577	10332.685
511.41469504328	10516.547083333333
511.77757376090574	10556.59625
512.1404076292971	10608.478125000001
512.5031966402962	10756.842083333333
512.8659407857458	10897.924374999999
513.2286400574887	10927.051041666666
513.5912944473672	11066.312916666668
513.953903947224	10901.565208333333
514.3164685489018	11001.688125
514.6789882442428	10937.063333333334
515.04146302509	11023.533125000002
515.4038928832857	11241.983125
515.7662778106726	11402.179791666667
516.1286177990931	11330.273333333333
516.4909128403904	11363.951041666665
516.8531629264063	11694.356666666667
517.2153680489837	11393.987916666667
517.5775281999652	11341.195833333333
517.9396433711935	11416.743125
518.3017135545108	11453.151458333334
518.66373874176	11427.665625
519.0257189247836	11447.690208333333
519.3876540954242	11537.800833333335
519.7495442455245	11597.874583333332
520.1113893669268	11499.572083333333
520.4731894514738	11490.470000000001
520.8349444910081	11542.351875
521.1966544773722	11537.800833333335
521.558319402409	11415.832916666666
521.9199392579607	11495.021041666667
522.28151403587	11546.902916666666
522.6430437279796	11701.638333333334
523.0045283261317	11345.746874999999
523.3659678221695	11351.208125
523.7273622079351	11376.693958333335
524.0887114752712	11424.935
524.4500156160204	11161.884791666665
524.8112746220253	11335.734583333333
525.1724884851286	11173.7175
525.5336571971726	11993.815208333333
525.8947807500001	11172.807291666666
526.2558591354534	10982.573749999998
526.6168923453754	11167.346041666666
526.9778803716086	10932.512291666666
527.3388232059956	11125.476458333333
527.6997208403786	12746.5575
528.0605732666008	10925.230625000002
528.4213804765045	10980.753333333334
528.782142461932	11031.725
529.1428592147264	11039.006666666668
529.50353072673	10826.928125
529.8641569897852	10748.650208333333
530.224737995735	11116.374375
530.5852737364216	10739.548125
530.9457642036878	10799.621874999999
531.3062093893762	10715.882708333333
531.6666092853293	10453.742708333333
532.0269638833895	10602.106666666667
532.3872731753997	10632.143541666666
532.7475371532023	10423.705833333333
533.10775580864	10191.602708333334
533.4679291335551	10278.982708333331
533.8280571197906	10279.892916666666
534.1881397591887	10342.697291666665
534.5481770435923	10116.055416666668
534.9081689648438	10059.622500000001
535.2681155147857	9929.462708333333
535.6280166852607	9923.09125
535.9878724681114	10134.259583333333
536.3476828551802	9781.09875
536.7074478383099	10125.1575
537.0671674093431	9639.106249999999
537.4268415601222	9600.8775
537.7864702824897	9477.089166666667
538.1460535682887	9414.284791666665
538.5055914093612	9427.027708333333
538.8650837975499	9394.260208333333
539.2245307246978	9208.577708333332
539.5839321826469	9267.741250000001
539.9432881632401	9056.572916666666
540.30259865832	9177.630625
540.6618636597291	9076.597499999998
541.0210831593098	8862.698541666667
541.380257148905	8891.825208333334
541.7393856203572	8773.498125
542.0984685655087	8798.073750000001
542.4575059762025	8831.751458333334
542.8164978442809	8541.394999999999
543.1754441615866	8494.974375
543.5343449199621	8514.998958333332
543.89320011125	8335.687916666668
544.2520097272928	8265.601875
544.6107737599334	8149.095208333332
544.9694922010141	8106.315416666667
545.3281650423775	8018.935416666666
545.6867922758662	8030.768125
546.0453738933229	7760.43625
546.40390988659	7798.665
546.7624002475101	7981.616875
547.1208449679259	7845.995833333333
547.4792440396799	7590.227291666667
547.8375974546148	7555.639375
548.195905204573	7860.559166666666
548.5541672813971	7284.397291666667
548.91238367693	7390.891666666666
549.2705543830137	7329.907708333333
549.6286793914913	7308.972916666667
549.986758694205	7198.837708333333
550.3447922829978	7139.674166666667
550.702780149712	7166.980416666666
551.0607222861901	6910.301666666666
551.4186186842746	6988.579583333333
551.7764693358087	6886.63625
552.1342742326343	6850.227916666667
552.4920333665942	6842.946250000001
552.8497467295313	6818.3706250000005
553.2074143132876	6762.847916666667
553.565036109706	6743.733541666666
553.9226121106294	6675.467916666666
554.2801423078997	6602.65125
554.63762669336	6548.03875
554.9950652588526	6475.222083333333
555.3524579962202	6506.169166666667
555.7098048973054	6431.532083333333
556.0671059539508	6438.81375
556.4243611579986	6264.053749999999
556.7815705012921	6336.870416666666
557.1387339756732	6305.923333333333
557.495851572985	6131.163333333333
557.8529232850698	6231.28625
558.20994910377	6067.44875
558.5669290209286	6128.432708333334
558.9238630283878	6102.036666666667
559.2807511179905	5969.146250000001
559.6375932815791	5951.852291666667
559.9943895109963	5948.211458333334
560.3511397980844	5942.750208333334
560.7078441346864	6005.5545833333335
561.0645025126445	5869.933541666666
561.4211149238015	5913.623541666667
561.77768136	5858.100833333333
562.1342018130823	5696.083750000001
562.4906762748914	5739.77375
562.8471047372697	5840.806875000001
563.2034871920595	5623.267083333333
563.5598236311037	5656.944791666666
563.9161140462448	6177.583958333334
564.2723584293254	5831.704791666667
564.6285567721882	5539.527916666667
564.9847090666755	5578.666875
565.34081530463	5489.466458333333
565.6968754778943	5767.079999999999
566.052889578311	5762.528958333333
566.4088575977227	6121.151041666667
566.7647795279719	5447.596875
567.1206553609012	5383.882291666667
567.4764850883533	5208.212083333333
567.8322687021706	5345.653541666667
568.1880061941957	5413.008958333333
568.5436975562714	5377.510833333334
568.89934278024	5448.507083333333
569.2549418579441	5344.743333333333
569.6104947812267	5382.972083333333
569.9660015419297	5244.620416666666
570.3214621318963	5095.34625
570.6768765429688	5159.971041666667
571.0322447669896	5063.488958333333
571.3875667958016	4970.647708333333
571.7428426212473	5218.224375000001
572.0980722351692	4919.676041666667
572.45325562941	5024.349999999999
572.8083927958121	4927.867916666667
573.1634837262183	5029.81125
573.5185284124709	4802.259166666667
573.8735268464127	4747.6466666666665
574.2284790198863	4879.626875
574.5833849247341	4679.3810416666665
574.9382445527988	4769.491666666668
575.293057895923	4662.997291666667
575.6478249459491	4545.580416666667
576.0025456947199	4619.307291666667
576.357220134078	4589.270416666666
576.7118482558658	4669.368750000001
577.066430051926	4483.68625
577.4209655141011	4525.555833333333
577.7754546342337	4578.347916666667
578.1298974041664	4417.241041666667
578.4842938157419	4472.763749999999
578.8386438608024	4439.99625
579.192947531191	4279.799583333333
579.54720481875	4295.273125000001
579.9014157153218	4230.6483333333335
580.2555802127495	4147.819375
580.609698302875	4166.93375
580.9637699775415	4048.6066666666666
581.3177952285913	3983.0716666666667
581.6717740478667	3880.218125
582.0257064272109	3973.0593750000003
582.3795923584662	3920.267291666667
582.7334318334749	3993.994166666667
583.08722484408	4082.2843750000006
583.4409713821237	4028.5820833333332
583.794671439449	3730.03375
584.1483250078983	3915.71625
584.501932079314	3628.0904166666664
584.8554926455387	3680.8824999999997
585.2090066984154	3730.03375
585.5624742297861	3621.7189583333334
585.9158952314937	3584.400416666666
586.2692696953808	3550.7227083333332
586.6225976132899	3435.12625
586.9758789770636	3474.265208333333
587.3291137785446	3515.224583333333
587.6823020095754	3406.9097916666665
588.0354436619982	3374.142291666667
588.3885387276563	3279.480625
588.7415871983918	3239.431458333334
589.0945890660471	3257.6356250000003
589.4475443224653	3183.90875
589.8004529594888	3230.329375
590.15331496896	3247.6233333333334
590.5061303427216	3290.4031249999994
590.8588990726163	3118.37375
591.2116211504864	3153.8718750000003
591.5642965681747	3240.3416666666667
591.9169253175238	3048.2877083333333
592.269507390376	2990.9445833333334
592.6220427785742	2972.740416666667
592.974531473961	2864.425625
593.3269734683787	3180.267916666666
593.6793687536699	2981.8425
594.0317173216775	2917.217708333333
594.3840191642438	2884.450208333333
594.7362742732114	2771.584375
595.0884826404231	2868.0664583333332
595.4406442577213	2814.3641666666663
595.7927591169484	2820.735625
596.1448272099474	2710.6004166666667
596.4968485285606	2834.38875
596.8488230646306	2651.436875
597.2007508099999	2665.09
597.5526317565115	2702.408541666666
597.9044658960074	3700.907083333333
598.2562532203306	2719.7025
598.6079937213235	2604.1060416666664
598.9596873908287	2538.5710416666666
599.3113342206889	2542.2118750000004
599.6629342027466	2619.5795833333336
600.0144873288441	3429.6649999999995
600.3659935908244	2528.55875
600.71745298053	2382.925416666667
601.0688654898032	2400.219375
601.4202311104871	2489.4197916666667
601.7715498344237	2335.5945833333335
602.1228216534558	2646.8858333333333
602.4740465594261	2451.1910416666665
602.8252245441772	2360.170208333333
603.1763555995517	2208.1654166666667
603.5274397173916	2220.9083333333333
603.8784768895403	2353.79875
604.22946710784	2203.6143749999997
604.5804103641332	2172.6672916666666
604.9313066502625	2532.1995833333335
605.2821559580708	2209.075625
605.6329582794003	2341.0558333333333
605.9837136060937	2162.655
606.3344219299937	2087.1077083333334
606.6850832429426	2301.0066666666667
607.0356975367833	2079.8260416666667
607.3862648033582	2744.2781250000003
607.73678503451	2101.671041666667
608.0872582220811	2114.413958333333
608.4376843579142	2047.96875
608.7880634338519	2276.4310416666663
609.1383954417366	2000.6379166666666
609.4886803734113	1989.7154166666667
609.838918220718	2035.2258333333332
610.1891089754997	1941.474375
610.5392526295989	1836.8004166666667
610.8893491748582	1995.1766666666665
611.2393986031199	1964.2295833333335
611.589400906227	1892.323125
611.9393560760218	1799.4818750000002
612.289264104347	1826.788125
612.6391249830451	1892.323125
612.9889387039588	1857.7352083333335
613.3387052589305	1856.825
613.6884246398027	1792.200208333333
614.0380968384185	1763.98375
614.38772184662	1740.3183333333334
614.7372996562499	1724.8447916666664
615.0868302591509	1748.5102083333334
615.4363136471654	1774.90625
615.785749812136	1856.825
616.1351387459055	1779.4572916666668
616.4844804403161	1757.6122916666666
616.8337748872108	1766.7143750000002
617.1830220784319	1710.2814583333331
617.5322220058221	1645.6566666666668
617.8813746612238	1669.3220833333335
618.2304800364799	1748.5102083333331
618.5795381234328	1615.6197916666667
618.9285489139249	1763.98375
619.2775123997992	1771.2654166666664
619.6264285728979	1690.256875
619.9752974250638	1611.9789583333331
620.3241189481392	1571.0195833333335
620.6728931339671	1645.6566666666668
621.0216199743898	1639.2852083333335
621.3702994612498	1615.6197916666667
621.71893158639	1611.9789583333331
622.0675163416527	1566.4685416666669
622.4160537188806	1561.0072916666668
622.7645437099163	1585.5829166666665
623.1129863066024	1549.1745833333332
623.4613815007812	1607.4279166666665
623.8097292842956	1592.8645833333333
624.1580296489882	1554.6358333333335
624.5062825867013	1549.1745833333334
624.8544880892778	1529.1500000000003
625.20264614856	1534.61125
625.5507567563906	1481.8191666666664
625.8988199046122	1483.6395833333333
626.2468355850674	1543.7133333333331
626.5948037895986	1453.6027083333336
626.9427245100487	1450.8720833333334
627.2905977382602	1514.5866666666668
627.6384234660752	1594.6850000000002
627.9862016853368	1582.8522916666668
628.3339323878878	1472.7170833333337
628.6816155655699	1405.3616666666665
629.0292512102264	1510.0356250000002
629.3768393136999	2157.1937500000004
629.7243798678326	1514.5866666666668
630.071872864467	1886.8618749999998
630.4193182954463	1562.8277083333332
630.7667161526125	1467.2558333333334
631.1140664278083	1377.1452083333334
631.4613691128765	1442.6802083333332
631.8086241996596	1387.1575
632.1558316799999	1595.5952083333334
632.5029915457404	1370.77375
632.8501037887233	1479.99875
633.1971684007915	1476.3579166666668
633.5441853737874	1359.8512500000002
633.8911546995539	1280.663125
634.2380763699327	1338.9164583333331
634.5849503767676	1511.8560416666667
634.9317767119002	1378.9656249999998
635.2785553671735	1345.2879166666664
635.6252863344299	1429.0270833333334
635.9719696055123	1304.3285416666665
636.318605172263	1350.7491666666665
636.6651930265247	1317.0714583333333
637.0117331601399	1334.3654166666665
637.3582255649512	1269.7406250000001
637.7046702328013	1399.9004166666666
638.0510671555326	1373.5043750000002
638.3974163249877	1330.7245833333334
638.7437177330092	1279.7529166666666
639.08997137144	2699.6779166666665
639.4361772321222	1407.1820833333331
639.7823353068986	1292.4958333333332
640.1284455876117	1349.8389583333335
640.4745080661042	1240.6139583333334
640.8205227342187	1317.0714583333336
641.1664895837977	1218.7689583333333
641.5124086066837	1202.3852083333334
641.8582797947192	1235.1527083333333
642.2041031397473	1358.9410416666667
642.54987863361	1197.8341666666668
642.8956062681501	1222.4097916666667
643.2412860352101	1313.430625
643.586917926633	1221.4995833333332
643.9325019342607	1193.283125
644.2780380499362	1213.3077083333335
644.623526265502	1101.3520833333332
644.9689665728008	1223.32
645.3143589636749	1327.08375
645.6597034299672	1225.1404166666669
646.00499996352	1308.8795833333334
646.3502485561759	1469.986458333333
646.6954491997778	1154.1441666666667
647.040601886168	1144.1318749999998
647.385706607189	1168.7075
647.7307633546837	1124.1072916666665
648.0757721204944	1163.24625
648.4207328964637	1097.71125
648.7656456744345	1143.2216666666666
649.1105104462491	1182.360625
649.4553272037499	1068.5845833333335
649.8000959387799	1121.3766666666668
650.1448166431815	1355.3002083333333
650.4894893087971	1226.050625
650.8341139274694	1156.8747916666666
651.1786904910413	1084.9683333333332
651.5232189913548	1138.670625
651.867699420253	1065.8539583333334
652.2121317695781	1097.71125
652.5565160311729	1094.0704166666667
652.9008521968799	1094.0704166666667
653.2451402585418	1084.0581249999998
653.589380208001	1154.1441666666667
653.9335720371001	1192.3729166666667
654.2777157376819	1132.2991666666667
654.6218113015888	1153.2339583333335
654.9658587206632	1021.25375
655.3098579867482	1240.6139583333334
655.6538090916857	1054.9314583333335
655.9977120273187	1059.4824999999998
656.34156678549	1009.4210416666666
656.6853733580418	1239.70375
657.0291317368166	987.5760416666666
657.3728419136573	1194.1933333333334
657.7165038804063	1028.5354166666666
658.0601176289063	1035.8170833333331
658.4036831509995	1052.2008333333333
658.7472004385293	966.64125
659.0906694833374	1273.3814583333333
659.4340902772667	1077.6866666666665
659.77746281216	1115.9154166666665
660.1207870798596	1246.0752083333334
660.4640630722082	1046.7395833333333
660.8072907810484	981.2045833333333
661.1504701982227	1125.9277083333334
661.4936013155738	1062.213125
661.8366841249441	963.910625
662.1797186181763	1081.3275
662.5227047871128	1021.25375
662.8656426235966	1170.5279166666667
663.2085321194701	1083.1479166666666
663.5513732665754	995.7679166666667
663.8941660567558	957.5391666666668
664.2369104818536	971.1922916666666
664.5796065337111	952.9881249999999
664.9222542041712	949.3472916666666
665.2648534850765	1020.3435416666666
665.6074043682694	1157.785
665.9499068455925	1056.751875
666.2923609088887	1015.7924999999999
666.63476655	980.2943750000001
666.9771237607694	942.9758333333333
667.3194325330395	1059.4825
667.6616928586526	1041.2783333333334
668.0039047294514	928.4125
668.3460681372787	1064.0335416666667
668.6881830739768	1039.4579166666665
669.0302495313884	981.2045833333333
669.3722675013561	1356.2104166666666
669.7142369757223	1106.8133333333333
670.0561579463299	920.220625
670.3980304050212	989.3964583333333
670.7398543436391	1050.3804166666666
671.0816297540256	940.2452083333334
671.4233566280238	1348.92875
671.7650349574764	1013.061875
672.1066647342252	960.2697916666666
672.4482459501136	1010.3312499999998
672.7897785969838	1329.814375
673.1312626666784	954.8085416666667
673.4726981510399	975.7433333333333
673.8140850419113	1009.4210416666666
674.1554233311347	847.4039583333333
674.4967130105528	947.5268749999999
674.8379540720083	932.9635416666666
675.1791465073437	1217.85875
675.5202903084016	1178.7197916666667
675.8613854670248	921.1308333333333
676.2024319750553	919.3104166666667
676.5434298243362	995.7679166666667
676.88437900671	1064.0335416666667
677.2252795140191	971.1922916666667
677.5661313381062	998.4985416666667
677.9069344708139	881.0816666666666
678.2476889039847	945.7064583333334
678.5883946294612	910.2083333333334
678.9290516390861	881.0816666666666
679.2696599247018	979.3841666666667
679.6102194781508	976.6535416666667
679.9507302912762	843.7631250000001
680.29119235592	993.9475000000001
680.631605663925	955.71875
680.9719702071338	892.914375
681.312285977389	970.2820833333334
681.6525529665331	1041.2783333333334
681.9927711664087	1001.2291666666666
682.3329405688585	872.8897916666668
682.6730611657248	887.453125
683.0131329488505	1040.368125
683.353155910078	853.7754166666667
683.6931300412499	1005.7802083333332
684.0330553342089	869.2489583333332
684.3729317807973	945.7064583333334
684.7127593728582	942.0656250000001
685.0525381022335	933.8737500000001
685.3922679607663	838.301875
685.7319489402989	955.71875
686.0715810326739	953.8983333333332
686.4111642297341	933.8737500000001
686.750698523322	799.1629166666667
687.0901839052799	808.265
687.4296203674508	821.0079166666668
687.7690079016771	930.2329166666667
688.1083464998012	945.7064583333334
688.4476361536658	821.0079166666666
688.7868768551137	854.6856250000001
689.1260685959872	851.0447916666667
689.465211368129	876.530625
689.8043051633817	986.6658333333334
690.1433499735879	872.8897916666666
690.48234579059	1613.7993749999998
690.8212926062307	1349.8389583333335
691.1601904123526	861.0570833333333
691.4990392007982	870.1591666666667
691.8378389634104	798.2527083333334
692.1765896920311	802.80375
692.5152913785035	824.64875
692.8539440146701	834.6610416666666
693.1925475923734	1024.8945833333335
693.5311021034557	932.9635416666666
693.86960753976	2407.5010416666664
694.2080638931286	1031.2660416666668
694.5464711554041	787.3302083333333
694.8848293184293	808.265
695.2231383740468	937.5145833333332
695.5613983140987	807.3547916666666
695.899609130428	719.0645833333333
696.2377708148773	831.0202083333334
696.5758833592889	771.8566666666667
696.9139467555057	882.9020833333334
697.25196099537	861.0570833333333
697.5899260707245	939.335
697.9278419734118	960.2697916666666
698.2657086952745	770.03625
698.603526228155	992.1270833333333
698.9412945638961	1078.596875
699.2790136943405	837.3916666666668
699.6166836113304	832.8406249999999
699.9543043067085	894.7347916666668
700.2918757723176	1009.4210416666666
700.629398	964.8208333333333
700.9668709815984	858.3264583333333
701.3042947089555	861.0570833333335
701.6416691739137	1004.87
701.9789943683154	1003.9597916666667
702.3162702840036	838.301875
702.6534969128209	810.995625
702.9906742466095	764.5749999999999
703.3278022772121	910.2083333333334
703.6648809964715	786.4200000000001
704.00191039623	733.6279166666667
704.3388904683302	791.88125
704.6758212046151	729.0768750000001
705.0127025969267	942.9758333333333
705.3495346371078	790.0608333333333
705.6863173170012	912.0287500000001
706.0230506284493	831.9304166666666
706.3597345632945	779.1383333333333
706.6963691133798	826.4691666666666
707.0329542705473	731.8075
707.3694900266399	847.4039583333333
707.7059763735002	800.9833333333332
708.0424133029707	808.265
708.3788008068938	791.8812499999999
708.7151388771123	874.7102083333333
709.0514275054688	744.5504166666666
709.3876666838056	898.375625
709.7238564039657	794.611875
710.0599966577913	762.7545833333334
710.3960874371253	888.3633333333333
710.73212873381	818.2772916666667
711.0681205396882	1240.6139583333334
711.4040628466022	21124.115
711.7399556463948	1857.7352083333335
712.0757989309087	839.2120833333333
712.4115926919862	836.4814583333333
712.7473369214699	765.4852083333334
713.0830316112028	766.3954166666666
713.418676753027	791.8812499999999
713.7542723387851	808.265
714.08981836032	708.1420833333333
714.425314809474	909.2981249999999
714.7607616780898	767.305625
715.09615895801	730.8972916666667
715.4315066410772	740.9095833333334
715.7668047191336	812.8160416666666
716.1020531840225	792.7914583333333
716.4372520275859	743.6402083333332
716.7724012416666	791.8812499999999
717.107500818107	728.1666666666666
717.44255074875	769.1260416666668
717.777551025438	697.2195833333334
718.1125016400134	743.6402083333332
718.4474025843191	696.3093749999999
718.7822538501974	846.4937500000001
719.1170554294912	839.2120833333333
719.4518073140429	703.5910416666667
719.7865094956949	828.2895833333332
720.1211619662901	760.0239583333333
720.4557647176711	816.456875
720.7903177416799	709.9625
721.1248210301598	792.7914583333335
721.459274574953	834.6610416666666
721.7936783679021	788.2404166666666
722.1280324008497	760.9341666666668
722.4623366656388	766.3954166666666
722.7965911541114	816.456875
723.13079585811	1115.0052083333333
723.4649507694777	942.0656250000001
723.7990558800569	738.1789583333334
724.13311118169	779.1383333333333
724.4671166662197	695.3991666666667
724.8010723254887	725.4360416666667
725.1349781513393	725.4360416666667
725.4688341356142	837.3916666666665
725.8026402701563	729.0768750000001
726.1363965468076	734.538125
726.4701029574111	794.6118749999999
726.8037594938094	796.4322916666666
727.1373661478447	818.2772916666667
727.4709229113599	765.4852083333334
727.8044297761977	648.0683333333333
728.1378867342002	666.2725
728.4712937772103	748.19125
728.8046508970707	688.1175
729.1379580856236	727.2564583333333
729.4712153347119	738.1789583333333
729.8044226361783	772.7668749999999
730.137579981865	771.8566666666667
730.4706873636146	743.6402083333332
730.80374477327	803.7139583333334
731.1367522026735	859.2366666666667
731.4697096436678	739.9993749999999
731.8026170880954	920.2206249999999
732.1354745277993	900.1960416666667
732.4682819546213	777.3179166666667
732.8010393604045	831.0202083333334
733.1337467369915	972.1025
733.4664040762245	810.0854166666667
733.7990113699465	742.7299999999999
734.1315686099999	774.5872916666667
734.4640757882273	906.5675
734.7965328964714	811.9058333333332
735.1289399265746	767.305625
735.4612968703796	688.1175
735.7936037197286	951.1677083333334
736.1258604664649	743.6402083333332
736.4580671024305	747.2810416666666
736.7902236194681	732.7177083333332
737.1223300094205	704.5012499999999
737.45438626413	691.7583333333333
737.7863923754393	730.8972916666667
738.118348335191	642.6070833333333
738.4502541352277	706.3216666666667
738.7821097673918	794.611875
739.1139152235262	749.1014583333334
739.4456704954733	849.2243750000001
739.7773755750756	802.80375
740.1090304541757	729.0768750000001
740.4406351246164	750.921875
740.7721895782399	952.0779166666667
741.1036938068892	835.57125
741.4351478024066	687.2072916666666
741.7665515566348	858.3264583333333
742.0979050614163	973.9229166666668
742.4292083085937	868.3387499999999
742.7604612900096	841.9427083333334
743.0916639975067	840.1222916666667
743.4228164229273	764.5750000000002
743.7539185581142	663.541875
744.0849703949099	803.7139583333333
744.4159719251571	799.1629166666667
744.7469231406983	724.5258333333333
745.0778240333758	815.5466666666666
745.4086745950326	654.4397916666667
745.7394748175113	908.3879166666666
746.0702246926539	717.2441666666667
746.4009242123037	766.3954166666666
746.731573368303	780.9587499999999
747.0621721524942	761.844375
747.39272055672	735.4483333333334
747.723218572823	756.383125
748.0536661926458	764.5749999999999
748.384063408031	699.9502083333333
748.7144102108211	719.9747916666666
749.0447065928587	834.6610416666667
749.3749525459865	667.1827083333334
749.7051480620469	800.073125
750.0352931328825	738.1789583333333
750.365387750336	818.2772916666667
750.6954319062501	753.6525
751.025425592467	729.9870833333333
751.3553688008293	707.2318750000001
751.6852615231801	694.4889583333334
752.0151037513616	770.03625
752.3448954772161	800.9833333333332
752.6746366925869	937.5145833333332
753.004327389316	894.7347916666668
753.333967559246	1156.8747916666669
753.66355719422	813.72625
753.99309628608	695.3991666666666
754.3225848266688	810.995625
754.652022807829	739.0891666666666
754.9814102214033	750.921875
755.3107470592339	739.999375
755.6400333131637	789.1506249999999
755.9692689750353	796.4322916666666
756.298454036691	759.11375
756.6275884899737	774.5872916666667
756.9566723267259	738.1789583333333
757.28570553879	818.2772916666668
757.6146881180086	879.26125
757.9436200562246	668.0929166666666
758.2725013452803	670.8235416666666
758.6013319770183	913.8491666666665
758.9301119432813	798.2527083333333
759.2588412359117	682.65625
759.5875198467521	657.1704166666667
759.9161477676453	828.2895833333333
760.2447249904338	728.1666666666666
760.5732515069599	699.04
760.9017273090666	739.0891666666666
761.2301523885964	902.0164583333334
761.5585267373914	785.5097916666667
761.8868503472946	745.460625
762.2151232101487	819.1875
762.5433453177961	831.9304166666667
762.8715166620792	843.7631250000001
763.1996372348409	621.6722916666666
763.5277070279236	838.3018750000001
763.85572603317	752.7422916666666
764.1836942424226	763.6647916666667
764.5116116475239	867.4285416666667
764.8394782403163	766.3954166666667
765.1672940126431	726.3462499999999
765.4950589563462	714.5135416666667
765.8227730632684	785.5097916666667
766.1504363252524	776.4077083333333
766.4780487341407	831.9304166666667
766.8056102817754	779.1383333333333
767.13312096	843.7631250000001
767.4605807606565	722.7054166666667
767.7879896755875	715.42375
768.1153476966355	851.9549999999999
768.4426548156436	855.5958333333333
768.7699110244537	836.4814583333333
769.0971163149088	946.6166666666667
769.4242706788516	770.9464583333333
769.7513741081242	806.4445833333333
770.0784265945695	675.3745833333334
770.40542813003	831.0202083333334
770.7323787063482	757.2933333333334
771.059278315367	901.1062499999999
771.3861269489287	863.7877083333333
771.7129245988758	891.0939583333334
772.0396712570512	845.5835416666665
772.3663669152974	846.4937500000001
772.6930115654565	725.4360416666667
773.0196051993717	757.2933333333334
773.3461478088853	813.72625
773.6726393858401	785.5097916666667
773.9990799220781	778.228125
774.3254694094426	855.5958333333333
774.6518078397759	953.8983333333334
774.9780952049204	761.844375
775.3043314967188	742.73
775.6305167070137	780.0485416666666
775.9566508276476	842.8529166666667
776.2827338504633	776.4077083333333
776.6087657673032	850.1345833333334
776.93474657001	807.3547916666666
777.2606762504261	856.5060416666666
777.5865548003943	798.2527083333333
777.9123822117568	773.6770833333334
778.2381584763566	779.1383333333333
778.5638835860362	749.1014583333334
778.889557532638	701.770625
779.2151803080047	822.8283333333334
779.540751903979	909.2981249999999
779.8662723124031	746.3708333333334
780.1917415251199	776.4077083333333
780.5171595339721	876.530625
780.8425263308019	863.7877083333333
781.1678419074518	967.5514583333334
781.493106255765	866.5183333333333
781.8183193675837	829.1997916666666
782.1434812347505	831.0202083333334
782.4685918491078	827.379375
782.7936512024986	735.4483333333333
783.118659286765	787.3302083333333
783.4436160937499	933.8737499999999
783.768521615296	798.2527083333334
784.0933758432454	742.73
784.418178769441	714.5135416666667
784.7429303857256	822.8283333333333
785.0676306839412	714.5135416666667
785.3922796559308	758.2035416666668
785.716877293537	861.9672916666667
786.0414235886021	812.8160416666666
786.3659185329689	796.4322916666666
786.69036211848	871.9795833333333
787.0147543369778	1064.9437500000001
787.339095180305	816.456875
787.6633846403042	814.6364583333334
787.987622708818	734.538125
788.3118093776886	825.5589583333334
788.6359446387593	892.914375
788.9600284838722	816.456875
789.2840609048698	746.3708333333334
789.6080418935949	774.5872916666667
789.93197144189	755.4729166666666
790.2558495415977	912.9389583333335
790.5796761845605	863.7877083333333
790.9034513626214	831.0202083333334
791.2271750676223	864.6979166666666
791.5508472914062	781.8689583333334
791.8744680258158	748.19125
792.1980372626931	858.3264583333333
792.5215549938813	835.57125
792.8450212112227	994.8577083333333
793.16843590656	956.6289583333333
793.4917990717355	861.0570833333335
793.8151106985922	873.8000000000001
794.1383707789723	684.4766666666666
794.4615793047186	907.4777083333333
794.7847362676737	864.6979166666666
795.1078416596802	899.2858333333334
795.4308954725801	739.0891666666666
795.7538976982169	960.2697916666666
796.0768483284327	2669.6410416666668
796.3997473550701	1114.095
796.7225947699715	876.530625
797.0453905649798	852.8652083333333
797.3681347319375	705.4114583333334
797.690827262687	724.5258333333333
798.0134681490712	791.8812499999999
798.3360573829325	916.5797916666667
798.6585949561133	782.7791666666666
798.9810808604566	861.0570833333333
799.3035150878045	770.9464583333333
799.6258976299999	1146.8625
799.9482284788854	785.5097916666667
800.2705076263034	1110.4541666666667
800.5927350640966	834.6610416666666
800.9149107841075	941.1554166666666
801.2370347781787	1102.2622916666667
801.5591070381528	901.1062499999999
801.8811275558725	839.2120833333333
802.2030963231803	851.0447916666667
802.5250133319183	826.4691666666666
802.84687857393	791.88125
803.1686920410574	849.2243750000001
803.4904537251431	936.6043749999999
803.8121636180297	890.18375
804.13382171156	847.4039583333333
804.4554279975763	719.0645833333333
804.7769824679212	841.0324999999999
805.0984851144376	883.8122916666666
805.4199359289677	878.3510416666667
805.7413349033543	776.4077083333333
806.06268202944	802.80375
806.3839772990672	792.7914583333333
806.7052207040786	1588.3135416666664
807.0264122363169	872.8897916666666
807.3475518876243	840.1222916666667
807.6686396498436	827.379375
807.9896755148177	790.0608333333333
808.3106594743887	903.836875
808.6315915203992	941.1554166666666
808.9524716446922	780.0485416666667
809.2732998391101	793.7016666666667
809.594076095495	834.6610416666667
809.9148004056901	820.0977083333333
810.235472761538	770.0362500000001
810.5560931548807	820.0977083333333
810.8766615775612	797.3425000000001
811.1971780214221	804.6241666666666
811.5176424783058	769.1260416666668
811.8380549400548	800.9833333333332
812.1584153985121	815.5466666666666
812.4787238455199	767.305625
812.7989802729209	820.0977083333333
813.1191846725578	850.1345833333334
813.4393370362732	810.0854166666667
813.759437355909	862.8774999999999
814.0794856233088	912.9389583333333
814.3994818303146	736.3585416666668
814.7194259687689	725.4360416666667
815.0393180305146	831.9304166666667
815.3591580073941	869.2489583333332
815.6789458912499	765.4852083333334
815.9986816739249	807.3547916666666
816.3183653472614	793.7016666666667
816.637996903102	873.8000000000001
816.9575763332895	946.6166666666667
817.2771036296664	1140.4910416666664
817.5965787840748	804.6241666666666
817.9160017883579	933.8737500000001
818.2353726343582	888.3633333333333
818.5546913139178	769.1260416666668
818.87395781888	864.6979166666666
819.1931721410868	719.0645833333334
819.5123342723809	1042.1885416666667
819.8314442046052	733.6279166666667
820.1505019296019	823.7385416666666
820.4695074392138	826.4691666666666
820.7884607252832	721.7952083333333
821.107361779653	841.0324999999999
821.4262105941658	745.460625
821.7450071606638	757.2933333333334
822.0637514709899	920.2206249999999
822.3824435169868	913.8491666666667
822.7010832904965	846.49375
823.0196707833622	1337.0960416666667
823.3382059874264	877.4408333333332
823.6566888945312	709.9625000000001
823.9751194965196	711.7829166666667
824.2934977852343	789.1506249999999
824.6118237525172	709.0522916666667
824.9300973902117	764.5749999999999
825.24831869016	766.3954166666667
825.5664876442045	784.5995833333333
825.8846042441882	931.143125
826.2026684819534	752.7422916666666
826.5206803493426	775.4975000000001
826.8386398381987	852.8652083333333
827.156546940364	822.8283333333334
827.4744016476814	749.1014583333332
827.7922039519929	907.4777083333333
828.1099538451416	1850.4535416666668
828.42765131897	840.1222916666667
828.7452963653204	852.8652083333333
829.0628889760359	751.8320833333333
829.3804291429586	770.9464583333333
829.697916857931	786.42
830.0153521127962	757.2933333333334
830.3327348993965	740.9095833333334
830.6500652095742	779.1383333333333
830.9673430351726	862.8774999999999
831.2845683680337	969.3718749999999
831.6017411999999	784.5995833333333
831.9188615229143	925.6818749999999
832.2359293286195	1000.3189583333334
832.5529446089574	834.6610416666667
832.8699073557715	849.2243749999999
833.1868175609037	819.1875
833.5036752161967	761.844375
833.8204803134935	841.9427083333334
834.1372328446362	710.8727083333333
834.4539328014675	836.4814583333333
834.7705801758299	795.5220833333333
835.0871749595664	834.6610416666666
835.4037171445192	761.844375
835.7202067225306	725.4360416666667
836.0366436854439	681.7460416666667
836.3530280251014	835.57125
836.6693597333452	823.7385416666666
836.9856388020186	862.8774999999999
837.3018652229639	812.8160416666666
837.6180389880233	871.069375
837.9341600890399	786.42
838.2502285178563	739.999375
838.5662442663146	784.5995833333333
838.8822073262578	784.5995833333333
839.1981176895283	824.64875
839.5139753479687	766.3954166666667
839.8297802934217	763.6647916666667
840.1455325177297	745.460625
840.4612320127352	767.305625
840.7768787702812	805.5343749999998
841.0924727822099	867.4285416666667
841.4080140403643	728.1666666666666
841.7235025365862	771.8566666666666
842.038938262719	823.7385416666667
842.3543212106048	782.7791666666667
842.6696513720862	867.4285416666667
842.9849287390061	1258.818125
843.3001533032069	773.6770833333334
843.6153250565309	896.5552083333333
843.9304439908211	753.6525
844.24551009792	760.0239583333333
844.5605233696699	762.7545833333334
844.8754837979137	714.5135416666667
845.190391374494	746.3708333333334
845.5052460912531	822.8283333333334
845.8200479400336	843.763125
846.1347969126784	1481.819166666667
846.4494930010297	831.9304166666667
846.7641361969305	874.7102083333333
847.0787264922232	944.79625
847.3932638787498	987.5760416666667
847.7077483483539	752.7422916666668
848.0221798928775	789.1506249999999
848.3365585041632	1012.1516666666666
848.6508841740534	870.1591666666667
848.9651568943913	756.383125
849.2793766570189	1939.6539583333335
849.5935434537789	1036.7272916666668
849.9076572765141	781.8689583333334
850.221718117067	812.8160416666666
850.5357259672799	913.8491666666667
850.8496808189958	729.0768750000001
851.1635826640571	740.9095833333334
851.4774314943061	799.1629166666667
851.7912273015859	831.0202083333334
852.1049700777388	822.8283333333333
852.4186598146072	1026.715
852.732296504034	726.3462499999999
853.0458801378618	739.999375
853.3594107079327	688.1175
853.67288820609	756.383125
853.9863126241758	894.7347916666666
854.2996839540325	779.1383333333333
854.6130021875033	757.2933333333334
854.9262673164303	871.069375
855.2394793326564	727.2564583333333
855.5526382280236	796.4322916666666
855.8657439943752	756.383125
856.1787966235535	771.8566666666667
856.4917961074007	709.0522916666667
856.80474243776	783.6893749999999
857.1176356064736	825.5589583333334
857.4304756053841	852.8652083333333
857.7432624263345	828.2895833333333
858.0559960611668	779.1383333333333
858.3686765017236	731.8075
858.681303739848	729.9870833333334
858.9938777673823	750.921875
859.3063985761688	1242.434375
859.6188661580505	796.4322916666666
859.93128050487	781.8689583333334
860.2436416084694	704.5012499999999
860.5559494606917	760.9341666666666
860.8682040533795	742.73
861.1804053783749	905.6572916666668
861.4925534275212	724.5258333333333
861.8046481926605	747.2810416666666
862.1166896656355	714.5135416666666
862.4286778382884	710.8727083333333
862.7406127024626	760.0239583333332
863.0524942500001	676.2847916666668
863.3643224727433	753.6525
863.6760973625354	886.5429166666667
863.9878189112187	797.3425000000001
864.2994871106355	804.6241666666666
864.6111019526287	939.335
864.9226634290409	752.7422916666668
865.2341715317144	931.143125
865.5456262524921	819.1875
865.8570275832164	804.6241666666666
866.1683755157298	701.7706250000001
866.4796700418752	724.5258333333335
866.7909111534951	769.1260416666668
867.1020988424316	720.8850000000001
867.4132331005279	669.0031250000001
867.7243139196262	737.2687500000001
868.0353412915691	710.8727083333333
868.3463152081995	931.143125
868.6572356613597	737.2687499999998
868.9681026428924	821.0079166666668
869.2789161446399	662.6316666666667
869.5896761584452	763.6647916666666
869.9003826761507	728.1666666666666
870.2110356895988	738.1789583333333
870.5216351906323	698.1297916666666
870.8321811710938	795.5220833333333
871.1426736228256	739.0891666666666
871.4531125376707	689.9379166666666
871.7634979074714	661.7214583333333
872.0738297240702	727.2564583333333
872.38410797931	858.3264583333333
872.6943326650331	694.4889583333334
873.0045037730821	723.615625
873.3146212952998	714.5135416666666
873.6246852235287	689.9379166666668
873.9346955496112	719.9747916666666
874.24465226539	745.460625
874.5545553627078	1125.9277083333334
874.8644048334069	844.6733333333333
875.17420066933	669.9133333333333
875.48394286232	745.460625
875.793631404219	687.2072916666667
876.1032662868698	1095.8908333333336
876.4128475021149	752.7422916666668
876.7223750417972	803.7139583333334
877.0318488977587	719.0645833333333
877.3412690618425	711.7829166666667
877.650635525891	757.2933333333334
877.9599482817465	710.8727083333333
878.269207321252	725.4360416666667
878.57841263625	651.7091666666666
878.8875642185828	733.6279166666667
879.1966620600934	739.0891666666666
879.5057061526242	670.8235416666666
879.8146964880174	701.7706250000001
880.1236330581162	828.2895833333332
880.4325158547629	978.4739583333334
880.7413448697998	875.6204166666666
881.05012009507	843.763125
881.358841522416	695.3991666666666
881.6675091436798	700.8604166666668
881.9761229507047	689.9379166666668
882.2846829353331	666.2725
882.5931890894074	757.2933333333334
882.9016414047699	707.231875
883.2100398732638	760.0239583333332
883.5183844867314	694.4889583333334
883.826675237015	689.0277083333334
884.1349121159577	817.3670833333334
884.4430951154019	1062.213125
884.7512242271898	830.11
885.0592994431647	807.3547916666666
885.3673207551687	845.5835416666665
885.6752881550442	718.1543750000001
885.9832016346343	679.0154166666666
886.2910611857814	660.81125
886.5988668003275	729.9870833333333
886.9066184701161	775.4975000000001
887.2143161869893	666.2724999999999
887.5219599427896	747.2810416666667
887.82954972936	719.0645833333333
888.1370855385427	898.375625
888.4445673621801	710.8727083333333
888.7519951921154	765.4852083333334
889.0593690201907	756.383125
889.3666888382488	672.6439583333332
889.673954638132	743.6402083333334
889.9811664116833	753.6525
890.288324150745	772.7668749999999
890.5954278471595	712.6931249999999
890.90247749277	674.464375
891.2094730794186	794.6118749999999
891.5164145989478	697.2195833333332
891.8233020432004	927.5022916666667
892.1301354040191	902.9266666666666
892.4369146732461	762.7545833333334
892.7436398427244	682.65625
893.0503109042965	1013.061875
893.3569278498044	707.2318750000001
893.6634906710915	736.3585416666666
893.96999936	764.5749999999999
894.2764539083722	1145.0420833333335
894.5828543080514	989.3964583333333
894.8892005508795	694.4889583333334
895.1954926286993	760.9341666666668
895.5017305333536	1342.5572916666667
895.8079142566849	789.1506249999999
896.1140437905356	693.57875
896.4201191267481	786.42
896.7261402571654	667.1827083333333
897.03210717363	693.57875
897.3380198679843	729.0768749999999
897.643878332071	821.0079166666668
897.9496825577328	1006.6904166666667
898.2554325368118	786.4200000000001
898.5611282611512	826.4691666666668
898.8667697225933	809.1752083333332
899.1723569129805	727.2564583333333
899.4778898241558	671.73375
899.7833684479614	931.143125
900.0887927762399	696.3093749999999
900.3941628008342	661.7214583333333
900.6994785135867	709.0522916666665
901.0047399063398	826.4691666666666
901.3099469709363	1132.2991666666667
901.6150996992188	796.4322916666666
901.9201980830295	740.9095833333334
902.2252421142116	1409.9127083333333
902.5302317846073	713.6033333333334
902.8351670860594	724.5258333333335
903.1400480104098	831.9304166666667
903.4448745495021	794.6118749999999
903.7496466951783	952.0779166666666
904.0543644392808	830.11
904.3590277736527	670.8235416666668
904.6636366901363	743.6402083333332
904.968191180574	740.9095833333332
905.2726912368087	862.8775
905.5771368506829	876.530625
905.8815280140391	847.4039583333333
906.18586471872	954.8085416666667
906.490146956568	766.3954166666667
906.7943747194257	774.5872916666667
907.0985479991359	990.3066666666667
907.4026667875411	843.7631250000001
907.7067310764836	793.7016666666667
908.0107408578065	701.770625
908.3146961233518	798.2527083333333
908.6185968649625	731.8074999999999
908.9224430744811	888.3633333333333
909.2262347437501	784.5995833333333
909.529971864612	803.7139583333334
909.8336544289094	4333.501875000001
910.137282428485	937.5145833333332
910.4408558551816	760.9341666666666
910.7443747008411	721.7952083333334
911.0478389573069	942.0656249999998
911.351248616421	1135.9400000000003
911.6546036700261	829.1997916666668
911.9579041099649	836.4814583333333
912.26114992808	681.7460416666667
912.5643411162137	1168.7075
912.867477666209	1034.906875
913.1705595699083	741.8197916666667
913.4735868191539	664.4520833333332
913.7765594057887	740.9095833333334
914.0794773216553	674.464375
914.382340558596	715.4237499999999
914.6851491084537	1067.674375
914.9879029630708	839.2120833333333
915.2906021142899	784.5995833333333
915.5932465539537	800.0731249999999
915.8958362739046	741.8197916666667
916.1983712659853	773.6770833333334
916.5008515220383	773.6770833333334
916.8032770339062	693.57875
917.1056477934318	620.7620833333334
917.407963792457	987.5760416666667
917.7102250228253	859.2366666666667
918.0124314763789	739.0891666666666
918.3145831449599	703.5910416666666
918.6166800204115	747.2810416666666
918.9187220945763	767.305625
919.2207093592963	1335.275625
919.5226418064146	750.921875
919.8245194277738	700.8604166666668
920.1263422152159	744.5504166666666
920.4281101605843	703.5910416666666
920.7298232557209	658.080625
921.0314814924685	731.8074999999999
921.3330848626699	765.4852083333334
921.6346333581675	959.3595833333333
921.9361269708037	769.1260416666668
922.2375656924214	748.19125
922.538949514863	730.8972916666667
922.8402784299712	750.0116666666667
923.1415524295884	773.6770833333334
923.4427715055573	775.4975000000001
923.7439356497206	772.7668749999999
924.0450448539206	750.921875
924.34609911	694.4889583333334
924.6470984098015	800.073125
924.9480427451673	729.9870833333333
925.2489321079405	797.3425000000001
925.5497664899635	714.5135416666667
925.8505458830786	795.5220833333333
926.1512702791289	828.2895833333333
926.4519396699565	721.7952083333333
926.752554047404	727.2564583333334
927.0531134033143	799.1629166666667
927.35361772953	709.9625
927.6540670178932	689.9379166666668
927.9544612602471	760.9341666666666
928.2548004484337	737.2687500000001
928.5550845742961	658.9908333333334
928.8553136296762	719.0645833333334
929.1554876064173	679.0154166666666
929.4556064963617	833.7508333333334
929.7556702913517	729.9870833333333
930.0556789832303	880.1714583333332
930.35563256384	803.7139583333334
930.6555310250232	742.73
930.9553743586226	728.1666666666666
931.2551625564809	772.7668749999999
931.5548956104402	817.3670833333334
931.8545735123437	711.7829166666667
932.1541962540336	841.9427083333334
932.4537638273525	618.9416666666667
932.7532762241433	750.921875
933.0527334362483	861.0570833333333
933.3521354555098	749.1014583333334
933.6514822737711	677.195
933.9507738828743	877.4408333333334
934.2500102746618	732.7177083333332
934.5491914409766	703.5910416666666
934.8483173736612	903.836875
935.1473880645581	742.7299999999999
935.4464035055097	732.7177083333335
935.745363688359	727.2564583333333
936.0442686049482	788.2404166666666
936.3431182471198	746.3708333333334
936.641912606717	695.3991666666666
936.9406516755819	705.4114583333334
937.239335445557	759.11375
937.537963908485	619.851875
937.8365370562088	822.8283333333334
938.1350548805704	675.3745833333332
938.4335173734129	686.2970833333334
938.7319245265786	738.1789583333334
939.0302763319099	707.2318750000001
939.3285727812499	726.3462499999999
939.626813866441	640.7866666666667
939.9249995793253	748.19125
940.223129911746	681.7460416666667
940.5212048555455	709.0522916666665
940.8192244025662	697.2195833333334
941.1171885446508	716.3339583333333
941.415097273642	683.5664583333333
941.7129505813822	759.1137500000001
942.0107484597139	730.8972916666667
942.30849090048	743.6402083333334
942.6061778955228	691.7583333333333
942.9038094366849	1047.6497916666665
943.2013855158092	923.8614583333333
943.4989061247379	658.9908333333334
943.7963712553136	708.1420833333333
944.0937808993792	709.9625
944.3911350487772	727.2564583333333
944.6884336953495	646.2479166666667
944.9856768309398	916.5797916666667
945.28286444739	799.1629166666667
945.5799965365427	991.216875
945.8770730902406	756.383125
946.1740941003263	807.3547916666666
946.4710595586421	733.6279166666667
946.7679694570312	685.386875
947.0648237873357	699.04
947.3616225413981	677.195
947.6583657110614	689.9379166666668
947.9550532881678	756.383125
948.25168526456	858.3264583333333
948.5482616320805	787.3302083333333
948.8447823825722	881.991875
949.1412475078774	740.9095833333334
949.4376569998386	699.04
949.7340108502987	677.195
950.0303090511001	598.9170833333333
950.3265515940852	780.0485416666667
950.6227384710969	684.4766666666668
950.9188696739777	693.57875
951.2149451945699	837.3916666666668
951.5109650247166	681.7460416666667
951.8069291562598	624.4029166666667
952.1028375810424	745.460625
952.3986902909071	871.069375
952.6944872776962	728.1666666666666
952.9902285332523	688.1175
953.2859140494182	684.4766666666668
953.5815438180365	766.3954166666666
953.8771178309494	956.6289583333333
954.1726360799998	741.8197916666667
954.4680985570304	695.3991666666667
954.7635052538835	713.6033333333334
955.0588561624015	701.770625
955.3541512744275	636.2356249999999
955.6493905818038	670.8235416666666
955.9445740763729	804.6241666666666
956.2397017499775	754.5627083333333
956.5347735944603	782.7791666666667
956.8297896016634	790.9710416666667
957.1247497634299	871.9795833333334
957.4196540716023	764.5749999999999
957.7145025180229	716.3339583333333
958.0092950945348	689.0277083333334
958.3040317929799	751.8320833333332
958.5987126052012	838.301875
958.8933375230413	1287.0345833333333
959.1879065383425	927.5022916666667
959.4824196429477	910.2083333333334
959.7768768286993	747.2810416666666
960.07127808744	840.1222916666666
960.3656234110122	719.9747916666666
960.6599127912586	688.1175
960.9541462200218	657.1704166666667
961.2483236891444	668.0929166666666
961.5424451904687	757.2933333333334
961.8365107158377	778.228125
962.1305202570937	750.0116666666667
962.4244738060793	816.456875
962.7183713546373	723.615625
963.01221289461	675.3745833333334
963.3059984178401	684.4766666666668
963.5997279161703	637.1458333333334
963.893401381443	753.6525
964.1870188055007	835.57125
964.4805801801863	705.4114583333334
964.7740854973422	791.8812499999999
965.0675347488107	759.11375
965.3609279264349	797.3425000000001
965.6542650220572	732.7177083333335
965.9475460275199	717.2441666666667
966.240770934666	712.6931250000001
966.5339397353379	834.6610416666667
966.8270524213779	671.73375
967.120108984629	662.6316666666667
967.4131094169337	678.1052083333334
967.7060537101345	678.1052083333334
967.9989418560739	751.8320833333333
968.2917738465945	766.3954166666667
968.5845496735391	856.5060416666666
968.8772693287499	719.0645833333333
969.16993280407	652.619375
969.4625400913416	627.1335416666667
969.755091182407	726.34625
970.0475860691095	1175.9891666666667
970.3400247432913	833.7508333333334
970.6324071967948	1026.715
970.924733421463	725.4360416666667
971.2170034091381	676.2847916666666
971.5092171516628	730.8972916666667
971.80137464088	1368.9533333333336
972.0934758686318	721.7952083333333
972.385520826761	836.4814583333333
972.6775095071101	722.7054166666667
972.9694419015219	746.3708333333334
973.2613180018386	683.5664583333333
973.5531377999032	675.3745833333334
973.8449012875581	658.9908333333333
974.1366084566458	725.4360416666667
974.4282592990087	841.0325000000001
974.71985380649	735.4483333333334
975.0113919709318	733.6279166666667
975.3028737841765	683.5664583333333
975.5942992380673	694.4889583333334
975.8856683244463	689.9379166666668
976.1769810351561	695.3991666666666
976.4682373620396	860.146875
976.7594372969393	657.1704166666667
977.0505808316972	733.6279166666667
977.3416679581567	892.0041666666666
977.6326986681601	850.1345833333334
977.9236729535495	714.5135416666667
978.2145908061682	688.1175
978.5054522178584	1651.1179166666668
978.7962571804626	726.3462499999999
979.0870056858237	772.7668749999999
979.3776977257842	873.8000000000001
979.6683332921862	795.5220833333333
979.9589123768728	975.7433333333333
980.2494349716867	888.3633333333333
980.53990106847	760.9341666666666
980.8303106590655	804.6241666666666
981.1206637353158	702.6808333333333
981.4109602890635	676.2847916666667
981.7012003121511	762.7545833333334
981.9913837964212	803.7139583333334
982.2815107337166	820.0977083333333
982.5715811158793	705.4114583333334
982.8615949347526	660.81125
983.1515521821785	773.6770833333334
983.4414528499998	796.4322916666666
983.7312969300594	821.0079166666668
984.0210844141994	918.4002083333334
984.3108152942625	932.9635416666666
984.6004895620915	745.460625
984.8901072095288	706.3216666666667
985.1796682284167	734.538125
985.4691726105984	831.9304166666667
985.7586203479162	1028.5354166666666
986.0480114322123	702.6808333333333
986.33734585533	673.5541666666667
986.6266236091113	715.4237499999999
986.9158446853992	983.025
987.2050090760357	736.3585416666666
987.4941167728639	656.2602083333333
987.7831677677262	679.0154166666666
988.0721620524652	767.305625
988.3610996189235	656.2602083333333
988.6499804589438	822.8283333333334
988.9388045643683	674.464375
989.2275719270399	632.5947916666668
989.5162825388013	691.7583333333333
989.8049363914945	696.3093749999999
990.0935334769628	642.6070833333334
990.3820737870484	670.8235416666666
990.6705573135936	748.19125
990.9589840484416	800.0731249999999
991.2473539834347	686.2970833333334
991.5356671104153	987.5760416666667
991.8239234212261	736.3585416666668
992.1121229077099	695.3991666666667
992.400265561709	687.2072916666666
992.6883513750662	670.8235416666666
992.9763803396239	686.2970833333334
993.2643524472247	821.0079166666668
993.5522676897112	710.8727083333333
993.8401260589261	661.7214583333333
994.1279275467119	687.2072916666666
994.4156721449109	777.3179166666665
994.7033598453662	849.2243750000001
994.99099063992	826.4691666666668
995.2785645204149	625.313125
995.5660814786938	697.2195833333334
995.853541506599	719.0645833333334
996.140944595973	766.3954166666666
996.4282907386587	700.8604166666668
996.7155799264985	680.8358333333334
997.0028121513348	912.9389583333333
997.2899874050105	791.88125
997.5771056793681	665.3622916666667
997.8641669662499	656.2602083333333
998.1511712574988	744.5504166666666
998.4381185449574	709.0522916666667
998.725008820468	841.9427083333334
999.0118420758735	688.1175
999.2986183030163	672.6439583333332
999.585337493739	730.8972916666667
999.8719996398839	702.6808333333333
1000.158604733294	689.0277083333334
1000.445152765812	936.604375
1000.7316437292799	781.8689583333334
1001.0180776155407	831.0202083333334
1001.3044544164371	693.57875
1001.5907741238111	943.8860416666666
1001.8770367295059	1096.8010416666666
1002.1632422253638	697.2195833333334
1002.4493906032271	762.7545833333334
1002.735481854939	689.0277083333334
1003.0215159723417	859.2366666666667
1003.3074929472778	690.8481250000001
1003.59341277159	750.921875
1003.8792754371208	774.5872916666667
1004.1650809357126	860.146875
1004.4508292592081	815.5466666666666
1004.7365203994503	837.3916666666668
1005.0221543482811	692.6685416666666
1005.3077310975436	809.1752083333334
1005.5932506390802	662.6316666666667
1005.8787129647335	688.1175
1006.1641180663456	718.1543750000001
1006.4494659357599	780.0485416666667
1006.7347565648188	724.5258333333333
1007.0199899453642	1105.903125
1007.3051660692394	731.8075
1007.5902849282868	629.8641666666666
1007.8753465143486	695.3991666666666
1008.160350819268	829.1997916666666
1008.4452978348874	744.5504166666666
1008.7301875530488	843.763125
1009.0150199655957	819.1875
1009.2997950643701	668.0929166666666
1009.5845128412144	738.1789583333333
1009.8691732879718	645.3377083333334
1010.1537763964845	703.5910416666666
1010.4383221585949	804.6241666666666
1010.7228105661462	657.1704166666667
1011.0072416109805	688.1175
1011.2916152849402	686.2970833333333
1011.5759315798686	731.8074999999999
1011.8601904876076	677.1949999999999
1012.144392	702.6808333333333
1012.4285361088884	785.5097916666667
1012.7126228061155	692.6685416666666
1012.9966520835236	932.0533333333334
1013.2806239329553	736.3585416666668
1013.5645383462538	691.7583333333333
1013.8483953152609	847.4039583333333
1014.1321948318193	689.0277083333334
1014.4159368877722	705.4114583333334
1014.6996214749615	788.2404166666666
1014.98324858523	803.7139583333334
1015.2668182104202	781.8689583333334
1015.5503303423751	845.5835416666667
1015.8337849729367	787.3302083333334
1016.1171820939478	684.4766666666668
1016.4005216972512	770.9464583333333
1016.6838037746892	667.1827083333334
1016.9670283181047	806.4445833333333
1017.2501953193398	817.3670833333334
1017.5333047702371	697.2195833333334
1017.81635666264	764.5749999999999
1018.0993509883903	797.3425000000001
1018.3822877393309	755.4729166666666
1018.6651669073037	741.8197916666667
1018.9479884841523	745.460625
1019.2307524617187	757.2933333333334
1019.5134588318456	792.7914583333335
1019.7961075863757	856.5060416666666
1020.0786987171514	688.1175
1020.3612322160153	838.301875
1020.6437080748101	795.5220833333333
1020.9261262853781	708.1420833333333
1021.208486839562	739.999375
1021.4907897292048	731.8074999999999
1021.7730349461489	862.8774999999999
1022.0552224822362	793.7016666666667
1022.33735232931	714.5135416666667
1022.6194244792129	717.2441666666667
1022.9014389237868	700.8604166666665
1023.1833956548752	809.1752083333334
1023.46529466432	809.1752083333334
1023.7471359439638	676.2847916666666
1024.0289194856498	706.3216666666667
1024.3106452812199	772.7668749999999
1024.5923133225172	702.6808333333333
1024.8739236013837	745.460625
1025.1554761096625	745.460625
1025.436970839196	745.460625
