339.86832	19.114375
340.2509644343084	33996.28125
340.6335677717954	167.47833333333332
341.0161300043036	93.75145833333333
341.3986511236755	341.328125
341.78113112175373	260.31958333333336
342.16356999038084	224.82145833333334
342.5459677213995	301.2789583333334
342.92832430665214	7517.4106249999995
343.3106397379815	1059.4825
343.69291400723	355.89145833333333
344.0751471062403	270.331875
344.45733902685504	379.556875
344.83948976091665	405.04270833333334
345.2215993002679	344.9689583333333
345.60366763675125	363.173125
345.9856947622093	427.79791666666665
346.3676806684845	337.6872916666667
346.74962534741974	400.4916666666666
347.1315287908573	483.320625
347.51339099064	511.5370833333333
347.8952119386102	435.07958333333335
348.2769916266106	483.320625
348.6587300464838	1160.515625
349.0404271900723	624.4029166666666
349.4220830492187	643.5172916666667
349.80369761576566	597.0966666666667
350.1852708815557	634.4152083333333
350.5668028384313	651.7091666666666
350.9482934782352	992.1270833333333
351.32974279281	624.4029166666667
351.71115077399816	598.9170833333333
352.0925174136422	763.6647916666667
352.47384270358486	709.0522916666665
352.8551266356687	627.1335416666666
353.23636920173624	667.1827083333334
353.61757039363005	696.3093750000002
353.9987302031928	921.1308333333333
354.379848622267	845.5835416666667
354.76092564269516	746.3708333333334
355.14196125632	696.3093750000002
355.52295545498407	791.88125
355.90390823052985	767.305625
356.2848195748	885.6327083333334
356.6656894796371	688.1175
357.04651793688373	833.7508333333334
357.4273049383824	776.4077083333333
357.8080504759759	717.2441666666667
358.18875454150657	780.9587500000001
358.5694171268171	697.2195833333334
358.9500382237499	754.5627083333333
359.3306178241479	732.7177083333332
359.7111559198534	698.1297916666666
360.0916525027091	701.770625
360.47210756455746	728.1666666666666
360.85252109724127	750.0116666666667
361.23289309260286	640.7866666666667
361.61322354248495	698.1297916666666
361.99351243873014	769.1260416666668
362.37375977318095	901.1062499999999
362.75396553768	837.3916666666668
363.1341297240698	750.0116666666667
363.514252324193	709.9625
363.8943333298922	665.3622916666667
364.27437273300995	913.8491666666665
364.65437052538874	742.73
365.03432669887127	700.8604166666668
365.4142412453001	744.5504166666666
365.7941141565177	1030.3558333333333
366.1739454243669	697.2195833333334
366.55373504069	709.9625000000001
366.93348299732975	699.04
367.31318928612865	782.7791666666667
367.6928538989293	676.2847916666667
368.0724768275743	683.5664583333333
368.4520580639063	876.530625
368.83159759976763	831.9304166666667
369.21109542700117	1132.2991666666667
369.59055153744936	811.9058333333334
369.9699659229547	690.848125
370.34933857536	691.7583333333333
370.72866948650767	709.9625
371.10795864824024	699.04
371.4872060524004	876.530625
371.8664116908307	761.844375
372.2455755553737	1429.9372916666669
372.6246976378721	764.5750000000002
373.00377793016827	871.069375
373.38281642410493	825.5589583333334
373.76181311152465	818.2772916666667
374.14076798427	821.0079166666668
374.5196810341835	885.6327083333334
374.8985522531078	819.1875
375.2773816328855	676.2847916666666
375.6561691653591	719.0645833333334
376.0349148423712	735.4483333333333
376.4136186557645	676.2847916666666
376.7922805973814	721.7952083333333
377.17090065906456	645.3377083333334
377.5494788326565	636.2356249999999
377.92801511000005	739.999375
378.3065094829374	866.5183333333333
378.6849619433114	667.1827083333333
379.0633724829646	852.8652083333333
379.4417410937395	803.7139583333333
379.82006776747875	1288.8549999999998
380.1983524960249	683.5664583333333
380.57659527122047	672.6439583333333
380.9547960849082	674.464375
381.33295492893046	668.0929166666666
381.71107179513	688.1175
382.08914667534935	717.2441666666667
382.467179561431	641.696875
382.84517044521766	715.4237499999999
383.22311931855194	706.3216666666666
383.60102617327624	770.03625
383.97889100123325	942.9758333333333
384.35671379426554	717.2441666666667
384.73449454421575	699.04
385.1122332429263	749.1014583333332
385.48992988224	757.2933333333334
385.8675844539992	643.5172916666667
386.24519695004665	688.1175
386.6227673622248	694.4889583333334
387.0002956823763	713.6033333333334
387.3777819023437	908.3879166666667
387.75522601396966	802.80375
388.1326280090966	741.8197916666667
388.5099878795673	759.11375
388.8873056172243	726.3462499999999
389.26458121391	647.1581249999999
389.6418146614671	731.8075
390.0190059517382	649.8887500000001
390.3961550765659	626.2233333333332
390.77326202779267	773.6770833333334
391.15032679726124	658.0806249999999
391.5273493768141	693.57875
391.9043297582938	695.3991666666667
392.2812679335429	716.3339583333333
392.65816389440414	747.2810416666666
393.03501763272	704.5012499999999
393.41182914033305	806.4445833333334
393.7885984090858	678.1052083333333
394.165325430821	897.4654166666668
394.5420101973811	777.3179166666667
394.9186527006087	661.7214583333333
395.29525293234644	734.538125
395.67181088443687	686.2970833333333
396.04832654872257	744.5504166666666
396.424799917046	850.1345833333334
396.80123098124994	638.9662500000001
397.1776197331769	885.6327083333332
397.5539661646694	760.9341666666666
397.93027026757005	720.8850000000001
398.30653203372145	663.541875
398.6827514549662	672.6439583333333
399.05892852314685	809.1752083333334
399.4350632301059	606.19875
399.8111555676861	725.4360416666667
400.18720552772993	640.7866666666667
400.56321310207994	739.999375
400.9391782825788	703.5910416666667
401.315101061069	738.1789583333333
401.6909814293932	819.1875
402.06681937939385	721.7952083333333
402.4426149029137	631.6845833333333
402.8183679917953	762.7545833333334
403.19407863788103	735.4483333333334
403.56974683301377	710.8727083333333
403.94537256903584	673.5541666666667
404.32095583779	661.7214583333333
404.69649663111875	779.1383333333333
405.0719949408646	787.3302083333333
405.4474507588703	714.5135416666667
405.82286407697836	800.9833333333332
406.1982348870312	748.19125
406.57356318087164	742.73
406.94884895034215	655.3499999999999
407.3240921872853	689.9379166666668
407.6992928835437	751.8320833333333
408.07445103095995	698.1297916666667
408.4495666213767	674.464375
408.8246396466363	647.158125
409.19967009858135	685.386875
409.5746579690547	797.3425000000001
409.94960324989876	673.5541666666667
410.324505932956	681.7460416666667
410.69936601006924	670.8235416666666
411.07418347308095	749.1014583333332
411.4489583138336	804.6241666666666
411.82369052417	852.8652083333333
412.1983800959325	710.8727083333333
412.5730270209638	724.5258333333333
412.9476312911065	705.4114583333334
413.32219289820307	815.5466666666667
413.6967118340962	695.3991666666667
414.0711880906285	699.04
414.4456216596423	736.3585416666666
414.8200125329805	806.4445833333333
415.19436070248554	693.57875
415.56866615999996	691.7583333333333
415.94292889736636	812.8160416666668
416.3171489064274	667.1827083333334
416.6913261790256	815.5466666666666
417.0654607070035	779.1383333333333
417.43955248220374	896.5552083333333
417.81360149646883	795.5220833333333
418.1876077416415	962.0902083333334
418.56157120956414	672.6439583333332
418.9354918920794	677.1949999999999
419.30936978103	799.1629166666667
419.68320486825826	720.8849999999999
420.056997145607	743.6402083333332
420.43074660491874	701.770625
420.80445323803593	680.8358333333333
421.17811703680127	802.80375
421.55173799305726	690.848125
421.9253160986466	695.3991666666667
422.2988513454117	732.7177083333332
422.67234372519533	744.5504166666668
423.04579322983994	758.2035416666668
423.4191998511882	881.0816666666666
423.79256358108256	699.9502083333333
424.16588441136577	743.6402083333334
424.5391623338803	1077.6866666666667
424.9123973404688	759.11375
425.2855894229737	697.2195833333334
425.65873857323766	699.9502083333333
426.03184478310334	663.541875
426.4049080444133	808.265
426.77792834901	829.1997916666668
427.1509056887361	671.73375
427.5238400554342	711.7829166666667
427.8967314409469	673.5541666666667
428.2695798371167	963.910625
428.6423852357862	704.5012499999999
429.0151476287981	828.2895833333333
429.38786700799477	1379.8758333333335
429.76054336521895	819.1875
430.13317669231316	810.995625
430.50576698111996	658.9908333333333
430.878314223482	787.3302083333334
431.25081841124177	790.9710416666667
431.623279536242	1009.4210416666666
431.99569759032505	730.8972916666667
432.3680725653337	888.3633333333333
432.7404044531105	909.2981249999999
433.11269324549784	791.88125
433.4849389343386	755.4729166666666
433.85714151147505	750.0116666666667
434.22930096874995	777.3179166666667
434.60141729800597	757.2933333333334
434.9734904910854	838.301875
435.3455205398311	816.456875
435.71750743608555	753.6525
436.08945117169117	820.0977083333333
436.4613517384908	734.538125
436.833209128327	880.1714583333332
437.2050233330421	793.7016666666667
437.57679434447897	773.6770833333334
437.94852215448	851.0447916666667
438.3202067548878	780.9587500000001
438.69184813754504	802.80375
439.0634462942942	770.9464583333333
439.43500121697787	848.3141666666667
439.8065128974388	808.265
440.17798132751926	807.3547916666666
440.54940649906206	790.0608333333333
440.92078840390974	850.1345833333334
441.2921270339049	884.7225
441.66342238089	942.0656250000001
442.0346744367077	847.4039583333333
442.4058831932006	832.8406250000002
442.7770486422113	801.8935416666667
443.1481707755823	874.7102083333333
443.5192495851562	1038.5477083333333
443.89028506277566	898.375625
444.26127720028313	837.3916666666668
444.6322259895213	1002.1393750000001
445.00313142233273	853.7754166666667
445.37399349056	836.4814583333333
445.74481218604564	868.33875
446.1155875006322	965.7310416666666
446.4863194261624	773.6770833333334
446.8570079544787	1319.8020833333333
447.2276530774237	923.8614583333333
447.5982547868401	793.7016666666667
447.9688130745703	932.0533333333333
448.3393279324569	905.6572916666668
448.7097993523426	915.6695833333333
449.08022732607	860.146875
449.45061184548155	808.265
449.82095290241983	938.4247916666667
450.1912504887275	953.8983333333334
450.56150459624706	819.1875
450.93171521682126	1002.1393750000001
451.30188234229246	1143.2216666666668
451.67200596450334	879.26125
452.04208607529654	891.0939583333333
452.4121226665145	816.456875
452.78211573	897.4654166666666
453.15206525759544	789.1506249999999
453.52197124114343	738.1789583333333
453.8918336724866	787.3302083333333
454.2616525434675	788.2404166666666
454.6314278459287	1125.9277083333334
455.0011595717129	781.8689583333334
455.37084771266245	841.9427083333334
455.74049226062016	860.146875
456.11009320742846	753.6525
456.47965054492994	787.3302083333333
456.8491642649673	759.11375
457.21863435938303	763.6647916666667
457.5880608200197	920.2206249999999
457.95744363871995	861.9672916666667
458.3267828073262	705.4114583333334
458.69607831768127	841.9427083333334
459.0653301616276	770.9464583333333
459.43453833100773	770.9464583333332
459.8037028176643	776.4077083333333
460.17282361344	709.0522916666667
460.54190071017723	864.6979166666666
460.9109340997186	695.3991666666667
461.2799237739068	756.383125
461.64886972458436	842.8529166666667
462.01777194359374	798.2527083333334
462.38663042277767	1350.7491666666667
462.75544515397866	808.265
463.1242161290393	816.456875
463.49294333980225	731.8074999999999
463.86162677810995	703.5910416666666
464.2302664358051	831.0202083333334
464.5988623047302	772.7668749999999
464.96741437672785	722.7054166666667
465.3359226436407	987.5760416666667
465.70438709731116	1082.2377083333333
466.0728077295821	843.7631250000001
466.4411845322957	829.1997916666666
466.8095174972949	824.64875
467.1778066164222	727.2564583333333
467.54605188151993	744.5504166666666
467.914253284431	1063.1233333333332
468.2824108169978	709.0522916666665
468.65052447106297	807.3547916666666
469.0185942384692	906.5675000000001
469.38662011105873	731.8075
469.75460208067443	729.9870833333334
470.1225401391589	749.1014583333332
470.49043427835454	701.770625
470.85828449010404	909.2981249999999
471.22609076624997	697.2195833333334
471.5938530986349	696.3093750000002
471.96157147910145	834.6610416666666
472.3292458994921	774.5872916666667
472.69687635164945	787.3302083333333
473.06446282741626	845.5835416666665
473.4320053186349	788.2404166666666
473.7995038171479	696.3093749999999
474.1669583147982	682.65625
474.5343688034279	1190.5525
474.90173527488	783.689375
475.26905772099684	756.383125
475.63633613362094	1129.5685416666668
476.0035705045952	896.5552083333332
476.3707608257619	885.6327083333332
476.7379070889637	803.7139583333333
477.1050092860433	790.9710416666667
477.4720674088431	1157.785
477.8390814492057	789.1506249999999
478.2060513989739	788.2404166666666
478.57297724998995	658.0806249999999
478.9398589940967	655.35
479.30669662313665	744.5504166666666
479.67349012895227	760.0239583333333
480.04023950338626	922.0410416666667
480.4069447382812	712.6931250000001
480.77360582547965	782.7791666666667
481.1402227568242	1043.09875
481.5067955241573	755.4729166666666
481.8733241193217	724.5258333333333
482.23980853416	689.0277083333334
482.60624876051463	710.8727083333333
482.97264479022823	753.6525
483.3389966151434	830.11
483.70530422710266	789.1506250000001
484.0715676179487	758.2035416666666
484.43778677952406	740.9095833333334
484.80396170367123	735.4483333333334
485.170092382233	743.6402083333332
485.53617880705167	879.26125
485.90222096996996	1137.7604166666667
486.2682188628305	966.64125
486.63417247747583	668.0929166666666
487.0000818057485	1130.47875
487.36594683949113	768.2158333333333
487.73176757054625	816.456875
488.09754399075644	955.71875
488.46327609196436	770.9464583333333
488.8289638660125	730.8972916666667
489.19460730474356	701.770625
489.56020639999997	1507.305
489.9257611436244	762.7545833333334
490.29127152745946	801.8935416666667
490.65673754334756	776.4077083333335
491.0221591831315	698.1297916666666
491.3875364386538	764.5749999999999
491.75286930175685	740.9095833333334
492.11815776428347	1059.4824999999998
492.4834018180762	1029.445625
492.8486014549774	772.7668749999999
493.21375666683	761.844375
493.5788674454763	749.1014583333332
493.94393378275896	1160.515625
494.30895567052073	796.4322916666666
494.67393310060385	710.8727083333333
495.0388660648512	823.7385416666666
495.4037545551053	861.9672916666667
495.76859856320857	868.33875
496.1333980810037	882.9020833333333
496.49815310033335	714.5135416666667
496.8628636130399	993.9474999999999
497.22752961096626	747.2810416666666
497.59215108595464	765.4852083333334
497.95672802984774	835.57125
498.3212604344883	1063.1233333333334
498.6857482917187	756.383125
499.05019159338167	789.1506249999999
499.4145903313197	965.7310416666666
499.7789444973753	862.8775
500.14325408339124	1024.8945833333335
500.50751908121	829.1997916666666
500.8717394826741	735.4483333333334
501.2359152796262	866.5183333333334
501.6000464639089	809.1752083333334
501.9641330273647	861.0570833333333
502.3281749618363	924.7716666666665
502.69217225916606	744.5504166666666
503.0561249111968	920.2206249999999
503.42003290977095	773.6770833333334
503.78389624673116	804.6241666666666
504.14771491391997	750.0116666666667
504.51148890318	810.995625
504.8752182063538	948.4370833333332
505.238902815284	793.7016666666667
505.60254272181305	848.3141666666667
505.9661379177837	781.8689583333334
506.3296883950385	773.6770833333334
506.69319414541985	765.4852083333334
507.05665516077056	1764.8939583333333
507.42007143293307	862.8775
507.78344295374995	876.530625
508.14676971506384	1343.4675
508.51005170871747	750.0116666666667
508.8732889265531	817.3670833333334
509.2364813604135	771.8566666666666
509.5996290021412	778.228125
509.9627318435789	856.5060416666666
510.325789876569	861.9672916666667
510.6888030929541	801.8935416666667
511.051771484577	748.19125
511.41469504328	830.11
511.77757376090574	730.8972916666667
512.1404076292971	774.5872916666667
512.5031966402962	809.1752083333334
512.8659407857458	775.4975
513.2286400574887	849.2243749999999
513.5912944473672	805.5343750000001
513.953903947224	764.5750000000002
514.3164685489018	740.9095833333334
514.6789882442428	812.8160416666666
515.04146302509	909.2981250000001
515.4038928832857	842.8529166666667
515.7662778106726	802.80375
516.1286177990931	886.5429166666667
516.4909128403904	808.265
516.8531629264063	1124.1072916666665
517.2153680489837	875.6204166666666
517.5775281999652	864.6979166666666
517.9396433711935	832.8406249999999
518.3017135545108	868.33875
518.66373874176	909.2981249999999
519.0257189247836	873.8000000000001
519.3876540954242	957.5391666666668
519.7495442455245	939.335
520.1113893669268	1009.4210416666668
520.4731894514738	879.26125
520.8349444910081	861.0570833333335
521.1966544773722	966.64125
521.558319402409	821.0079166666666
521.9199392579607	902.9266666666666
522.28151403587	1075.86625
522.6430437279796	1114.095
523.0045283261317	963.910625
523.3659678221695	819.1875
523.7273622079351	745.460625
524.0887114752712	860.146875
524.4500156160204	750.0116666666667
524.8112746220253	825.5589583333334
525.1724884851286	859.2366666666667
525.5336571971726	1505.4845833333331
525.8947807500001	842.8529166666667
526.2558591354534	866.5183333333334
526.6168923453754	858.3264583333333
526.9778803716086	846.49375
527.3388232059956	926.5920833333333
527.6997208403786	2369.2722916666667
528.0605732666008	931.143125
528.4213804765045	799.1629166666667
528.782142461932	871.9795833333333
529.1428592147264	914.7593750000001
529.50353072673	766.3954166666666
529.8641569897852	827.379375
530.224737995735	1015.7925
530.5852737364216	831.9304166666667
530.9457642036878	857.4162499999999
531.3062093893762	880.1714583333332
531.6666092853293	831.0202083333334
532.0269638833895	798.2527083333334
532.3872731753997	918.4002083333334
532.7475371532023	952.0779166666666
533.10775580864	780.0485416666667
533.4679291335551	761.844375
533.8280571197906	833.7508333333334
534.1881397591887	973.0127083333333
534.5481770435923	846.49375
534.9081689648438	815.5466666666667
535.2681155147857	903.836875
535.6280166852607	762.7545833333334
535.9878724681114	981.2045833333333
536.3476828551802	818.2772916666667
536.7074478383099	1048.56
537.0671674093431	945.7064583333332
537.4268415601222	800.073125
537.7864702824897	795.5220833333333
538.1460535682887	874.7102083333334
538.5055914093612	873.7999999999998
538.8650837975499	931.143125
539.2245307246978	871.9795833333333
539.5839321826469	846.49375
539.9432881632401	832.8406249999999
540.30259865832	800.9833333333332
540.6618636597291	797.3425000000001
541.0210831593098	809.1752083333332
541.380257148905	876.530625
541.7393856203572	798.2527083333334
542.0984685655087	791.88125
542.4575059762025	1000.3189583333333
542.8164978442809	791.88125
543.1754441615866	867.4285416666667
543.5343449199621	907.4777083333332
543.89320011125	877.4408333333334
544.2520097272928	775.4975000000001
544.6107737599334	786.4200000000001
544.9694922010141	739.999375
545.3281650423775	781.8689583333334
545.6867922758662	761.844375
546.0453738933229	751.8320833333332
546.40390988659	861.0570833333335
546.7624002475101	973.9229166666668
547.1208449679259	892.914375
547.4792440396799	800.9833333333332
547.8375974546148	795.5220833333333
548.195905204573	1089.519375
548.5541672813971	804.6241666666666
548.91238367693	785.5097916666667
549.2705543830137	842.8529166666667
549.6286793914913	812.8160416666666
549.986758694205	898.375625
550.3447922829978	719.9747916666666
550.702780149712	914.759375
551.0607222861901	755.4729166666667
551.4186186842746	787.3302083333333
551.7764693358087	828.2895833333333
552.1342742326343	792.7914583333335
552.4920333665942	937.5145833333335
552.8497467295313	792.7914583333333
553.2074143132876	721.7952083333333
553.565036109706	892.0041666666666
553.9226121106294	805.5343750000001
554.2801423078997	808.265
554.63762669336	799.1629166666667
554.9950652588526	872.8897916666666
555.3524579962202	821.918125
555.7098048973054	774.5872916666667
556.0671059539508	861.0570833333335
556.4243611579986	788.2404166666666
556.7815705012921	828.2895833333333
557.1387339756732	861.9672916666667
557.495851572985	790.0608333333334
557.8529232850698	790.9710416666667
558.20994910377	743.6402083333332
558.5669290209286	748.19125
558.9238630283878	782.7791666666667
559.2807511179905	768.2158333333333
559.6375932815791	754.5627083333334
559.9943895109963	752.7422916666666
560.3511397980844	723.615625
560.7078441346864	900.1960416666667
561.0645025126445	882.9020833333334
561.4211149238015	783.689375
561.77768136	771.8566666666667
562.1342018130823	713.6033333333334
562.4906762748914	728.1666666666666
562.8471047372697	841.0324999999999
563.2034871920595	780.0485416666667
563.5598236311037	720.8849999999999
563.9161140462448	1259.7283333333332
564.2723584293254	902.9266666666667
564.6285567721882	777.3179166666665
564.9847090666755	797.3425000000001
565.34081530463	735.4483333333334
565.6968754778943	1044.008958333333
566.052889578311	1038.5477083333335
566.4088575977227	1238.7935416666667
566.7647795279719	819.1875
567.1206553609012	823.7385416666666
567.4764850883533	726.3462499999999
567.8322687021706	750.0116666666667
568.1880061941957	891.0939583333334
568.5436975562714	814.6364583333334
568.89934278024	952.0779166666666
569.2549418579441	904.7470833333333
569.6104947812267	1056.7518750000002
569.9660015419297	925.6818749999999
570.3214621318963	793.7016666666667
570.6768765429688	804.6241666666666
571.0322447669896	790.0608333333333
571.3875667958016	791.88125
571.7428426212473	994.8577083333333
572.0980722351692	813.72625
572.45325562941	846.4937500000001
572.8083927958121	822.8283333333333
573.1634837262183	894.7347916666668
573.5185284124709	852.8652083333333
573.8735268464127	861.9672916666667
574.2284790198863	946.6166666666667
574.5833849247341	872.8897916666666
574.9382445527988	923.8614583333333
575.293057895923	881.991875
575.6478249459491	861.9672916666667
576.0025456947199	934.7839583333333
576.357220134078	912.9389583333333
576.7118482558658	1075.86625
577.066430051926	915.6695833333333
577.4209655141011	1013.9720833333334
577.7754546342337	1122.286875
578.1298974041664	1130.47875
578.4842938157419	1169.6177083333332
578.8386438608024	1108.63375
579.192947531191	1039.4579166666665
579.54720481875	1109.5439583333334
579.9014157153218	1049.4702083333334
580.2555802127495	1109.5439583333334
580.609698302875	1188.7320833333333
580.9637699775415	1227.8710416666665
581.3177952285913	1196.9239583333333
581.6717740478667	1203.2954166666666
582.0257064272109	1262.4589583333334
582.3795923584662	1276.1120833333334
582.7334318334749	1404.4514583333332
583.08722484408	1542.8031250000001
583.4409713821237	1642.9260416666666
583.794671439449	1409.0024999999998
584.1483250078983	1625.6320833333332
584.501932079314	1556.45625
584.8554926455387	1585.5829166666665
585.2090066984154	1690.256875
585.5624742297861	1706.640625
585.9158952314937	1667.5016666666663
586.2692696953808	1727.5754166666666
586.6225976132899	1758.5225
586.9758789770636	1821.326875
587.3291137785446	1908.7068749999999
587.6823020095754	1958.7683333333334
588.0354436619982	2028.8543750000001
588.3885387276563	2067.9933333333333
588.7415871983918	2027.0339583333334
589.0945890660471	2135.3487500000006
589.4475443224653	2087.1077083333334
589.8004529594888	2305.5577083333333
590.15331496896	2414.7827083333336
590.5061303427216	2478.4972916666666
590.8588990726163	2458.4727083333332
591.2116211504864	2561.32625
591.5642965681747	2748.8291666666664
591.9169253175238	2686.0247916666667
592.269507390376	2713.331041666667
592.6220427785742	2784.3272916666665
592.974531473961	2716.9718749999997
593.3269734683787	3139.3085416666668
593.6793687536699	3018.2508333333335
594.0317173216775	2983.6629166666667
594.3840191642438	3158.4229166666664
594.7362742732114	3092.8879166666666
595.0884826404231	3299.5052083333335
595.4406442577213	3285.852083333333
595.7927591169484	3286.7622916666664
596.1448272099474	3321.3502083333333
596.4968485285606	3532.518541666667
596.8488230646306	3383.2443749999998
597.2007508099999	3384.154583333333
597.5526317565115	3599.8739583333336
597.9044658960074	4415.420625
598.2562532203306	3707.2785416666666
598.6079937213235	3706.3683333333333
598.9596873908287	3747.327708333333
599.3113342206889	3790.1075
599.6629342027466	3831.977083333333
600.0144873288441	4855.0512499999995
600.3659935908244	3953.0347916666665
600.71745298053	3910.2549999999997
601.0688654898032	3861.10375
601.4202311104871	4073.1822916666665
601.7715498344237	3964.8675
602.1228216534558	4276.15875
602.4740465594261	4193.329791666667
602.8252245441772	4091.386458333333
603.1763555995517	4028.5820833333332
603.5274397173916	4092.296666666667
603.8784768895403	4298.00375
604.22946710784	4171.484791666667
604.5804103641332	4169.664375
604.9313066502625	4592.001041666666
605.2821559580708	4305.285416666667
605.6329582794003	4363.538750000001
605.9837136060937	4319.84875
606.3344219299937	4323.489583333333
606.6850832429426	4505.53125
607.0356975367833	4379.012291666667
607.3862648033582	4933.329166666667
607.73678503451	4323.489583333333
608.0872582220811	4451.828958333333
608.4376843579142	4421.792083333334
608.7880634338519	4662.997291666667
609.1383954417366	4399.9470833333335
609.4886803734113	4446.367708333333
609.838918220718	4452.739166666667
610.1891089754997	4410.869583333333
610.5392526295989	4375.371458333334
610.8893491748582	4366.269375
611.2393986031199	4389.024583333333
611.589400906227	4333.501875000001
611.9393560760218	4405.408333333334
612.289264104347	4350.795833333334
612.6391249830451	4360.8081250000005
612.9889387039588	4389.934791666667
613.3387052589305	4274.338333333333
613.6884246398027	4348.065208333333
614.0380968384185	4357.167291666666
614.38772184662	4152.370416666667
614.7372996562499	4252.493333333333
615.0868302591509	4322.579375
615.4363136471654	4287.991458333333
615.785749812136	4373.551041666667
616.1351387459055	4303.464999999999
616.4844804403161	4155.101041666667
616.8337748872108	4223.366666666668
617.1830220784319	4235.199374999999
617.5322220058221	4120.513125
617.8813746612238	4127.794791666666
618.2304800364799	4236.109583333333
618.5795381234328	4178.7664583333335
618.9285489139249	4183.3175
619.2775123997992	4197.880833333334
619.6264285728979	4110.500833333333
619.9752974250638	4117.7825
620.3241189481392	4068.63125
620.6728931339671	4073.1822916666665
621.0216199743898	3983.981875
621.3702994612498	3959.40625
621.71893158639	4045.8760416666664
622.0675163416527	4022.210625
622.4160537188806	3768.2625000000003
622.7645437099163	3892.0508333333332
623.1129863066024	3881.1283333333336
623.4613815007812	3827.426041666667
623.8097292842956	3777.3645833333335
624.1580296489882	3741.8664583333334
624.5062825867013	3734.5847916666667
624.8544880892778	3726.392916666666
625.20264614856	3801.03
625.5507567563906	3699.9968750000003
625.8988199046122	3760.0706250000003
626.2468355850674	3826.5158333333334
626.5948037895986	3637.1924999999997
626.9427245100487	3571.6575
627.2905977382602	3591.682083333333
627.6384234660752	3669.9599999999996
627.9862016853368	3666.3191666666667
628.3339323878878	3590.771875
628.6816155655699	3415.101666666667
629.0292512102264	3632.6414583333335
629.3768393136999	4177.85625
629.7243798678326	3464.252916666667
630.071872864467	3878.3977083333334
630.4193182954463	3531.6083333333336
630.7667161526125	3476.085625
631.1140664278083	3349.566666666667
631.4613691128765	3369.59125
631.8086241996596	3287.6725
632.1558316799999	3414.1914583333332
632.5029915457404	3270.3785416666665
632.8501037887233	3355.938125
633.1971684007915	3305.8766666666666
633.5441853737874	3173.896458333333
633.8911546995539	3112.002291666666
634.2380763699327	3117.4635416666665
634.5849503767676	3245.802916666666
634.9317767119002	3118.37375
635.2785553671735	3132.026875
635.6252863344299	3197.561875
635.9719696055123	2952.7158333333336
636.318605172263	3060.1204166666666
636.6651930265247	2941.7933333333335
637.0117331601399	2961.8179166666664
637.3582255649512	2907.205416666666
637.7046702328013	3058.3000000000006
638.0510671555326	2949.0750000000003
638.3974163249877	2832.568333333333
638.7437177330092	2879.8991666666666
639.08997137144	4229.738125
639.4361772321222	2890.8216666666667
639.7823353068986	2738.816875
640.1284455876117	2756.1108333333336
640.4745080661042	2805.2620833333335
640.8205227342187	2725.16375
641.1664895837977	2655.987916666667
641.5124086066837	2599.555
641.8582797947192	2625.040833333333
642.2041031397473	2682.3839583333333
642.54987863361	2509.444375
642.8956062681501	2562.2364583333333
643.2412860352101	2687.8452083333336
643.586917926633	2549.4935416666667
643.9325019342607	2478.4972916666666
644.2780380499362	2535.8404166666664
644.623526265502	2408.41125
644.9689665728008	2496.701458333333
645.3143589636749	2589.542708333333
645.6597034299672	2433.8970833333333
646.00499996352	2518.5464583333337
646.3502485561759	2670.55125
646.6954491997778	2436.6277083333334
647.040601886168	2372.0029166666664
647.385706607189	2384.7458333333334
647.7307633546837	2341.0558333333333
648.0757721204944	2321.9414583333332
648.4207328964637	2312.839375
648.7656456744345	2272.7902083333333
649.1105104462491	2411.141875
649.4553272037499	2244.57375
649.8000959387799	2202.704166666667
650.1448166431815	2387.476458333333
650.4894893087971	2335.5945833333335
650.8341139274694	2181.7693750000003
651.1786904910413	2134.4385416666664
651.5232189913548	2122.6058333333335
651.867699420253	2144.450833333334
652.2121317695781	2146.27125
652.5565160311729	2159.924375
652.9008521968799	2071.6341666666667
653.2451402585418	2049.789166666667
653.589380208001	2122.6058333333335
653.9335720371001	2215.4470833333335
654.2777157376819	2057.0708333333337
654.6218113015888	2085.2872916666665
654.9658587206632	1974.241875
655.3098579867482	2162.655
655.6538090916857	1938.7437499999999
655.9977120273187	1923.2702083333334
656.34156678549	1922.36
656.6853733580418	2075.275
657.0291317368166	1895.05375
657.3728419136573	2001.548125
657.7165038804063	1875.0291666666665
658.0601176289063	1831.3391666666666
658.4036831509995	1867.7475000000002
658.7472004385293	1858.6454166666665
659.0906694833374	2094.389375
659.4340902772667	1875.029166666667
659.77746281216	1957.858125
660.1207870798596	2017.9318750000002
660.4640630722082	1905.97625
660.8072907810484	1779.4572916666668
661.1504701982227	1901.4252083333333
661.4936013155738	1844.9922916666667
661.8366841249441	1777.6368750000001
662.1797186181763	1716.6529166666667
662.5227047871128	1741.2285416666666
662.8656426235966	1906.8864583333334
663.2085321194701	1794.0206249999999
663.5513732665754	1723.9345833333334
663.8941660567558	1735.7672916666668
664.2369104818536	1714.8325000000002
664.5796065337111	1667.5016666666668
664.9222542041712	1725.755
665.2648534850765	1663.8608333333332
665.6074043682694	1834.9799999999998
665.9499068455925	1705.7304166666665
666.2923609088887	1667.5016666666668
666.63476655	1619.260625
666.9771237607694	1591.954375
667.3194325330395	1645.6566666666665
667.6616928586526	1593.7747916666667
668.0039047294514	1605.6075
668.3460681372787	1608.3381250000002
668.6881830739768	1583.7625
669.0302495313884	1561.9174999999998
669.3722675013561	1924.1804166666668
669.7142369757223	1716.6529166666667
670.0561579463299	1492.7416666666668
670.3980304050212	1581.031875
670.7398543436391	1550.084791666667
671.0816297540256	1470.8966666666668
671.4233566280238	1903.2456250000002
671.7650349574764	1509.1254166666668
672.1066647342252	1449.0516666666665
672.4482459501136	1490.92125
672.7897785969838	1894.1435416666666
673.1312626666784	1502.7539583333335
673.4726981510399	1486.370208333333
673.8140850419113	1492.7416666666668
674.1554233311347	1434.4883333333335
674.4967130105528	1439.9495833333333
674.8379540720083	1413.553541666667
675.1791465073437	1631.0933333333332
675.5202903084016	1638.375
675.8613854670248	1347.1083333333333
676.2024319750553	1437.2189583333336
676.5434298243362	1495.4722916666667
676.88437900671	1491.8314583333333
677.2252795140191	1399.9004166666666
677.5661313381062	1430.8475
677.9069344708139	1321.6225
678.2476889039847	1338.0062500000001
678.5883946294612	1318.891875
678.9290516390861	1253.356875
679.2696599247018	1393.5289583333333
679.6102194781508	1323.4429166666666
679.9507302912762	1267.9202083333332
680.29119235592	1354.39
680.631605663925	1407.1820833333334
680.9719702071338	1271.5610416666668
681.312285977389	1410.8229166666667
681.6525529665331	1434.4883333333335
681.9927711664087	1427.2066666666667
682.3329405688585	1229.6914583333332
682.6730611657248	1241.5241666666668
683.0131329488505	1298.8672916666667
683.353155910078	1182.360625
683.6931300412499	1334.3654166666668
684.0330553342089	1226.9608333333335
684.3729317807973	1317.0714583333336
684.7127593728582	1253.3568750000002
685.0525381022335	1211.4872916666666
685.3922679607663	1206.0260416666667
685.7319489402989	1203.2954166666668
686.0715810326739	1284.3039583333332
686.4111642297341	1200.5647916666667
686.750698523322	1144.131875
687.0901839052799	1198.744375
687.4296203674508	1131.3889583333334
687.7690079016771	1209.6668750000001
688.1083464998012	1234.2425
688.4476361536658	1112.274583333333
688.7868768551137	1097.71125
689.1260685959872	1136.8502083333333
689.465211368129	1109.5439583333334
689.8043051633817	1287.9447916666666
690.1433499735879	1152.3237499999998
690.48234579059	1817.6860416666666
690.8212926062307	1652.9383333333335
691.1601904123526	1137.7604166666667
691.4990392007982	1092.25
691.8378389634104	1045.829375
692.1765896920311	1112.2745833333336
692.5152913785035	1082.2377083333333
692.8539440146701	1041.2783333333334
693.1925475923734	1298.8672916666667
693.5311021034557	1125.9277083333334
693.86960753976	2722.4331249999996
694.2080638931286	1246.0752083333334
694.5464711554041	1064.0335416666667
694.8848293184293	978.4739583333334
695.2231383740468	1186.9116666666666
695.5613983140987	1000.3189583333333
695.899609130428	935.6941666666665
696.2377708148773	1022.1639583333334
696.5758833592889	953.8983333333334
696.9139467555057	1071.3152083333334
697.25196099537	1049.4702083333334
697.5899260707245	1088.6091666666669
697.9278419734118	1134.1195833333334
698.2657086952745	941.1554166666666
698.603526228155	1156.8747916666669
698.9412945638961	1266.0997916666668
699.2790136943405	999.40875
699.6166836113304	985.7556250000001
699.9543043067085	1188.7320833333333
700.2918757723176	1088.6091666666666
700.629398	1133.2093750000001
700.9668709815984	993.9475000000001
701.3042947089555	968.4616666666667
701.6416691739137	1092.25
701.9789943683154	1164.1564583333331
702.3162702840036	957.5391666666666
702.6534969128209	979.3841666666666
702.9906742466095	849.2243750000001
703.3278022772121	1070.405
703.6648809964715	914.7593750000001
704.00191039623	926.5920833333333
704.3388904683302	922.0410416666667
704.6758212046151	857.4162500000001
705.0127025969267	1037.6375
705.3495346371078	930.2329166666667
705.6863173170012	1076.7764583333335
706.0230506284493	896.5552083333333
706.3597345632945	827.379375
706.6963691133798	923.8614583333333
707.0329542705473	790.0608333333333
707.3694900266399	1007.600625
707.7059763735002	941.1554166666666
708.0424133029707	973.9229166666665
708.3788008068938	865.6081250000001
708.7151388771123	1033.0864583333334
709.0514275054688	896.5552083333333
709.3876666838056	1017.6129166666666
709.7238564039657	890.18375
710.0599966577913	840.1222916666667
710.3960874371253	972.1025
710.73212873381	880.1714583333332
711.0681205396882	1317.9816666666666
711.4040628466022	15101.266458333334
711.7399556463948	1734.8570833333333
712.0757989309087	939.335
712.4115926919862	922.9512500000001
712.7473369214699	890.18375
713.0830316112028	837.3916666666668
713.418676753027	918.4002083333334
713.7542723387851	871.9795833333334
714.08981836032	809.1752083333334
714.425314809474	1013.061875
714.7607616780898	808.265
715.09615895801	816.456875
715.4315066410772	797.3425000000001
715.7668047191336	822.8283333333334
716.1020531840225	859.2366666666667
716.4372520275859	832.8406249999999
716.7724012416666	918.4002083333334
717.107500818107	826.4691666666668
717.44255074875	820.0977083333333
717.777551025438	778.228125
718.1125016400134	777.3179166666667
718.4474025843191	836.4814583333333
718.7822538501974	922.0410416666667
719.1170554294912	899.2858333333334
719.4518073140429	799.1629166666667
719.7865094956949	906.5675000000001
720.1211619662901	841.9427083333334
720.4557647176711	834.6610416666667
720.7903177416799	743.6402083333334
721.1248210301598	820.0977083333333
721.459274574953	888.3633333333333
721.7936783679021	861.9672916666667
722.1280324008497	774.5872916666667
722.4623366656388	846.4937500000001
722.7965911541114	838.301875
723.13079585811	1208.756666666667
723.4649507694777	957.5391666666666
723.7990558800569	850.1345833333334
724.13311118169	824.64875
724.4671166662197	775.4975
724.8010723254887	760.9341666666666
725.1349781513393	792.7914583333335
725.4688341356142	881.0816666666666
725.8026402701563	793.7016666666667
726.1363965468076	779.1383333333333
726.4701029574111	880.1714583333332
726.8037594938094	819.1875
727.1373661478447	883.8122916666666
727.4709229113599	802.80375
727.8044297761977	708.1420833333333
728.1378867342002	724.5258333333333
728.4712937772103	813.72625
728.8046508970707	727.2564583333333
729.1379580856236	731.8074999999999
729.4712153347119	780.9587500000001
729.8044226361783	815.5466666666666
730.137579981865	801.8935416666667
730.4706873636146	745.460625
730.80374477327	897.4654166666668
731.1367522026735	881.0816666666666
731.4697096436678	704.5012499999999
731.8026170880954	886.5429166666667
732.1354745277993	901.1062499999999
732.4682819546213	838.3018750000001
732.8010393604045	841.0324999999999
733.1337467369915	1013.061875
733.4664040762245	804.6241666666666
733.7990113699465	801.8935416666667
734.1315686099999	800.073125
734.4640757882273	983.9352083333333
734.7965328964714	831.0202083333334
735.1289399265746	846.49375
735.4612968703796	701.770625
735.7936037197286	948.4370833333334
736.1258604664649	791.88125
736.4580671024305	772.7668749999999
736.7902236194681	772.7668749999999
737.1223300094205	757.2933333333334
737.45438626413	725.4360416666667
737.7863923754393	754.5627083333333
738.118348335191	695.3991666666667
738.4502541352277	715.4237499999999
738.7821097673918	764.5749999999999
739.1139152235262	808.265
739.4456704954733	907.4777083333333
739.7773755750756	743.6402083333334
740.1090304541757	709.9625
740.4406351246164	779.1383333333333
740.7721895782399	960.2697916666666
741.1036938068892	839.2120833333333
741.4351478024066	711.7829166666667
741.7665515566348	871.069375
742.0979050614163	995.7679166666667
742.4292083085937	962.0902083333334
742.7604612900096	847.4039583333333
743.0916639975067	877.4408333333334
743.4228164229273	771.8566666666666
743.7539185581142	674.464375
744.0849703949099	834.6610416666667
744.4159719251571	811.9058333333332
744.7469231406983	709.9625000000001
745.0778240333758	789.1506250000001
745.4086745950326	710.8727083333333
745.7394748175113	892.914375
746.0702246926539	732.7177083333332
746.4009242123037	766.3954166666667
746.731573368303	763.6647916666666
747.0621721524942	742.73
747.39272055672	766.3954166666667
747.723218572823	750.921875
748.0536661926458	760.9341666666666
748.384063408031	719.0645833333333
748.7144102108211	828.2895833333333
749.0447065928587	831.0202083333334
749.3749525459865	760.9341666666668
749.7051480620469	857.4162499999999
750.0352931328825	756.383125
750.365387750336	810.995625
750.6954319062501	750.921875
751.025425592467	744.5504166666666
751.3553688008293	714.5135416666667
751.6852615231801	725.4360416666667
752.0151037513616	881.991875
752.3448954772161	865.6081250000001
752.6746366925869	928.4125
753.004327389316	919.3104166666666
753.333967559246	1225.1404166666666
753.66355719422	873.8000000000001
753.99309628608	753.6525
754.3225848266688	861.0570833333333
754.652022807829	772.7668749999999
754.9814102214033	755.4729166666667
755.3107470592339	767.305625
755.6400333131637	789.1506249999999
755.9692689750353	771.8566666666666
756.298454036691	726.34625
756.6275884899737	795.5220833333333
756.9566723267259	811.9058333333332
757.28570553879	836.4814583333333
757.6146881180086	822.8283333333333
757.9436200562246	709.0522916666665
758.2725013452803	682.65625
758.6013319770183	924.7716666666666
758.9301119432813	817.3670833333334
759.2588412359117	732.7177083333332
759.5875198467521	694.4889583333334
759.9161477676453	891.0939583333334
760.2447249904338	772.7668749999999
760.5732515069599	697.2195833333334
760.9017273090666	737.2687500000001
761.2301523885964	901.1062499999999
761.5585267373914	755.4729166666666
761.8868503472946	764.5749999999999
762.2151232101487	789.1506249999999
762.5433453177961	841.9427083333334
762.8715166620792	770.9464583333333
763.1996372348409	699.04
763.5277070279236	830.11
763.85572603317	764.5749999999999
764.1836942424226	719.0645833333334
764.5116116475239	888.3633333333332
764.8394782403163	805.5343750000001
765.1672940126431	707.231875
765.4950589563462	674.4643749999999
765.8227730632684	744.5504166666666
766.1504363252524	739.0891666666666
766.4780487341407	796.4322916666666
766.8056102817754	739.999375
767.13312096	867.4285416666667
767.4605807606565	733.6279166666667
767.7879896755875	755.4729166666667
768.1153476966355	830.11
768.4426548156436	817.3670833333334
768.7699110244537	808.265
769.0971163149088	962.0902083333334
769.4242706788516	825.5589583333334
769.7513741081242	778.228125
770.0784265945695	715.42375
770.40542813003	889.2735416666666
770.7323787063482	749.1014583333332
771.059278315367	917.4900000000001
771.3861269489287	915.6695833333333
771.7129245988758	831.0202083333334
772.0396712570512	840.1222916666667
772.3663669152974	816.456875
772.6930115654565	773.6770833333334
773.0196051993717	779.1383333333333
773.3461478088853	824.64875
773.6726393858401	746.3708333333334
773.9990799220781	760.0239583333332
774.3254694094426	826.4691666666666
774.6518078397759	907.4777083333333
774.9780952049204	739.999375
775.3043314967188	799.1629166666667
775.6305167070137	833.7508333333334
775.9566508276476	867.4285416666667
776.2827338504633	825.5589583333334
776.6087657673032	849.2243750000001
776.93474657001	778.2281250000001
777.2606762504261	800.073125
777.5865548003943	790.0608333333333
777.9123822117568	773.6770833333334
778.2381584763566	723.615625
778.5638835860362	774.5872916666667
778.889557532638	737.2687500000001
779.2151803080047	851.0447916666667
779.540751903979	963.0004166666668
779.8662723124031	719.9747916666666
780.1917415251199	758.2035416666668
780.5171595339721	881.991875
780.8425263308019	850.1345833333335
781.1678419074518	963.910625
781.493106255765	817.3670833333332
781.8183193675837	841.0324999999999
782.1434812347505	743.6402083333332
782.4685918491078	852.8652083333333
782.7936512024986	738.1789583333333
783.118659286765	821.918125
783.4436160937499	973.0127083333333
783.768521615296	682.65625
784.0933758432454	646.2479166666667
784.418178769441	719.0645833333334
784.7429303857256	790.9710416666667
785.0676306839412	760.0239583333333
785.3922796559308	752.7422916666668
785.716877293537	830.11
786.0414235886021	801.8935416666667
786.3659185329689	711.7829166666667
786.69036211848	798.2527083333333
787.0147543369778	1049.4702083333332
787.339095180305	790.9710416666667
787.6633846403042	667.1827083333334
787.987622708818	760.9341666666668
788.3118093776886	815.5466666666666
788.6359446387593	850.1345833333334
788.9600284838722	808.265
789.2840609048698	741.8197916666668
789.6080418935949	819.1875
789.93197144189	730.8972916666667
790.2558495415977	980.2943750000001
790.5796761845605	831.0202083333334
790.9034513626214	824.64875
791.2271750676223	875.6204166666666
791.5508472914062	790.0608333333333
791.8744680258158	780.0485416666667
792.1980372626931	861.9672916666667
792.5215549938813	828.2895833333333
792.8450212112227	1023.984375
793.16843590656	971.1922916666667
793.4917990717355	851.0447916666667
793.8151106985922	881.0816666666666
794.1383707789723	675.3745833333334
794.4615793047186	843.7631250000001
794.7847362676737	876.530625
795.1078416596802	858.3264583333333
795.4308954725801	693.57875
795.7538976982169	960.2697916666666
796.0768483284327	2528.55875
796.3997473550701	1088.6091666666669
796.7225947699715	880.1714583333334
797.0453905649798	861.9672916666667
797.3681347319375	716.3339583333333
797.690827262687	757.2933333333334
798.0134681490712	729.9870833333333
798.3360573829325	848.3141666666667
798.6585949561133	830.11
798.9810808604566	864.6979166666666
799.3035150878045	785.5097916666667
799.6258976299999	1099.5316666666665
799.9482284788854	799.1629166666667
800.2705076263034	1058.5722916666666
800.5927350640966	834.6610416666667
800.9149107841075	872.8897916666668
801.2370347781787	1122.286875
801.5591070381528	822.8283333333334
801.8811275558725	872.8897916666668
802.2030963231803	852.8652083333333
802.5250133319183	864.6979166666666
802.84687857393	808.265
803.1686920410574	877.4408333333334
803.4904537251431	955.71875
803.8121636180297	891.0939583333334
804.13382171156	782.7791666666666
804.4554279975763	742.73
804.7769824679212	896.5552083333333
805.0984851144376	873.8000000000001
805.4199359289677	859.2366666666667
805.7413349033543	810.995625
806.06268202944	802.80375
806.3839772990672	777.3179166666667
806.7052207040786	1620.1708333333333
807.0264122363169	930.2329166666667
807.3475518876243	814.6364583333334
807.6686396498436	787.3302083333333
807.9896755148177	747.2810416666666
808.3106594743887	870.1591666666667
808.6315915203992	973.0127083333333
808.9524716446922	763.6647916666666
809.2732998391101	794.611875
809.594076095495	833.7508333333334
809.9148004056901	799.1629166666667
810.235472761538	742.73
810.5560931548807	790.9710416666667
810.8766615775612	840.1222916666667
811.1971780214221	728.1666666666666
811.5176424783058	740.9095833333332
811.8380549400548	827.379375
812.1584153985121	771.8566666666666
812.4787238455199	795.5220833333333
812.7989802729209	772.7668749999999
813.1191846725578	872.8897916666666
813.4393370362732	774.5872916666667
813.759437355909	848.3141666666667
814.0794856233088	859.2366666666667
814.3994818303146	729.0768750000001
814.7194259687689	754.5627083333334
815.0393180305146	798.2527083333334
815.3591580073941	842.8529166666667
815.6789458912499	750.921875
815.9986816739249	779.1383333333333
816.3183653472614	781.8689583333334
816.637996903102	861.0570833333333
816.9575763332895	971.1922916666667
817.2771036296664	1084.9683333333332
817.5965787840748	796.4322916666666
817.9160017883579	919.3104166666667
818.2353726343582	838.301875
818.5546913139178	726.3462499999999
818.87395781888	855.5958333333334
819.1931721410868	677.195
819.5123342723809	1014.8822916666667
819.8314442046052	754.5627083333333
820.1505019296019	884.7225
820.4695074392138	760.0239583333333
820.7884607252832	740.9095833333334
821.107361779653	765.4852083333334
821.4262105941658	771.8566666666666
821.7450071606638	755.4729166666666
822.0637514709899	894.7347916666666
822.3824435169868	821.918125
822.7010832904965	832.8406249999999
823.0196707833622	1380.7860416666665
823.3382059874264	842.8529166666667
823.6566888945312	736.3585416666666
823.9751194965196	725.4360416666667
824.2934977852343	786.4200000000001
824.6118237525172	730.8972916666667
824.9300973902117	722.7054166666667
825.24831869016	779.1383333333333
825.5664876442045	861.0570833333333
825.8846042441882	889.2735416666668
826.2026684819534	752.7422916666668
826.5206803493426	830.11
826.8386398381987	868.3387499999999
827.156546940364	845.5835416666667
827.4744016476814	805.5343750000001
827.7922039519929	889.2735416666668
828.1099538451416	1891.412916666667
828.42765131897	790.9710416666667
828.7452963653204	770.9464583333333
829.0628889760359	732.7177083333332
829.3804291429586	781.8689583333334
829.697916857931	783.6893749999999
830.0153521127962	760.9341666666666
830.3327348993965	707.231875
830.6500652095742	782.7791666666667
830.9673430351726	822.8283333333334
831.2845683680337	928.4125
831.6017411999999	743.6402083333334
831.9188615229143	898.375625
832.2359293286195	1036.7272916666668
832.5529446089574	845.5835416666665
832.8699073557715	798.2527083333333
833.1868175609037	799.1629166666668
833.5036752161967	767.305625
833.8204803134935	889.2735416666666
834.1372328446362	756.383125
834.4539328014675	857.4162499999999
834.7705801758299	772.7668749999999
835.0871749595664	744.5504166666666
835.4037171445192	767.305625
835.7202067225306	789.1506249999999
836.0366436854439	713.6033333333334
836.3530280251014	842.8529166666667
836.6693597333452	839.2120833333333
836.9856388020186	876.530625
837.3018652229639	859.2366666666667
837.6180389880233	851.9549999999999
837.9341600890399	797.3425000000001
838.2502285178563	839.2120833333333
838.5662442663146	739.999375
838.8822073262578	746.3708333333334
839.1981176895283	837.3916666666665
839.5139753479687	770.03625
839.8297802934217	830.11
840.1455325177297	728.1666666666666
840.4612320127352	818.2772916666667
840.7768787702812	805.5343750000001
841.0924727822099	850.1345833333334
841.4080140403643	714.5135416666666
841.7235025365862	718.1543750000001
842.038938262719	799.1629166666667
842.3543212106048	766.3954166666666
842.6696513720862	857.4162499999999
842.9849287390061	1256.9977083333333
843.3001533032069	795.5220833333333
843.6153250565309	806.4445833333334
843.9304439908211	780.0485416666667
844.24551009792	778.2281250000001
844.5605233696699	771.8566666666666
844.8754837979137	718.1543750000001
845.190391374494	756.383125
845.5052460912531	830.11
845.8200479400336	831.0202083333334
846.1347969126784	1431.7577083333333
846.4494930010297	822.8283333333334
846.7641361969305	907.4777083333333
847.0787264922232	989.3964583333333
847.3932638787498	976.6535416666667
847.7077483483539	756.383125
848.0221798928775	805.5343749999998
848.3365585041632	999.4087499999999
848.6508841740534	850.1345833333334
848.9651568943913	746.3708333333334
849.2793766570189	1936.0131250000002
849.5935434537789	1091.3397916666665
849.9076572765141	810.995625
850.221718117067	780.0485416666667
850.5357259672799	867.4285416666667
850.8496808189958	723.6156249999999
851.1635826640571	790.9710416666667
851.4774314943061	808.265
851.7912273015859	817.3670833333334
852.1049700777388	757.2933333333334
852.4186598146072	973.9229166666668
852.732296504034	739.0891666666666
853.0458801378618	728.1666666666666
853.3594107079327	722.7054166666667
853.67288820609	763.6647916666667
853.9863126241758	804.6241666666666
854.2996839540325	771.8566666666666
854.6130021875033	750.0116666666667
854.9262673164303	880.1714583333334
855.2394793326564	738.1789583333333
855.5526382280236	759.11375
855.8657439943752	763.6647916666666
856.1787966235535	723.615625
856.4917961074007	741.8197916666667
856.80474243776	789.1506249999999
857.1176356064736	777.3179166666667
857.4304756053841	827.3793750000001
857.7432624263345	759.11375
858.0559960611668	774.5872916666667
858.3686765017236	679.925625
858.681303739848	761.844375
858.9938777673823	726.34625
859.3063985761688	1234.2425
859.6188661580505	757.2933333333334
859.93128050487	794.611875
860.2436416084694	738.1789583333334
860.5559494606917	739.0891666666666
860.8682040533795	739.999375
861.1804053783749	925.6818750000001
861.4925534275212	718.1543750000001
861.8046481926605	725.4360416666667
862.1166896656355	740.9095833333334
862.4286778382884	710.8727083333333
862.7406127024626	754.5627083333334
863.0524942500001	719.0645833333333
863.3643224727433	751.8320833333333
863.6760973625354	850.1345833333334
863.9878189112187	737.2687499999998
864.2994871106355	836.4814583333333
864.6111019526287	944.79625
864.9226634290409	707.231875
865.2341715317144	919.3104166666667
865.5456262524921	794.611875
865.8570275832164	821.0079166666666
866.1683755157298	685.386875
866.4796700418752	751.8320833333333
866.7909111534951	688.1175
867.1020988424316	735.4483333333334
867.4132331005279	657.1704166666667
867.7243139196262	733.6279166666667
868.0353412915691	681.7460416666667
868.3463152081995	874.7102083333333
868.6572356613597	737.2687500000001
868.9681026428924	777.3179166666665
869.2789161446399	647.1581249999999
869.5896761584452	774.5872916666667
869.9003826761507	689.9379166666668
870.2110356895988	738.1789583333333
870.5216351906323	643.5172916666667
870.8321811710938	795.5220833333333
871.1426736228256	752.7422916666668
871.4531125376707	670.8235416666666
871.7634979074714	665.3622916666667
872.0738297240702	747.2810416666667
872.38410797931	834.6610416666666
872.6943326650331	626.2233333333334
873.0045037730821	709.9625000000001
873.3146212952998	658.0806249999999
873.6246852235287	631.6845833333333
873.9346955496112	656.2602083333333
874.24465226539	713.6033333333334
874.5545553627078	1127.7481249999998
874.8644048334069	851.955
875.17420066933	647.1581249999999
875.48394286232	769.1260416666668
875.793631404219	734.538125
876.1032662868698	1115.9154166666667
876.4128475021149	781.8689583333335
876.7223750417972	790.0608333333333
877.0318488977587	653.5295833333333
877.3412690618425	711.7829166666667
877.650635525891	711.7829166666667
877.9599482817465	729.0768750000001
878.269207321252	669.0031250000001
878.57841263625	640.7866666666666
878.8875642185828	746.3708333333334
879.1966620600934	742.73
879.5057061526242	640.7866666666667
879.8146964880174	708.1420833333333
880.1236330581162	807.3547916666666
880.4325158547629	945.7064583333334
880.7413448697998	822.8283333333334
881.05012009507	818.2772916666667
881.358841522416	729.9870833333334
881.6675091436798	679.0154166666667
881.9761229507047	730.8972916666667
882.2846829353331	670.8235416666666
882.5931890894074	678.1052083333333
882.9016414047699	744.5504166666666
883.2100398732638	780.0485416666667
883.5183844867314	680.8358333333333
883.826675237015	692.6685416666666
884.1349121159577	798.2527083333334
884.4430951154019	988.48625
884.7512242271898	809.1752083333334
885.0592994431647	809.1752083333334
885.3673207551687	828.2895833333332
885.6752881550442	750.0116666666667
885.9832016346343	699.04
886.2910611857814	672.6439583333333
886.5988668003275	732.7177083333332
886.9066184701161	780.0485416666667
887.2143161869893	647.1581249999999
887.5219599427896	677.195
887.82954972936	669.0031250000001
888.1370855385427	845.5835416666665
888.4445673621801	720.8849999999999
888.7519951921154	759.11375
889.0593690201907	717.2441666666667
889.3666888382488	667.1827083333334
889.673954638132	752.7422916666666
889.9811664116833	752.7422916666666
890.288324150745	749.1014583333332
890.5954278471595	726.3462499999999
890.90247749277	729.9870833333333
891.2094730794186	755.4729166666667
891.5164145989478	694.4889583333334
891.8233020432004	905.6572916666668
892.1301354040191	925.6818749999999
892.4369146732461	749.1014583333334
892.7436398427244	739.999375
893.0503109042965	1003.0495833333334
893.3569278498044	718.1543750000001
893.6634906710915	736.3585416666666
893.96999936	711.7829166666667
894.2764539083722	1054.9314583333335
894.5828543080514	923.8614583333333
894.8892005508795	691.7583333333332
895.1954926286993	679.0154166666667
895.5017305333536	1281.5733333333335
895.8079142566849	782.7791666666667
896.1140437905356	661.7214583333334
896.4201191267481	762.7545833333334
896.7261402571654	688.1175
897.03210717363	669.9133333333333
897.3380198679843	720.8850000000001
897.643878332071	876.530625
897.9496825577328	981.2045833333333
898.2554325368118	775.4975
898.5611282611512	815.5466666666666
898.8667697225933	743.6402083333332
899.1723569129805	743.6402083333332
899.4778898241558	729.0768750000001
899.7833684479614	872.8897916666666
900.0887927762399	723.615625
900.3941628008342	679.0154166666667
900.6994785135867	762.7545833333334
901.0047399063398	881.0816666666666
901.3099469709363	1113.1847916666668
901.6150996992188	762.7545833333334
901.9201980830295	751.8320833333333
902.2252421142116	1379.8758333333335
902.5302317846073	734.538125
902.8351670860594	729.0768749999999
903.1400480104098	858.3264583333333
903.4448745495021	805.5343749999998
903.7496466951783	963.910625
904.0543644392808	844.6733333333333
904.3590277736527	680.8358333333333
904.6636366901363	687.2072916666666
904.968191180574	712.6931249999999
905.2726912368087	885.6327083333332
905.5771368506829	908.3879166666666
905.8815280140391	800.073125
906.18586471872	933.8737500000001
906.490146956568	773.6770833333334
906.7943747194257	804.6241666666666
907.0985479991359	953.8983333333334
907.4026667875411	857.4162499999999
907.7067310764836	810.0854166666667
908.0107408578065	699.04
908.3146961233518	801.8935416666667
908.6185968649625	770.03625
908.9224430744811	853.7754166666667
909.2262347437501	796.4322916666666
909.529971864612	745.460625
909.8336544289094	4348.975416666667
910.137282428485	893.8245833333334
910.4408558551816	818.2772916666668
910.7443747008411	699.0400000000001
911.0478389573069	983.025
911.351248616421	1076.7764583333335
911.6546036700261	830.11
911.9579041099649	796.4322916666666
912.26114992808	729.0768750000001
912.5643411162137	1198.744375
912.867477666209	1004.87
913.1705595699083	749.1014583333332
913.4735868191539	706.3216666666667
913.7765594057887	706.3216666666667
914.0794773216553	678.1052083333334
914.382340558596	753.6525
914.6851491084537	1084.0581249999998
914.9879029630708	792.7914583333333
915.2906021142899	821.9181250000001
915.5932465539537	798.2527083333333
915.8958362739046	717.2441666666667
916.1983712659853	770.03625
916.5008515220383	790.0608333333333
916.8032770339062	718.1543750000001
917.1056477934318	650.7989583333333
917.407963792457	956.6289583333332
917.7102250228253	765.4852083333334
918.0124314763789	790.0608333333333
918.3145831449599	659.9010416666666
918.6166800204115	757.2933333333334
918.9187220945763	763.6647916666667
919.2207093592963	1296.1366666666665
919.5226418064146	725.4360416666667
919.8245194277738	735.4483333333334
920.1263422152159	734.538125
920.4281101605843	721.7952083333334
920.7298232557209	703.5910416666666
921.0314814924685	679.925625
921.3330848626699	751.8320833333333
921.6346333581675	953.8983333333332
921.9361269708037	759.11375
922.2375656924214	718.154375
922.538949514863	691.7583333333333
922.8402784299712	780.0485416666667
923.1415524295884	800.073125
923.4427715055573	726.3462499999999
923.7439356497206	751.8320833333333
924.0450448539206	737.2687500000001
924.34609911	678.1052083333333
924.6470984098015	816.456875
924.9480427451673	669.9133333333333
925.2489321079405	754.5627083333333
925.5497664899635	696.3093749999999
925.8505458830786	787.3302083333333
926.1512702791289	909.2981249999999
926.4519396699565	726.34625
926.752554047404	705.4114583333334
927.0531134033143	774.5872916666667
927.35361772953	689.9379166666668
927.6540670178932	683.5664583333333
927.9544612602471	792.7914583333333
928.2548004484337	699.9502083333333
928.5550845742961	669.0031250000001
928.8553136296762	739.999375
929.1554876064173	683.5664583333333
929.4556064963617	834.6610416666666
929.7556702913517	714.5135416666667
930.0556789832303	811.9058333333334
930.35563256384	804.6241666666666
930.6555310250232	804.6241666666666
930.9553743586226	726.34625
931.2551625564809	743.6402083333332
931.5548956104402	824.64875
931.8545735123437	662.6316666666667
932.1541962540336	843.7631250000001
932.4537638273525	674.464375
932.7532762241433	756.383125
933.0527334362483	868.33875
933.3521354555098	719.0645833333333
933.6514822737711	690.848125
933.9507738828743	922.0410416666667
934.2500102746618	679.925625
934.5491914409766	710.8727083333333
934.8483173736612	906.5675
935.1473880645581	739.0891666666666
935.4464035055097	708.1420833333333
935.745363688359	677.195
936.0442686049482	800.9833333333332
936.3431182471198	745.460625
936.641912606717	646.2479166666667
936.9406516755819	699.9502083333333
937.239335445557	770.9464583333333
937.537963908485	701.770625
937.8365370562088	870.1591666666667
938.1350548805704	689.9379166666668
938.4335173734129	690.8481250000001
938.7319245265786	725.4360416666667
939.0302763319099	671.73375
939.3285727812499	714.5135416666667
939.626813866441	630.774375
939.9249995793253	718.154375
940.223129911746	722.7054166666667
940.5212048555455	698.1297916666667
940.8192244025662	687.2072916666666
941.1171885446508	693.57875
941.415097273642	718.1543750000001
941.7129505813822	762.7545833333334
942.0107484597139	775.4975000000001
942.30849090048	719.9747916666666
942.6061778955228	666.2724999999999
942.9038094366849	1022.1639583333332
943.2013855158092	977.5637499999999
943.4989061247379	712.6931250000001
943.7963712553136	703.5910416666667
944.0937808993792	709.9625
944.3911350487772	701.770625
944.6884336953495	647.1581249999999
944.9856768309398	1011.2414583333333
945.28286444739	857.4162499999999
945.5799965365427	1005.7802083333332
945.8770730902406	806.4445833333333
946.1740941003263	821.0079166666666
946.4710595586421	728.1666666666666
946.7679694570312	739.999375
947.0648237873357	673.5541666666667
947.3616225413981	661.7214583333333
947.6583657110614	719.9747916666666
947.9550532881678	729.9870833333333
948.25168526456	877.4408333333334
948.5482616320805	790.0608333333333
948.8447823825722	846.49375
949.1412475078774	730.8972916666667
949.4376569998386	613.4804166666667
949.7340108502987	720.8849999999999
950.0303090511001	679.0154166666667
950.3265515940852	803.7139583333334
950.6227384710969	680.8358333333333
950.9188696739777	704.5012499999999
951.2149451945699	801.8935416666667
951.5109650247166	707.2318750000001
951.8069291562598	652.619375
952.1028375810424	679.925625
952.3986902909071	899.2858333333334
952.6944872776962	723.615625
952.9902285332523	692.6685416666666
953.2859140494182	747.2810416666666
953.5815438180365	709.9625000000001
953.8771178309494	981.2045833333333
954.1726360799998	792.7914583333333
954.4680985570304	722.7054166666667
954.7635052538835	675.3745833333334
955.0588561624015	721.7952083333333
955.3541512744275	648.9785416666667
955.6493905818038	694.4889583333334
955.9445740763729	804.6241666666666
956.2397017499775	773.6770833333334
956.5347735944603	780.0485416666667
956.8297896016634	780.0485416666667
957.1247497634299	790.9710416666667
957.4196540716023	795.5220833333333
957.7145025180229	741.8197916666667
958.0092950945348	727.2564583333333
958.3040317929799	694.4889583333334
958.5987126052012	814.6364583333334
958.8933375230413	1317.0714583333333
959.1879065383425	902.0164583333334
959.4824196429477	973.0127083333333
959.7768768286993	734.538125
960.07127808744	789.1506249999999
960.3656234110122	699.9502083333333
960.6599127912586	714.5135416666667
960.9541462200218	654.4397916666667
961.2483236891444	685.386875
961.5424451904687	809.1752083333334
961.8365107158377	766.3954166666666
962.1305202570937	719.9747916666666
962.4244738060793	787.3302083333333
962.7183713546373	733.6279166666667
963.01221289461	658.9908333333333
963.3059984178401	715.4237499999999
963.5997279161703	713.6033333333334
963.893401381443	733.6279166666667
964.1870188055007	849.2243750000001
964.4805801801863	721.7952083333333
964.7740854973422	783.6893749999999
965.0675347488107	785.5097916666667
965.3609279264349	747.2810416666666
965.6542650220572	680.8358333333332
965.9475460275199	760.9341666666666
966.240770934666	714.5135416666667
966.5339397353379	823.7385416666666
966.8270524213779	679.925625
967.120108984629	713.6033333333334
967.4131094169337	728.1666666666666
967.7060537101345	719.0645833333333
967.9989418560739	765.4852083333334
968.2917738465945	739.999375
968.5845496735391	849.2243750000001
968.8772693287499	704.5012499999999
969.16993280407	657.1704166666666
969.4625400913416	660.81125
969.755091182407	707.2318750000001
970.0475860691095	1226.9608333333333
970.3400247432913	815.5466666666666
970.6324071967948	1019.4333333333334
970.924733421463	700.8604166666668
971.2170034091381	677.195
971.5092171516628	726.3462499999999
971.80137464088	1422.655625
972.0934758686318	742.73
972.385520826761	809.1752083333332
972.6775095071101	756.383125
972.9694419015219	724.5258333333333
973.2613180018386	693.57875
973.5531377999032	728.1666666666666
973.8449012875581	719.9747916666666
974.1366084566458	694.4889583333334
974.4282592990087	841.9427083333334
974.71985380649	726.34625
975.0113919709318	770.03625
975.3028737841765	654.4397916666667
975.5942992380673	648.0683333333333
975.8856683244463	709.0522916666665
976.1769810351561	715.4237499999999
976.4682373620396	851.9549999999999
976.7594372969393	709.0522916666667
977.0505808316972	718.1543750000001
977.3416679581567	818.2772916666667
977.6326986681601	834.6610416666666
977.9236729535495	732.7177083333332
978.2145908061682	743.6402083333334
978.5054522178584	1671.1425
978.7962571804626	769.1260416666668
979.0870056858237	743.6402083333334
979.3776977257842	888.3633333333333
979.6683332921862	785.5097916666667
979.9589123768728	943.8860416666666
980.2494349716867	910.2083333333334
980.53990106847	814.6364583333334
980.8303106590655	827.379375
981.1206637353158	715.42375
981.4109602890635	674.464375
981.7012003121511	780.0485416666667
981.9913837964212	786.42
982.2815107337166	791.88125
982.5715811158793	679.925625
982.8615949347526	675.3745833333334
983.1515521821785	769.1260416666668
983.4414528499998	789.1506249999999
983.7312969300594	794.6118749999999
984.0210844141994	867.4285416666667
984.3108152942625	939.335
984.6004895620915	701.7706250000001
984.8901072095288	716.3339583333333
985.1796682284167	723.615625
985.4691726105984	848.3141666666667
985.7586203479162	992.1270833333333
986.0480114322123	737.2687500000001
986.33734585533	649.88875
986.6266236091113	718.1543750000001
986.9158446853992	979.3841666666667
987.2050090760357	726.34625
987.4941167728639	668.0929166666666
987.7831677677262	681.7460416666667
988.0721620524652	796.4322916666666
988.3610996189235	633.505
988.6499804589438	812.8160416666666
988.9388045643683	717.2441666666667
989.2275719270399	640.7866666666667
989.5162825388013	665.3622916666667
989.8049363914945	712.6931250000001
990.0935334769628	716.3339583333333
990.3820737870484	698.1297916666666
990.6705573135936	762.7545833333334
990.9589840484416	824.64875
991.2473539834347	717.2441666666667
991.5356671104153	931.1431249999999
991.8239234212261	756.383125
992.1121229077099	720.8850000000001
992.400265561709	699.9502083333333
992.6883513750662	663.541875
992.9763803396239	669.0031250000001
993.2643524472247	863.7877083333333
993.5522676897112	650.7989583333334
993.8401260589261	655.3499999999999
994.1279275467119	653.5295833333333
994.4156721449109	806.4445833333333
994.7033598453662	864.6979166666666
994.99099063992	783.689375
995.2785645204149	679.0154166666667
995.5660814786938	737.2687499999998
995.853541506599	742.73
996.140944595973	757.2933333333334
996.4282907386587	765.4852083333334
996.7155799264985	709.9625
997.0028121513348	888.3633333333333
997.2899874050105	763.6647916666667
997.5771056793681	675.3745833333334
997.8641669662499	621.6722916666668
998.1511712574988	756.383125
998.4381185449574	729.0768749999999
998.725008820468	827.379375
999.0118420758735	650.7989583333333
999.2986183030163	669.003125
999.585337493739	723.615625
999.8719996398839	693.57875
1000.158604733294	659.9010416666666
1000.445152765812	934.7839583333333
1000.7316437292799	785.5097916666667
1001.0180776155407	771.8566666666667
1001.3044544164371	649.88875
1001.5907741238111	910.2083333333334
1001.8770367295059	1035.8170833333334
1002.1632422253638	746.3708333333333
1002.4493906032271	736.3585416666666
1002.735481854939	638.0560416666667
1003.0215159723417	899.2858333333334
1003.3074929472778	708.1420833333333
1003.59341277159	739.0891666666666
1003.8792754371208	796.4322916666666
1004.1650809357126	837.3916666666668
1004.4508292592081	860.146875
1004.7365203994503	820.0977083333333
1005.0221543482811	719.0645833333334
1005.3077310975436	794.6118749999999
1005.5932506390802	659.9010416666666
1005.8787129647335	679.925625
1006.1641180663456	723.615625
1006.4494659357599	785.5097916666667
1006.7347565648188	747.2810416666666
1007.0199899453642	1091.3397916666665
1007.3051660692394	671.73375
1007.5902849282868	670.8235416666666
1007.8753465143486	713.6033333333334
1008.160350819268	817.3670833333332
1008.4452978348874	759.11375
1008.7301875530488	858.3264583333333
1009.0150199655957	776.4077083333333
1009.2997950643701	664.4520833333333
1009.5845128412144	739.0891666666666
1009.8691732879718	667.1827083333334
1010.1537763964845	758.2035416666668
1010.4383221585949	780.0485416666667
1010.7228105661462	622.5825
1011.0072416109805	713.6033333333334
1011.2916152849402	722.7054166666667
1011.5759315798686	681.7460416666667
1011.8601904876076	603.468125
1012.144392	703.5910416666666
1012.4285361088884	656.2602083333333
1012.7126228061155	701.7706250000001
1012.9966520835236	959.3595833333334
1013.2806239329553	737.2687500000001
1013.5645383462538	698.1297916666667
1013.8483953152609	774.5872916666667
1014.1321948318193	750.0116666666667
1014.4159368877722	720.8849999999999
1014.6996214749615	804.6241666666666
1014.98324858523	776.4077083333333
1015.2668182104202	724.5258333333333
1015.5503303423751	833.7508333333334
1015.8337849729367	794.611875
1016.1171820939478	682.65625
1016.4005216972512	754.5627083333334
1016.6838037746892	708.1420833333333
1016.9670283181047	800.9833333333335
1017.2501953193398	826.4691666666668
1017.5333047702371	717.2441666666667
1017.81635666264	777.3179166666665
1018.0993509883903	807.3547916666666
1018.3822877393309	730.8972916666667
1018.6651669073037	709.9625
1018.9479884841523	747.2810416666666
1019.2307524617187	787.3302083333333
1019.5134588318456	744.5504166666666
1019.7961075863757	835.57125
1020.0786987171514	702.6808333333333
1020.3612322160153	802.80375
1020.6437080748101	752.7422916666666
1020.9261262853781	708.1420833333333
1021.208486839562	711.7829166666667
1021.4907897292048	682.65625
1021.7730349461489	872.8897916666666
1022.0552224822362	728.1666666666666
1022.33735232931	689.9379166666668
1022.6194244792129	795.5220833333333
1022.9014389237868	722.7054166666667
1023.1833956548752	775.4975000000001
1023.46529466432	790.0608333333333
1023.7471359439638	665.3622916666667
1024.0289194856498	778.228125
1024.3106452812199	796.4322916666666
1024.5923133225172	675.3745833333334
1024.8739236013837	706.3216666666667
1025.1554761096625	706.3216666666667
1025.436970839196	706.3216666666667
