2.686523437499993561e-01	1.144468064208427338e-01
3.105468749999994449e-01	1.284810253103226274e-01
4.117187499999994671e-01	1.704351574781867440e-01
5.009765624999995559e-01	2.002171882685907511e-01
3.816406249999994005e-01	1.440237929017555429e-01
3.810546874999994338e-01	1.364553170573838681e-01
9.029296874999999112e-01	4.163350710189716031e-01
3.545898437499993561e-01	1.240862948342078692e-01
2.698242187499994005e-01	9.125787234200148645e-02
2.994140624999993561e-01	1.009520179764042264e-01
1.349121093750000888e+00	6.667173025060594282e-01
5.062499999999995337e-01	1.665792280634428302e-01
4.585937499999995226e-01	1.466388439895715823e-01
4.941406249999995559e-01	1.562290300434473478e-01
4.530273437499995337e-01	1.364398206361140398e-01
4.341796874999995226e-01	1.313937946511308796e-01
4.348632812499995115e-01	1.271330970795933324e-01
5.242187499999995115e-01	1.511786182290960068e-01
6.861328124999996891e-01	2.096045607118422749e-01
4.569335937499995337e-01	1.273463430761616055e-01
4.374999999999995004e-01	1.171939504195056297e-01
7.182617187499997780e-01	2.120185210458103986e-01
6.046874999999996003e-01	1.668956426172916452e-01
4.567382812499994893e-01	1.194930686976038714e-01
5.036132812499996003e-01	1.292366733982751037e-01
7.540039062499998002e-01	2.085953832394346896e-01
5.388671874999997335e-01	1.381942926863586885e-01
5.298828124999994671e-01	1.326606945984750430e-01
6.994140624999998224e-01	1.818272248999952823e-01
8.210937499999999556e-01	2.187798391912921803e-01
4.859374999999995781e-01	1.157926147581677251e-01
8.032226562499998890e-01	2.074672275092944995e-01
3.563476562499994227e-01	8.499342477728559497e-02
5.705078124999996003e-01	1.343102758185180656e-01
5.191406249999995781e-01	1.191288220770073958e-01
