1.334375000000000755e+00	9.559821392737244405e-01
3.227539062499994449e-01	1.323219427269397841e-01
6.497070312499997335e-01	3.038469793042525291e-01
6.041015624999996891e-01	2.633993681508621232e-01
5.916015624999997335e-01	2.429783945935467537e-01
4.468749999999995226e-01	1.647986834515452470e-01
6.845703124999997780e-01	2.811812296293662583e-01
5.189453124999996447e-01	1.874256789349796060e-01
6.965820312499997335e-01	2.733344841682211479e-01
4.925781249999995337e-01	1.680017027737599755e-01
3.749023437499994227e-01	1.185505524551983825e-01
3.915039062499994227e-01	1.245750765471980021e-01
4.267578124999995004e-01	1.323362440413316521e-01
6.782226562499996669e-01	2.359641120986941398e-01
5.190429687499995559e-01	1.618922290322535873e-01
4.193359374999995337e-01	1.237972182853473990e-01
8.624023437499998002e-01	3.118582081366577663e-01
3.892578124999994116e-01	1.098009361300715664e-01
6.132812499999995559e-01	1.870283178442155858e-01
4.737304687499994671e-01	1.333042404190648289e-01
5.998046874999996003e-01	1.761446914381520346e-01
5.970703124999996447e-01	1.714101271062720144e-01
5.856445312499997113e-01	1.655335376678795101e-01
3.349609374999994449e-01	8.508038077571641877e-02
8.153320312499998668e-01	2.517337918416979736e-01
3.189453124999994116e-01	7.970754900727791692e-02
5.183593749999996225e-01	1.337223365246649198e-01
5.218749999999996447e-01	1.340863033485524269e-01
4.768554687499995115e-01	1.170653096741228610e-01
3.122070312499993783e-01	7.339915522337354947e-02
4.329101562499995115e-01	1.034954938517441692e-01
5.571289062499996669e-01	1.392648132885909995e-01
4.110351562499995337e-01	9.550125625801735019e-02
6.647460937499997113e-01	1.715950871458802041e-01
6.528320312499997780e-01	1.661723012891664353e-01
