2.875976562499993339e-01	1.144161683868605284e-01
4.813476562499995337e-01	1.982087443535280602e-01
3.504882812499994227e-01	1.340392619870680313e-01
6.350585937499996225e-01	2.587452117888578429e-01
3.395507812499993783e-01	1.229025339635753250e-01
3.865234374999994560e-01	1.339161790360301751e-01
6.166992187499996669e-01	2.272441932344408111e-01
4.723632812499996003e-01	1.641035352585300533e-01
5.367187499999996891e-01	1.868075110936773808e-01
3.482421874999994116e-01	1.126242776709712318e-01
5.919921874999996003e-01	1.980092086845251786e-01
2.369140624999993006e-01	8.305906077827344969e-02
2.504882812499993339e-01	8.288192875916206015e-02
5.560546874999996447e-01	1.722485542361936739e-01
5.716796874999996447e-01	1.737891470268575211e-01
6.397460937499998002e-01	1.952910466522472799e-01
9.393554687499998668e-01	3.037709564324984068e-01
3.233398437499993561e-01	9.818410563430177151e-02
3.189453124999994116e-01	9.306577234303205215e-02
4.145507812499994449e-01	1.143213424390077532e-01
3.222656249999994449e-01	9.248940756886570025e-02
5.671874999999996225e-01	1.548050010400541798e-01
2.840820312499994227e-01	8.134851573614718112e-02
3.917968749999994893e-01	1.043132629081081342e-01
3.794921874999994116e-01	9.885648401109620176e-02
5.018554687499995337e-01	1.281525294237001178e-01
7.054687499999996447e-01	1.766364144100981137e-01
4.848632812499995559e-01	1.210066455607586022e-01
8.092773437499997113e-01	2.087332338082303063e-01
4.217773437499995337e-01	1.042344706902824658e-01
3.683593749999994893e-01	9.132141758037334855e-02
4.578124999999995115e-01	1.091433722412237239e-01
4.296874999999994449e-01	1.021160600896817150e-01
6.279296874999995559e-01	1.436846747976147365e-01
5.697265624999996447e-01	1.282741905650710001e-01
