5.396484374999996891e-01	2.563414049801266414e-01
2.587890624999993339e-01	1.065161968211538329e-01
1.053125000000000089e+00	5.882813655968038846e-01
2.045898437499993061e-01	8.256471489130667862e-02
5.492187499999996447e-01	2.292909087976587601e-01
1.709960937499992728e-01	7.122247928798314254e-02
4.151367187499994671e-01	1.547497347315013039e-01
5.410156249999996669e-01	2.065335724701596321e-01
4.916015624999995337e-01	1.766053649298973682e-01
4.629882812499995781e-01	1.632500420468583624e-01
2.869140624999993450e-01	9.940602082407914986e-02
4.678710937499995781e-01	1.581899201973845370e-01
2.960937499999993783e-01	9.335775466985958559e-02
3.921874999999994671e-01	1.243039110365244670e-01
3.206054687499994005e-01	1.010339720922859563e-01
3.964843749999994449e-01	1.205358338192338147e-01
4.222656249999995337e-01	1.252066450939226805e-01
5.185546874999995559e-01	1.536012842593866279e-01
6.243164062499996225e-01	1.854578328008802401e-01
3.355468749999994671e-01	9.904427173776962634e-02
4.839843749999995781e-01	1.347271566665812770e-01
6.299804687499995781e-01	1.784536625930151776e-01
6.541015624999997335e-01	1.797195157555864786e-01
5.285156249999994893e-01	1.396650021233918348e-01
4.898437499999995226e-01	1.252092778962023423e-01
4.224609374999995226e-01	1.109661327579287843e-01
5.297851562499995559e-01	1.331770542918465361e-01
7.999999999999998224e-01	2.161341421862743029e-01
4.640624999999994893e-01	1.181190679374230917e-01
5.958007812499996891e-01	1.461288526470342075e-01
4.530273437499995337e-01	1.129239784838394905e-01
5.926757812499996447e-01	1.458084361714936106e-01
4.432617187499995337e-01	1.065815035973000785e-01
5.680664062499997113e-01	1.335961519406976827e-01
5.087890624999995559e-01	1.196860584410035927e-01
