5.171874999999995781e-01	2.228178583052665140e-01
4.823242187499995337e-01	2.035974774688727729e-01
3.736328124999994116e-01	1.451232425950557958e-01
3.132812499999994005e-01	1.215974994533405018e-01
3.892578124999994116e-01	1.415793120131128013e-01
2.303710937499993394e-01	9.227885761192626546e-02
5.177734374999996003e-01	1.852793117435612147e-01
5.148437499999996003e-01	1.751109785261181773e-01
3.090820312499994449e-01	1.074769754345984429e-01
6.881835937499997113e-01	2.354786146485591258e-01
3.586914062499994005e-01	1.159288577753651156e-01
4.049804687499993783e-01	1.269675767247135378e-01
3.482421874999994116e-01	1.113214314444421343e-01
3.895507812499994227e-01	1.179655527851043162e-01
3.206054687499994005e-01	1.005508174679188849e-01
4.080078124999994560e-01	1.192774208479022297e-01
3.665039062499994005e-01	1.050663549884670034e-01
4.230468749999994893e-01	1.169528973173463438e-01
6.987304687499996669e-01	1.998219520978964658e-01
5.660156249999995781e-01	1.549654267688946596e-01
3.349609374999994449e-01	9.427246514877303529e-02
6.032226562499997113e-01	1.614919687124225511e-01
5.249999999999995781e-01	1.376340252043132817e-01
2.829101562499993783e-01	8.199855454227132634e-02
3.234374999999993783e-01	8.592026160072201157e-02
4.156249999999994671e-01	1.056801163255341319e-01
5.225585937499995781e-01	1.278346712286656528e-01
3.766601562499994893e-01	9.370679271770809837e-02
6.217773437499997113e-01	1.491663337809440715e-01
6.112304687499995337e-01	1.453687964552969891e-01
4.226562499999995115e-01	1.008680145035733555e-01
5.637695312499996225e-01	1.325240759112837896e-01
4.078124999999994671e-01	9.564895742647913646e-02
5.610351562499995559e-01	1.283464388738605466e-01
3.649414062499993783e-01	8.388516487093551632e-02
