9.211914062500000666e-01	5.162362655831760350e-01
3.618164062499994449e-01	1.477145052556794458e-01
6.062499999999996225e-01	2.648385467527923365e-01
2.401367187499993117e-01	9.169582454007543793e-02
2.927734374999994005e-01	1.061479656212997863e-01
1.266992187500000755e+00	7.037036387601737220e-01
4.983398437499995115e-01	1.813663596085092755e-01
5.599609374999994227e-01	2.066614228935854947e-01
6.083984374999995559e-01	2.244081654540902027e-01
6.049804687499995559e-01	2.139927906556018389e-01
3.204101562499994671e-01	1.042559332551166729e-01
2.517578124999993450e-01	7.984946727557620805e-02
1.202832031250000711e+00	5.363096933387373477e-01
3.851562499999994782e-01	1.197570790202371199e-01
1.168652343750000711e+00	4.806724527247919210e-01
3.794921874999994116e-01	1.124217755647608369e-01
4.102539062499994671e-01	1.208463893165543923e-01
2.464843749999993394e-01	7.286022779922644854e-02
3.618164062499994449e-01	1.014771957518846579e-01
4.807617187499995115e-01	1.376842107251379232e-01
2.925781249999993561e-01	7.944415236299520733e-02
5.314453124999996003e-01	1.482410935434162746e-01
3.209960937499993783e-01	8.535536609155053300e-02
3.797851562499994227e-01	9.756062756499257749e-02
4.542968749999994893e-01	1.195888474998738626e-01
2.976562499999994005e-01	7.493430442565153504e-02
5.294921874999996003e-01	1.366493710524269434e-01
5.551757812499995559e-01	1.476171777346914904e-01
5.612304687499994893e-01	1.455169607680186772e-01
4.637695312499995337e-01	1.124386116296635513e-01
3.970703124999994671e-01	9.498432598741196609e-02
4.754882812499995337e-01	1.155057341149227507e-01
6.170898437499996447e-01	1.558911033383634237e-01
4.490234374999995115e-01	1.034950024163221044e-01
3.493164062499993783e-01	7.911429813813926348e-02
