3.963867187499994227e-01	1.630444720076845155e-01
8.548828124999998668e-01	4.382076392006793997e-01
3.550781249999993561e-01	1.398543871492147761e-01
3.696289062499994449e-01	1.420580214253763518e-01
8.057617187499998002e-01	3.542775204955153079e-01
6.500976562499997113e-01	2.567326929738974473e-01
3.100585937499994449e-01	1.150928550928867478e-01
5.502929687499995559e-01	2.005269027014119076e-01
4.451171874999995670e-01	1.510542402196643208e-01
4.024414062499994671e-01	1.374666269285659825e-01
1.039843750000000178e+00	4.071907988803810663e-01
2.699218749999994227e-01	9.405466303956577789e-02
5.355468749999996447e-01	1.684654616641930169e-01
8.765624999999999112e-01	3.023658043578849597e-01
7.169921874999998224e-01	2.323649229567306962e-01
4.545898437499994449e-01	1.391707869924536378e-01
4.110351562499995337e-01	1.242288205379430271e-01
3.278320312499993783e-01	9.864310381543382744e-02
5.542968749999995781e-01	1.572695655715230234e-01
4.843749999999995559e-01	1.351311499137206606e-01
6.345703124999997335e-01	1.799004132370354003e-01
-1.747070312500010325e-01	6.824209219460512788e-02
4.943359374999996003e-01	1.345352698790698021e-01
5.631835937499994893e-01	1.484306165158232049e-01
4.727539062499995781e-01	1.261978930424228484e-01
5.524414062499997113e-01	1.426340679846598847e-01
3.352539062499994005e-01	9.053251488551036785e-02
3.920898437499994449e-01	9.781503756781978476e-02
5.323242187499995781e-01	1.306461491229814198e-01
5.682617187499996447e-01	1.398450832609720862e-01
5.541992187499995559e-01	1.342657283967179649e-01
4.811523437499994893e-01	1.156076601547246507e-01
3.685546874999994782e-01	9.105229895840613596e-02
4.396484374999994893e-01	1.034888367371747248e-01
6.737304687499996447e-01	1.580617257319566760e-01
