5.082031249999995337e-01	2.318169066061804839e-01
5.585937499999995559e-01	2.507626159722051717e-01
1.791015624999992562e-01	7.973491629581343221e-02
6.790039062499996225e-01	3.044365772067088582e-01
2.930664062499993561e-01	1.100131335373221442e-01
6.847656249999997113e-01	2.865869805757583211e-01
5.239257812499995559e-01	1.986766715310316900e-01
2.346679687499993450e-01	8.624399575892331693e-02
4.229492187499994671e-01	1.452228977500134854e-01
3.583984374999994449e-01	1.222682559665876773e-01
6.260742187499996891e-01	2.252442279019076232e-01
4.285156249999995115e-01	1.376128543769790380e-01
3.948242187499995115e-01	1.231332528574501789e-01
3.153320312499994227e-01	9.479808042943324575e-02
7.804687499999998224e-01	2.734456020056755254e-01
5.874999999999996891e-01	1.856493360867215725e-01
3.455078124999994560e-01	1.005977476365161605e-01
4.057617187499994449e-01	1.180043524337529154e-01
6.232421874999996003e-01	1.871689475747574660e-01
4.816406249999994893e-01	1.363994362703665753e-01
8.692382812499999112e-01	2.835690194572871858e-01
5.597656249999994893e-01	1.559122646382660737e-01
3.248046874999994116e-01	8.678749316714443052e-02
3.998046874999994782e-01	1.010489143638365617e-01
5.335937499999996447e-01	1.413370983150167015e-01
4.570312499999995004e-01	1.188576308661951075e-01
9.483398437499999112e-01	2.868919055105422222e-01
6.281249999999996003e-01	1.635071985475632372e-01
4.605468749999995781e-01	1.114762722449346988e-01
3.935546874999995004e-01	9.613245172406895134e-02
5.339843749999996225e-01	1.298422748926711390e-01
4.243164062499994449e-01	9.843113767812215753e-02
3.813476562499994449e-01	8.840779950215499339e-02
5.247070312499996225e-01	1.220585250540022759e-01
5.027343749999996225e-01	1.158274085603919479e-01
