6.725585937499997113e-01	3.317435070337355629e-01
7.731445312499998224e-01	3.824776011453278057e-01
4.073242187499994671e-01	1.646922309511605065e-01
2.890624999999993339e-01	1.126118885679316950e-01
3.502929687499993783e-01	1.280094835860266789e-01
3.623046874999994449e-01	1.316188509825150510e-01
7.203124999999998002e-01	2.898379899913176572e-01
3.707031249999994671e-01	1.289684556049942588e-01
6.133789062499995781e-01	2.159388615378462495e-01
6.034179687499996447e-01	2.108600542239117692e-01
4.316406249999994449e-01	1.430627703555767405e-01
5.064453124999994671e-01	1.603352468732218150e-01
5.210937499999996891e-01	1.613126062255552662e-01
7.731445312499998224e-01	2.566465677375708299e-01
4.384765624999995004e-01	1.349517708082096645e-01
5.041015624999996003e-01	1.466792063972681137e-01
3.561523437499993783e-01	1.007126965032751897e-01
4.740234374999995337e-01	1.350381640382856407e-01
6.646484374999996891e-01	1.940941247668176717e-01
4.160156249999994449e-01	1.151403906643218705e-01
5.714843749999997113e-01	1.571771933832729340e-01
3.610351562499994893e-01	9.634042492426934945e-02
3.536132812499994671e-01	9.478101693972856845e-02
4.718749999999995448e-01	1.233196832478447719e-01
4.773437499999995115e-01	1.210578635430377276e-01
4.077148437499994449e-01	1.017209465090346820e-01
3.129882812499994449e-01	8.094916914480319858e-02
6.592773437499995781e-01	1.665942789973584026e-01
6.013671874999997335e-01	1.485665852396073072e-01
3.695312499999994782e-01	8.822913364740203601e-02
5.233398437499995337e-01	1.231602102979069829e-01
4.535156249999995337e-01	1.044806752730040450e-01
4.717773437499995781e-01	1.084155368054987856e-01
6.388671874999998224e-01	1.499418214651698500e-01
6.321289062499996225e-01	1.453939960771284678e-01
