5.274414062499995781e-01	2.315825283604247831e-01
5.222656249999996225e-01	2.236650120694347044e-01
4.969726562499995337e-01	2.005894429193062489e-01
3.518554687499994005e-01	1.337975200834200795e-01
8.507812499999998224e-01	3.704963603086183777e-01
4.945312499999995892e-01	1.861746969149213338e-01
3.853515624999994671e-01	1.398104396177516362e-01
5.016601562499996003e-01	1.819834036813177403e-01
5.161132812499995559e-01	1.812375357764709760e-01
4.546874999999994671e-01	1.499357488382902504e-01
4.708984374999995448e-01	1.588205575736417741e-01
3.409179687499993561e-01	1.159394874757747051e-01
3.694335937499995115e-01	1.183108285725192471e-01
7.550781249999997113e-01	2.452913245887755056e-01
2.520507812499993561e-01	8.963353181658939572e-02
2.514648437499993339e-01	8.444421752043908269e-02
3.451171874999994782e-01	1.050690810346079501e-01
5.505859374999995115e-01	1.619784820907109735e-01
3.981445312499994893e-01	1.153124252111894094e-01
6.610351562499996447e-01	1.884389539553779913e-01
5.386718749999996891e-01	1.486458349490329678e-01
6.382812499999996891e-01	1.718423587459335655e-01
4.559570312499995337e-01	1.204381103794332913e-01
5.007812499999995115e-01	1.293740336660370582e-01
2.529296874999993339e-01	7.922974090368659073e-02
5.452148437499996225e-01	1.407355796211586241e-01
3.320312499999993894e-01	9.088706813906834159e-02
7.144531249999996891e-01	1.820035354667772498e-01
7.777343749999997558e-01	1.980913307562688908e-01
6.191406249999996669e-01	1.514041741872413915e-01
5.125976562499995337e-01	1.226083246229905249e-01
5.479492187499995781e-01	1.293375846767768900e-01
3.574218749999994449e-01	9.101501993898368503e-02
6.015624999999996669e-01	1.379673760430870644e-01
6.265624999999996891e-01	1.454104169633569921e-01
