6.530273437499997113e-01	3.098762139717913255e-01
8.253906249999998224e-01	4.010595280842056409e-01
3.494140624999994005e-01	1.421884265418851823e-01
3.663085937499994671e-01	1.438024370257987850e-01
3.009765624999993783e-01	1.224183920624078020e-01
4.691406249999995337e-01	1.755797601858412049e-01
5.056640624999995115e-01	1.848183321181157135e-01
5.469726562499995781e-01	1.961226274923723867e-01
4.820312499999995226e-01	1.663059316168015167e-01
7.940429687499998002e-01	2.813055383045751090e-01
4.737304687499994671e-01	1.565539378144485405e-01
5.455078124999996891e-01	1.748668053101722353e-01
3.581054687499993783e-01	1.177129384902117631e-01
5.278320312499995559e-01	1.647970325642116873e-01
6.223632812499997335e-01	1.940559869817744809e-01
2.929687499999993894e-01	9.609668253741325550e-02
3.549804687499993339e-01	1.067448114443488305e-01
5.569335937499996225e-01	1.618033567870987843e-01
6.297851562499996447e-01	1.789182409047848366e-01
7.321289062499997113e-01	2.110113789973977749e-01
4.574218749999995337e-01	1.277885084728100917e-01
3.673828124999994338e-01	1.027471522183860120e-01
7.399414062499999334e-01	2.038109367240158176e-01
4.722656249999995781e-01	1.246813395901922999e-01
3.822265624999994227e-01	1.036614100187914916e-01
4.023437499999994449e-01	1.052174807300362142e-01
3.411132812499994005e-01	9.322489342053824624e-02
4.064453124999994338e-01	1.046307017179373411e-01
6.122070312499996447e-01	1.492263392652272980e-01
4.787109374999995448e-01	1.178341120297370648e-01
3.260742187499994227e-01	8.468656269466909303e-02
5.406249999999996891e-01	1.278550368374166968e-01
5.666015624999996003e-01	1.332967362800252797e-01
6.499023437499996669e-01	1.509690117694178768e-01
6.343749999999996891e-01	1.458600037752738610e-01
