5.699218749999996891e-01	2.714128115644060535e-01
3.753906249999994227e-01	1.545807059139432393e-01
4.667968749999995559e-01	1.999662720357749390e-01
4.129882812499995337e-01	1.618518469096003054e-01
2.594726562499993783e-01	9.758893277187025150e-02
3.646484374999994227e-01	1.349266500815395342e-01
5.053710937499994449e-01	1.881611219853690509e-01
7.950195312499999112e-01	3.118201757055266699e-01
4.418945312499995559e-01	1.556631713383252735e-01
5.814453124999996447e-01	1.999322053712805913e-01
3.678710937499994893e-01	1.273428293046894588e-01
3.546874999999993783e-01	1.172674894741446844e-01
4.118164062499994893e-01	1.315020493592674589e-01
5.618164062499996225e-01	1.803823941759886695e-01
3.332031249999993783e-01	1.086581060990013392e-01
5.618164062499996225e-01	1.645974086136769710e-01
4.627929687499995337e-01	1.387875951564584986e-01
4.432617187499995337e-01	1.312281851697167934e-01
4.472656249999995559e-01	1.319449145005006374e-01
5.563476562499996003e-01	1.570631989521145966e-01
3.613281249999994449e-01	1.065766324687925370e-01
3.631835937499994227e-01	1.039589021346163517e-01
3.559570312499994449e-01	9.708738440086868426e-02
5.929687499999996003e-01	1.571694473053287799e-01
4.873046874999995559e-01	1.289562102423373879e-01
6.604492187499996225e-01	1.730980786672825789e-01
6.147460937499996669e-01	1.571713188414424478e-01
4.932617187499995781e-01	1.237689307803118421e-01
2.999023437499993561e-01	8.514716176834630224e-02
4.025390624999994338e-01	1.031494595519783924e-01
7.226562499999997780e-01	1.755673518456986049e-01
4.427734374999995337e-01	1.096783301791610932e-01
5.248046874999996447e-01	1.254992829485073735e-01
3.844726562499994893e-01	9.434342515153072706e-02
4.067382812499994449e-01	9.773040538114197151e-02
