3.122070312499993783e-01	1.210857740100526464e-01
8.052734374999996891e-01	3.981163758139814046e-01
9.058593749999999112e-01	4.501345455692329911e-01
5.903320312499997780e-01	2.438689582015672597e-01
3.802734374999994227e-01	1.475312533000787130e-01
2.098632812499993117e-01	8.174960764484871800e-02
6.037109374999996003e-01	2.273038415235800747e-01
9.955078125000000888e-01	4.054820335725841107e-01
2.899414062499993117e-01	1.022955038504035907e-01
7.872070312499999112e-01	2.941139163611267704e-01
5.750976562499996447e-01	2.023602123726803703e-01
4.946289062499995559e-01	1.596946664745103606e-01
5.919921874999996003e-01	1.901613164462093997e-01
4.105468749999995337e-01	1.337904047414565645e-01
4.279296874999994893e-01	1.251985576698221025e-01
2.962890624999993672e-01	9.759098190564170772e-02
5.261718749999996225e-01	1.572179586011023256e-01
2.134765624999993006e-01	7.811032529230757526e-02
6.152343749999996669e-01	1.836436833525264822e-01
3.460937499999994227e-01	1.023600398776466081e-01
5.284179687499994671e-01	1.515397789279426255e-01
5.633789062499995337e-01	1.589401405415030166e-01
6.186523437499996669e-01	1.697603834361103570e-01
3.672851562499994671e-01	1.060968224768835538e-01
5.884765624999996891e-01	1.565762193094276111e-01
3.293945312499994005e-01	9.525268856026609943e-02
5.104492187499994893e-01	1.336996923707153007e-01
5.707031249999996447e-01	1.443165646725959039e-01
5.553710937499994893e-01	1.380597193719700078e-01
4.325195312499995337e-01	1.113357136295260313e-01
5.503906249999995781e-01	1.336435288515706865e-01
5.614257812499995337e-01	1.363120387842580439e-01
5.770507812499996447e-01	1.378085617613617475e-01
4.522460937499994671e-01	1.098309195872696764e-01
4.126953124999994671e-01	1.006824771550715591e-01
