3.916015624999994449e-01	1.598048382764397091e-01
3.727539062499994893e-01	1.441571874812574150e-01
3.812499999999994227e-01	1.416832953083976276e-01
8.371093749999999334e-01	3.777907052187319259e-01
4.342773437499994893e-01	1.568643989448351983e-01
5.172851562499996003e-01	1.868600836740000048e-01
6.605468749999996447e-01	2.471051329997795420e-01
4.650390624999994893e-01	1.574552084171733923e-01
4.300781249999994227e-01	1.409028545785651898e-01
7.527343749999998446e-01	2.711112170540724287e-01
4.644531249999994671e-01	1.458302735801377259e-01
4.707031249999995559e-01	1.438802252153137118e-01
6.474609374999995559e-01	2.073361823110945468e-01
5.121093749999995337e-01	1.523989350477784610e-01
4.765624999999995559e-01	1.384068022273815812e-01
4.333984374999995115e-01	1.237233837259519437e-01
3.891601562499994449e-01	1.069079733731779780e-01
3.809570312499994671e-01	1.041006929644153201e-01
2.455078124999993117e-01	7.354449859105112453e-02
5.065429687499994893e-01	1.365035656586661705e-01
5.249999999999995781e-01	1.402567415349742219e-01
4.745117187499995337e-01	1.213449239687013209e-01
5.003906249999995337e-01	1.291639535341461420e-01
3.967773437499995115e-01	9.784229768893253076e-02
4.498046874999995226e-01	1.108742704111968791e-01
4.984374999999995337e-01	1.220797388049730953e-01
6.515624999999997113e-01	1.654409044040819343e-01
4.353515624999995115e-01	1.031146465109309546e-01
6.641601562499996891e-01	1.666117890108939625e-01
5.150390624999996447e-01	1.215759950875744816e-01
6.159179687499996003e-01	1.473982047093791437e-01
5.629882812499995559e-01	1.308477106831809345e-01
4.842773437499995337e-01	1.075298526290465045e-01
5.466796874999995115e-01	1.232661395104316937e-01
5.011718749999996003e-01	1.096949569604201563e-01
