3.824218749999994671e-01	1.598678001139704485e-01
5.990234374999996447e-01	2.602085789251664671e-01
4.477539062499995559e-01	1.756268786065849352e-01
7.056640624999996891e-01	2.985829663138596102e-01
5.185546874999995559e-01	1.929239864604753718e-01
3.299804687499993117e-01	1.230094611875862665e-01
4.395507812499994671e-01	1.535640789180919841e-01
3.593749999999994449e-01	1.237586974886310809e-01
2.339843749999993283e-01	8.481636981717359525e-02
6.607421874999996891e-01	2.271656679306656157e-01
4.029296874999994671e-01	1.302026325269954321e-01
7.722656249999998446e-01	2.596126269208888226e-01
3.619140624999994116e-01	1.125562336235008537e-01
2.927734374999994005e-01	9.626594382155212459e-02
4.571289062499994671e-01	1.390091904888427210e-01
6.479492187499996669e-01	1.939164333500243143e-01
2.849609374999994005e-01	8.983624040715269821e-02
5.790039062499995337e-01	1.670146201987642298e-01
6.083984374999995559e-01	1.725260884407252560e-01
5.468749999999995559e-01	1.513913636590726586e-01
3.876953124999994449e-01	1.084528944157320679e-01
7.633789062499997113e-01	2.128549239524647196e-01
4.584960937499995559e-01	1.191151229071851642e-01
2.916015624999993561e-01	8.481653612943484966e-02
8.711914062500000222e-01	2.367747200774586169e-01
3.981445312499994893e-01	1.015573168045680180e-01
5.786132812499995559e-01	1.466243657616694840e-01
5.683593749999996669e-01	1.404118124028068126e-01
5.861328124999996003e-01	1.437352741078465335e-01
4.545898437499994449e-01	1.112737311437291682e-01
4.523437499999994893e-01	1.099188537736043580e-01
3.764648437499994449e-01	9.244451914582323127e-02
7.884765624999998668e-01	1.907195176975239881e-01
4.086914062499994449e-01	9.639593105409170748e-02
5.859374999999996669e-01	1.340371149494270220e-01
