4.459960937499994893e-01	1.914884406716739484e-01
4.614257812499995559e-01	1.946390542962612713e-01
5.833984374999996447e-01	2.561270604385316174e-01
3.481445312499994449e-01	1.324064725746840476e-01
6.045898437499995781e-01	2.467460606733078154e-01
4.693359374999995781e-01	1.757564067048519030e-01
1.396093750000001021e+00	7.830611344616043024e-01
3.215820312499994005e-01	1.124188943489202869e-01
4.533203124999994893e-01	1.580303548831958060e-01
4.691406249999995337e-01	1.590108126538486155e-01
4.234374999999994671e-01	1.392932939778404322e-01
4.902343749999995559e-01	1.568790608685809440e-01
4.263671874999995226e-01	1.329149111281186235e-01
4.193359374999995337e-01	1.274822017339081459e-01
5.229492187499995559e-01	1.511123170475741351e-01
7.635742187499997558e-01	2.529236556037056660e-01
4.795898437499994671e-01	1.408891833028666218e-01
9.481445312499999778e-01	3.283483698672602924e-01
5.714843749999997113e-01	1.657816777219252025e-01
5.041992187499995115e-01	1.388468948582723128e-01
4.284179687499994893e-01	1.156051906204863672e-01
7.606445312499997558e-01	2.256983041408037460e-01
4.567382812499994893e-01	1.214197275602222209e-01
6.893554687499997558e-01	1.905898682297876567e-01
4.833007812499995337e-01	1.234783938941968612e-01
5.639648437499995559e-01	1.441258158212016804e-01
2.505859374999993561e-01	6.758208304773144492e-02
5.567382812499995781e-01	1.392685181969193497e-01
4.461914062499995337e-01	1.095660401963685776e-01
4.547851562499994893e-01	1.088174678211013963e-01
6.848632812499997335e-01	1.702450986921585918e-01
5.071289062499996225e-01	1.188004860405312002e-01
3.679687499999994560e-01	8.608392867705370877e-02
4.499999999999995115e-01	1.027500402512000893e-01
3.725585937499994449e-01	8.408604531572060059e-02
