4.089843749999995115e-01	1.599377556991696259e-01
2.499023437499993394e-01	1.054640165338788099e-01
6.302734374999996447e-01	2.619412163708761399e-01
4.991210937499995781e-01	1.915461132482091378e-01
5.530273437499996225e-01	2.102233688866376460e-01
2.288085937499993172e-01	8.543226929499651845e-02
4.617187499999995115e-01	1.637121435255385338e-01
6.621093749999996669e-01	2.526249904969528615e-01
5.095703124999995115e-01	1.748043566400938331e-01
6.109374999999995781e-01	2.159383088759874170e-01
5.022460937499996225e-01	1.663916307308855036e-01
3.167968749999994227e-01	9.722825495144722663e-02
5.540039062499996225e-01	1.809991620037222360e-01
4.338867187499995115e-01	1.324276095465701797e-01
3.890624999999994227e-01	1.158449159723854011e-01
5.644531249999995559e-01	1.775092950931238256e-01
5.712890624999997780e-01	1.767347480227955125e-01
5.988281249999996003e-01	1.868437233344468762e-01
8.011718749999998668e-01	2.724574903664098158e-01
4.642578124999994782e-01	1.294036185565955455e-01
5.465820312499996003e-01	1.562032550002002418e-01
3.211914062499994227e-01	8.190895649594684413e-02
5.881835937499996225e-01	1.690511053154855892e-01
7.096679687499996003e-01	2.151193653188343546e-01
4.031249999999994560e-01	1.024244007052707156e-01
4.944335937499996225e-01	1.287214767064955856e-01
7.351562499999997335e-01	2.181350963800833820e-01
4.335937499999995004e-01	1.067599762028509508e-01
6.178710937499997113e-01	1.664624280704677384e-01
4.205078124999995226e-01	1.003026067986678149e-01
4.364257812499995337e-01	1.039917946667431869e-01
5.118164062499995781e-01	1.255430463158554721e-01
3.914062499999994560e-01	8.959006360912007139e-02
9.021484374999999556e-01	2.724724438218015243e-01
4.130859374999995004e-01	9.257497775034490006e-02
