6.910156249999998002e-01	3.662645119319724585e-01
4.534179687499995115e-01	1.995341158790675806e-01
3.791992187499994005e-01	1.499062317996882054e-01
7.980468749999998224e-01	4.162471921911275463e-01
3.544921874999993894e-01	1.347036226352250343e-01
3.278320312499993783e-01	1.195782610451623790e-01
6.758789062499998002e-01	3.013426561959657302e-01
3.960937499999994671e-01	1.382109710983421003e-01
6.265624999999996891e-01	2.563350714988266721e-01
4.673828124999995226e-01	1.667773750841486102e-01
6.254882812499996669e-01	2.464216206318168845e-01
4.460937499999995115e-01	1.507275734732091976e-01
6.911132812499998224e-01	2.726139452990108403e-01
3.428710937499994671e-01	1.053930535576213107e-01
5.395507812499996669e-01	1.848532162189537309e-01
3.729492187499994227e-01	1.122217035901105775e-01
3.610351562499994893e-01	1.072606904453350246e-01
7.005859374999996447e-01	2.556047814682487762e-01
5.943359374999996891e-01	1.973811841076014983e-01
3.710937499999994449e-01	1.043521361816440868e-01
8.732421874999998224e-01	3.388688127311368925e-01
3.879882812499995115e-01	1.072064541328590498e-01
7.342773437499997558e-01	2.533437545548891112e-01
5.784179687499995115e-01	1.751137750933302595e-01
5.701171874999997335e-01	1.712462236493022816e-01
5.669921874999996891e-01	1.673361740402292686e-01
5.129882812499995115e-01	1.429403389390469237e-01
6.313476562499996669e-01	1.884937274909780081e-01
5.162109374999994671e-01	1.398331216118828546e-01
3.269531249999994005e-01	7.835267946434246178e-02
4.452148437499995337e-01	1.140697747652898997e-01
3.983398437499994227e-01	9.654889000749106165e-02
6.160156249999996225e-01	1.731784804165469038e-01
3.286132812499994449e-01	7.454277217003014988e-02
3.836914062499994227e-01	9.046426883454593282e-02
