6.497070312499997335e-01	3.196836705734784068e-01
4.560546874999995004e-01	1.933647650484284219e-01
7.651367187499997780e-01	3.586858549065655710e-01
4.139648437499994227e-01	1.679679364603845759e-01
4.677734374999995559e-01	1.886443999848151365e-01
4.743164062499994893e-01	1.810767780553798334e-01
4.170898437499994671e-01	1.573359795798768002e-01
5.219726562499996669e-01	1.868284177754466757e-01
6.142578124999995559e-01	2.192607079514228841e-01
6.334960937499997113e-01	2.217440315649216731e-01
3.127929687499994005e-01	1.074144959517842751e-01
8.552734374999997335e-01	3.019311976608531900e-01
8.570312499999999112e-01	2.907336170163660194e-01
5.248046874999996447e-01	1.709357745134252871e-01
4.654296874999995226e-01	1.489040523757949042e-01
4.877929687499995559e-01	1.507754703173861122e-01
5.159179687499995115e-01	1.573342914538699844e-01
4.704101562499996003e-01	1.384793638483931277e-01
7.233398437499997113e-01	2.121056867982953065e-01
8.432617187499998890e-01	2.452640232853371682e-01
3.140624999999993561e-01	1.021699338854904215e-01
7.875976562499998890e-01	2.182606445232361525e-01
5.358398437499996003e-01	1.521401000635387024e-01
4.816406249999994893e-01	1.339678035593444005e-01
5.784179687499995115e-01	1.497730130593357134e-01
6.513671874999997780e-01	1.705717015403707126e-01
6.844726562499997558e-01	1.800646461096864215e-01
4.252929687499994449e-01	1.180777596788134404e-01
5.535156249999996225e-01	1.416888496369730632e-01
5.153320312499996003e-01	1.296632434996407568e-01
2.983398437499993339e-01	9.395576017104374789e-02
4.859374999999995781e-01	1.219985794304364601e-01
6.892578124999997335e-01	1.687010957780024634e-01
3.646484374999994227e-01	1.018503329255910222e-01
3.050781249999993117e-01	9.009624631081099289e-02
