5.729492187499996003e-01	2.786291781331498019e-01
5.995117187499996447e-01	2.840704185864747489e-01
3.335937499999994116e-01	1.345126492954709096e-01
3.491210937499994449e-01	1.360096363635811267e-01
7.363281249999997780e-01	3.275049073401471444e-01
6.961914062499997558e-01	2.930228940716531061e-01
1.172265625000000533e+00	5.705276938294919775e-01
9.373046874999999556e-01	3.982668978877971777e-01
5.490234374999996003e-01	2.052348429509470440e-01
5.425781249999995781e-01	1.940683402943290670e-01
3.453124999999994671e-01	1.219746827327346655e-01
5.423828124999996447e-01	1.796456105961298233e-01
8.698242187499999334e-01	3.143072370943011951e-01
2.727539062499994005e-01	9.624396494408694880e-02
3.155273437499993561e-01	9.970075696101529661e-02
3.490234374999994227e-01	1.104263878436297780e-01
4.407226562499995115e-01	1.320450183644095998e-01
2.397460937499993061e-01	7.846365143150096921e-02
5.877929687499996447e-01	1.761997802565115900e-01
4.037109374999994782e-01	1.170239348402601354e-01
4.529296874999995115e-01	1.303730159261652088e-01
5.311523437499995337e-01	1.443578717840982850e-01
2.294921874999993339e-01	7.154896284450587562e-02
5.890624999999997113e-01	1.627814249151284809e-01
6.814453124999997335e-01	1.880320950949401770e-01
5.102539062499994449e-01	1.353727016732660660e-01
6.127929687499995559e-01	1.602109325717556432e-01
6.915039062499998002e-01	1.805848670396553723e-01
5.324218749999996003e-01	1.340780975877446102e-01
4.546874999999994671e-01	1.141099398049551239e-01
7.056640624999996891e-01	1.791394783100773713e-01
7.237304687499996891e-01	1.788738521263348313e-01
5.286132812499995115e-01	1.287625388151513728e-01
5.229492187499995559e-01	1.244160303238783793e-01
4.658203124999995004e-01	1.087208926697714323e-01
