5.756835937499996669e-01	2.842094151932494372e-01
6.135742187499996225e-01	3.011325296634005388e-01
3.318359374999994005e-01	1.421158220766716440e-01
8.924804687499998668e-01	4.461191796756530659e-01
4.099609374999995115e-01	1.672212095458223968e-01
5.237304687499995115e-01	2.137510176162259190e-01
3.674804687499994005e-01	1.429690730757270378e-01
7.748046874999998668e-01	3.164903022460401893e-01
4.541992187499994671e-01	1.670771851277279840e-01
7.277343749999997113e-01	2.767759899899187026e-01
1.374707031250000711e+00	6.126325807385708533e-01
6.629882812499996447e-01	2.361790534266012542e-01
4.570312499999995004e-01	1.578702893753088921e-01
7.061523437499996891e-01	2.397888303791318454e-01
3.851562499999994782e-01	1.319907086930057205e-01
8.077148437499998002e-01	2.719025765657105964e-01
4.895507812499995115e-01	1.565170595686710131e-01
5.530273437499996225e-01	1.739758537617422940e-01
3.684570312499995115e-01	1.207355292289420956e-01
6.289062499999995559e-01	1.866626896881158071e-01
5.498046874999995559e-01	1.634699271723965008e-01
9.637695312499999778e-01	2.872452563765646172e-01
5.123046874999994671e-01	1.492217535779611637e-01
5.043945312499995559e-01	1.444327353145251069e-01
6.372070312499997780e-01	1.766217915938016469e-01
5.155273437499995337e-01	1.410748841983328894e-01
6.528320312499997780e-01	1.698669766951535209e-01
5.435546874999996891e-01	1.423644537367246277e-01
4.239257812499994671e-01	1.151975021448736619e-01
5.999023437499996225e-01	1.513720712295918702e-01
3.683593749999994893e-01	1.041715466209340857e-01
4.220703124999994893e-01	1.105075394713958409e-01
4.268554687499994671e-01	1.109323536955251904e-01
4.065429687499994005e-01	1.065145213808759567e-01
7.196289062499997558e-01	1.733703166881650493e-01
