3.378906249999994449e-01	1.394165546476295869e-01
4.083007812499994671e-01	1.610425776491713201e-01
4.386718749999994893e-01	1.710450061818373502e-01
4.853515624999995559e-01	1.845537897828526674e-01
3.838867187499994671e-01	1.394358307961011956e-01
2.608398437499993561e-01	9.511606223373426927e-02
4.090820312499995337e-01	1.387176405034664661e-01
6.916015624999998224e-01	2.642643090582839083e-01
5.940429687499996225e-01	2.096091382152009408e-01
3.564453124999993894e-01	1.125129122776871576e-01
7.020507812499997558e-01	2.500227849656692092e-01
4.198242187499995337e-01	1.294190446752591650e-01
3.425781249999994005e-01	9.884871469510822517e-02
3.911132812499994449e-01	1.142060424505586258e-01
4.589843749999995559e-01	1.354308985461390724e-01
6.793945312499997113e-01	2.174303977403756194e-01
4.186523437499994893e-01	1.186372303504905773e-01
4.335937499999995004e-01	1.190637434233555864e-01
4.137695312499994893e-01	1.107887238232615618e-01
6.094726562499995781e-01	1.763308568224609407e-01
5.805664062499996669e-01	1.625071903539546114e-01
4.889648437499994893e-01	1.301165310341026171e-01
4.737304687499994671e-01	1.241590353987098577e-01
6.938476562499997780e-01	1.964112185845119651e-01
4.727539062499995781e-01	1.183606710504030990e-01
6.523437499999997780e-01	1.759054291188513475e-01
3.440429687499994005e-01	8.199444696053138915e-02
4.327148437499994671e-01	1.030636190165605537e-01
4.671874999999995337e-01	1.109251470287165448e-01
4.495117187499995115e-01	1.050700862662428403e-01
5.284179687499994671e-01	1.264941604742504666e-01
6.783203124999996891e-01	1.703607594945180659e-01
3.877929687499994671e-01	8.641029788886042673e-02
2.859374999999994005e-01	6.396675863431815212e-02
5.331054687499995337e-01	1.220622111554996447e-01
