3.569335937499994449e-01	1.510019362389928566e-01
2.105468749999993006e-01	8.648365222246863493e-02
3.727539062499994893e-01	1.425252978730133235e-01
1.891601562499992673e-01	7.503430484829641534e-02
3.972656249999995115e-01	1.497572894103206820e-01
3.323242187499994005e-01	1.170462200262932795e-01
5.188476562499996225e-01	1.959783072156131012e-01
5.265624999999996003e-01	1.942696246446298514e-01
3.674804687499994005e-01	1.218470433819368592e-01
6.425781249999996669e-01	2.399173998556451692e-01
3.912109374999994671e-01	1.273786699927461352e-01
3.268554687499993783e-01	9.951652104569309876e-02
5.907226562499997558e-01	2.001400959951652458e-01
6.141601562499996447e-01	2.041407588847124754e-01
7.853515624999998224e-01	2.777936443410788381e-01
5.125976562499995337e-01	1.566906467938850023e-01
6.342773437499996669e-01	1.967161617638584215e-01
7.343749999999997780e-01	2.338667010387591172e-01
6.116210937499996225e-01	1.805536944686004508e-01
-1.631835937500010492e-01	5.674650442289796981e-02
5.525390624999997335e-01	1.548044832096862333e-01
3.793945312499994449e-01	1.016697537834872489e-01
7.260742187499997780e-01	2.141276273428797117e-01
5.138671874999996003e-01	1.376159975758911858e-01
4.044921874999994338e-01	1.031234044274996486e-01
5.070312499999996003e-01	1.319441756335333615e-01
3.434570312499994893e-01	8.686763645839797043e-02
4.817382812499995115e-01	1.194670563372147026e-01
8.180664062499999334e-01	2.280961229023168169e-01
4.383789062499995337e-01	1.060485350079865691e-01
4.041015624999994560e-01	9.399684659531815090e-02
5.718749999999996891e-01	1.365623862914184250e-01
5.918945312499996891e-01	1.429326496362783860e-01
5.547851562499995781e-01	1.302448219218224901e-01
5.989257812499996225e-01	1.397529086525789443e-01
