5.130859374999994227e-01	2.423606734749673974e-01
4.180664062499994671e-01	1.795060812168166597e-01
6.258789062499997558e-01	2.855678517928358362e-01
4.489257812499994893e-01	1.811315473935457832e-01
3.124999999999114597e-03	nan
2.371093749999993172e-01	9.008220164637918692e-02
5.195312499999995559e-01	2.038877906077180557e-01
4.872070312499995337e-01	1.801581742809990061e-01
4.871093749999995115e-01	1.780446803774569930e-01
3.009765624999993783e-01	1.018024462424076682e-01
4.411132812499994893e-01	1.495874606559424447e-01
2.882812499999993783e-01	9.346485921696419397e-02
6.263671874999996447e-01	2.179011928604765447e-01
4.771484374999995226e-01	1.487244663849231208e-01
4.137695312499994893e-01	1.250909655082477479e-01
6.676757812499997113e-01	2.171558477898950512e-01
3.873046874999994671e-01	1.115322685263621383e-01
6.476562499999996003e-01	1.993355296726520842e-01
2.948242187499994227e-01	8.692994586076274732e-02
5.194335937499995337e-01	1.485855910977743333e-01
4.588867187499995337e-01	1.289798940754189049e-01
4.241210937499995115e-01	1.143306216051487301e-01
4.965820312499995559e-01	1.337632489106823086e-01
5.092773437499994449e-01	1.361249265307458156e-01
5.489257812499995781e-01	1.454259450708215995e-01
2.727539062499994005e-01	7.449708770125294810e-02
4.858398437499995559e-01	1.214458815021561694e-01
4.188476562499995337e-01	1.040660984494072988e-01
5.230468749999995781e-01	1.303310825556388552e-01
3.719726562499994227e-01	8.842489543296641608e-02
5.340820312499996447e-01	1.307416352901631662e-01
5.928710937499995781e-01	1.434061364412470008e-01
6.551757812499996447e-01	1.600046745798071879e-01
4.101562499999995004e-01	9.415491776479473218e-02
4.622070312499995115e-01	1.061945890689902777e-01
