6.439453124999996447e-01	2.839203710828081539e-01
2.664062499999993450e-01	1.044219437157021396e-01
3.021484374999993672e-01	1.154740324539080820e-01
6.850585937499996669e-01	2.761403406322671117e-01
6.905273437499998002e-01	2.713177389088499147e-01
6.528320312499997780e-01	2.450353201560713789e-01
4.067382812499994449e-01	1.422974594097222156e-01
2.602539062499993339e-01	9.540843982546431956e-02
3.981445312499994893e-01	1.312495723843580264e-01
3.247070312499994449e-01	1.070108467819500392e-01
6.560546874999997335e-01	2.188942873124633537e-01
4.760742187499995559e-01	1.479685086213962386e-01
8.536132812499999112e-01	2.929908133399536929e-01
5.203124999999996225e-01	1.578506258306553167e-01
7.328124999999997558e-01	2.251347923342989499e-01
3.656249999999994227e-01	1.077383530805355455e-01
5.705078124999996003e-01	1.635434911897359067e-01
4.778320312499995115e-01	1.334021447418281270e-01
4.558593749999995115e-01	1.264033227228076040e-01
4.010742187499994893e-01	1.093102098448279075e-01
4.514648437499995115e-01	1.201486560015716520e-01
5.893554687499996669e-01	1.557508402781447032e-01
4.846679687499995115e-01	1.214644570791580253e-01
4.759765624999995337e-01	1.216449416620975638e-01
5.473632812499995559e-01	1.362249551369456302e-01
5.117187499999995559e-01	1.275828276028895814e-01
4.595703124999995226e-01	1.130561354956362702e-01
4.217773437499995337e-01	1.021642335379356614e-01
3.548828124999993672e-01	8.660820380769669591e-02
5.851562499999996003e-01	1.381713305226470179e-01
6.703124999999997558e-01	1.594644260056758411e-01
3.662109374999994449e-01	8.701364088118551665e-02
5.035156249999995781e-01	1.151253282501131375e-01
7.879882812499998668e-01	1.862374152507225433e-01
6.065429687499995781e-01	1.361075601551328951e-01
