2.926757812499993783e-01	1.252037825476104704e-01
3.345703124999994116e-01	1.323471387968811475e-01
5.116210937499995337e-01	2.139347686387885195e-01
7.319335937499996669e-01	3.207892665806918453e-01
3.124999999999993894e-01	1.114422017726661440e-01
8.538085937499998446e-01	3.718757841369950690e-01
4.759765624999995337e-01	1.698663444584917470e-01
5.055664062499994893e-01	1.774013163813978056e-01
2.671874999999993561e-01	9.318491070532870790e-02
1.022070312499999911e+00	4.318512894134702296e-01
3.383789062499994449e-01	1.078556133639831938e-01
4.299804687499994005e-01	1.371820275933513800e-01
6.705078124999996891e-01	2.270777520904632973e-01
5.302734374999995559e-01	1.650670951199877390e-01
6.217773437499997113e-01	1.975274382544846274e-01
3.290039062499994227e-01	9.749923506581124888e-02
4.944335937499996225e-01	1.464548603520502701e-01
5.084960937499994893e-01	1.418356590355119018e-01
3.465820312499994227e-01	9.697379752892602844e-02
5.248046874999996447e-01	1.466060231800388469e-01
3.747070312499994893e-01	1.006166802252104614e-01
5.208007812499996225e-01	1.388080359694855159e-01
4.943359374999996003e-01	1.296122506912877614e-01
4.208007812499995337e-01	1.079193856953671038e-01
5.593749999999995115e-01	1.450019191086901194e-01
7.959960937499998002e-01	2.227398953623216382e-01
4.303710937499994893e-01	1.073311065461011043e-01
5.726562499999996447e-01	1.435468611292918528e-01
4.900390624999995115e-01	1.175305692649406542e-01
3.884765624999994560e-01	9.113641212739029274e-02
5.796874999999995781e-01	1.406672431040212057e-01
4.603515624999995337e-01	1.076131096739580267e-01
3.756835937499994893e-01	8.675276242339319266e-02
3.287109374999994116e-01	7.502024211972338485e-02
4.811523437499994893e-01	1.078366295618781445e-01
