4.788085937499995115e-01	2.107787046345241111e-01
7.202148437499997780e-01	3.475308191283964510e-01
7.025390624999998668e-01	3.200206264774058118e-01
3.702148437499994671e-01	1.378174357027907304e-01
8.761718749999999334e-01	4.195672893108270407e-01
4.215820312499994893e-01	1.546992843626713576e-01
2.015624999999992839e-01	7.249884402153380925e-02
5.417968749999996225e-01	2.043793667753889265e-01
4.636718749999995115e-01	1.646556115245694785e-01
4.903320312499995781e-01	1.703968972480322530e-01
5.721679687499996447e-01	2.068413496142905705e-01
5.443359374999996447e-01	1.878305732917363025e-01
6.945312499999998224e-01	2.590098418121756230e-01
9.589843749999998890e-01	4.074058510071302264e-01
4.596679687499994893e-01	1.419497062393483555e-01
6.849609374999996447e-01	2.360221998752207451e-01
6.320312499999996003e-01	2.092287098571836979e-01
3.688476562499994893e-01	1.033567049712678515e-01
3.620117187499993783e-01	9.954563394577653490e-02
5.758789062499997113e-01	1.778404580427828952e-01
3.413085937499994449e-01	9.002241684149253631e-02
7.149414062499998002e-01	2.326524058125940819e-01
8.283203124999998224e-01	2.831870014330288843e-01
3.474609374999994560e-01	8.955996345809091874e-02
3.778320312499994227e-01	9.740018757722419818e-02
4.898437499999995226e-01	1.321812338179054191e-01
5.123046874999994671e-01	1.393291181117832511e-01
4.125976562499994449e-01	1.047649311506098496e-01
4.574218749999995337e-01	1.179157050953037744e-01
3.873046874999994671e-01	9.287115019656017045e-02
6.643554687499996225e-01	1.908299735537949127e-01
2.408203124999993006e-01	5.472385886407001021e-02
4.477539062499995559e-01	1.108120984529780695e-01
9.557617187499999334e-01	3.200954721312369577e-01
6.018554687499996225e-01	1.587116066879100118e-01
