3.606445312499995115e-01	1.570459349908517044e-01
8.006835937499997558e-01	4.142351984385918562e-01
3.419921874999994338e-01	1.401404323001154695e-01
1.296777343750000533e+00	7.689731498784561081e-01
7.632812499999996891e-01	3.443723517606772089e-01
5.530273437499996225e-01	2.200904178305746750e-01
5.565429687499995337e-01	2.125280982179788836e-01
6.234374999999996447e-01	2.384201797273865220e-01
7.343749999999997780e-01	2.777544356716036278e-01
5.917968749999996669e-01	2.115771702784642050e-01
-1.222656250000009881e-01	5.988153975309334909e-02
5.620117187499995559e-01	1.910908521300213048e-01
4.583007812499995115e-01	1.469282301772159016e-01
3.418945312499994671e-01	1.123791262882809228e-01
4.030273437499994893e-01	1.271480967592282241e-01
7.291992187499997113e-01	2.350843188941736939e-01
3.089843749999994227e-01	9.666069275985185449e-02
6.000976562499996669e-01	1.819297980625888267e-01
4.232421874999994782e-01	1.204536222223153291e-01
4.770507812499995559e-01	1.379498402977583082e-01
3.379882812499994671e-01	9.703212126476837285e-02
4.129882812499995337e-01	1.156726221800241788e-01
3.765624999999994671e-01	1.042343736325205134e-01
5.311523437499995337e-01	1.419092118242979983e-01
6.625976562499996669e-01	1.810833155288333052e-01
3.307617187499993783e-01	8.783335784683533876e-02
7.112304687499996225e-01	1.894587597046155925e-01
3.553710937499994227e-01	9.279205832093130601e-02
4.779296874999995337e-01	1.160171455969629672e-01
3.142578124999993450e-01	8.012641861213351535e-02
4.572265624999994893e-01	1.089693266387883330e-01
6.628906249999996225e-01	1.640992823104459597e-01
6.162109374999995559e-01	1.488595414912559367e-01
6.617187499999996891e-01	1.587858461685290323e-01
8.292968749999998224e-01	2.062951907414443120e-01
