2.094726562499993061e-01	9.793519369009198727e-02
5.211914062499997113e-01	2.222481141234586011e-01
9.000976562499999334e-01	4.287484086873822875e-01
2.488281249999993450e-01	1.021578748374577933e-01
3.288085937499993783e-01	1.206625276239899069e-01
5.175781249999995559e-01	1.892304146331718062e-01
5.206054687499995781e-01	1.912234943954949640e-01
4.076171874999994782e-01	1.395525915817178442e-01
5.001953124999996003e-01	1.711481799081599198e-01
5.803710937499996225e-01	1.978749459511425779e-01
-1.382812500000010214e-01	7.058176304106782151e-02
7.404296874999998224e-01	2.534863712183965667e-01
3.501953124999994116e-01	1.129622048715108740e-01
4.454101562499995781e-01	1.408782289356454720e-01
7.323242187499997558e-01	2.350156843604495893e-01
2.003906249999992950e-01	7.759984356155910645e-02
5.385742187499996669e-01	1.570817971296478988e-01
4.272460937499994449e-01	1.244541941487589121e-01
7.212890624999999112e-01	2.139385911587736167e-01
4.989257812499995337e-01	1.381855522657055024e-01
4.480468749999995115e-01	1.266612140861644864e-01
2.234374999999993172e-01	7.571223981630245681e-02
5.958984374999996003e-01	1.611224500348976685e-01
6.865234374999997780e-01	1.818504087668677272e-01
8.439453124999998224e-01	2.273651319569585383e-01
5.335937499999996447e-01	1.399175216982028180e-01
4.015624999999994893e-01	1.047990002482494659e-01
2.741210937499993783e-01	8.110297147060049894e-02
5.190429687499995559e-01	1.303354042355477638e-01
5.695312499999996003e-01	1.392564511646448844e-01
6.727539062499997558e-01	1.659227404164115849e-01
7.519531249999997780e-01	1.823461324390671656e-01
4.269531249999994893e-01	1.058662034514702838e-01
2.521484374999993228e-01	7.485917505530212401e-02
4.859374999999995781e-01	1.164125236628568427e-01
