4.358398437499995115e-01	1.895376224586325931e-01
9.868164062500001110e-01	5.404857842315270444e-01
6.457031249999997113e-01	2.793357223892773411e-01
7.920898437499998002e-01	3.608062383838162024e-01
5.042968749999995337e-01	2.038029558040751477e-01
7.130859374999996003e-01	2.936438617835262499e-01
4.681640624999995337e-01	1.695143277900260925e-01
3.205078124999994338e-01	1.185424327003547218e-01
5.442382812499996225e-01	1.958259000131730432e-01
3.733398437499994005e-01	1.314950968113592356e-01
7.458007812499998224e-01	2.603406229110431513e-01
9.274414062499999334e-01	3.317069432593096612e-01
5.248046874999996447e-01	1.672440371352490185e-01
5.255859374999996003e-01	1.682397428856956811e-01
5.381835937499995781e-01	1.658848110133392117e-01
4.727539062499995781e-01	1.501406990422025634e-01
3.168945312499994449e-01	1.042980253057045614e-01
6.465820312499996891e-01	1.955355244259145975e-01
7.084960937499996669e-01	2.053035918437439156e-01
5.583984374999995115e-01	1.630059893517162573e-01
4.418945312499995559e-01	1.271650648148026919e-01
3.290039062499994227e-01	9.946137820300945953e-02
4.318359374999994893e-01	1.218435313927241914e-01
4.196289062499994893e-01	1.161744251659292543e-01
2.802734374999993339e-01	8.783561092695663097e-02
3.057617187499993561e-01	9.214117912599839588e-02
3.081054687499993339e-01	8.769107703581124902e-02
3.642578124999993894e-01	9.811913357145886361e-02
4.055664062499994005e-01	1.061780171110887211e-01
5.022460937499996225e-01	1.237234557988768219e-01
7.659179687499997335e-01	1.856352195547619210e-01
5.202148437499996003e-01	1.249566768513870468e-01
6.859374999999997558e-01	1.641976982691480680e-01
5.578124999999996003e-01	1.289777039814254400e-01
4.986328124999995226e-01	1.180447277284285834e-01
