6.060546874999996891e-01	3.191363208720625622e-01
8.079101562499998446e-01	4.704866567478639960e-01
4.875976562499995115e-01	2.152311237281636647e-01
4.149414062499994227e-01	1.692298485432422728e-01
6.196289062499996669e-01	2.779802031503002535e-01
3.004882812499993783e-01	1.076367286136411527e-01
6.621093749999996669e-01	2.875639830513918027e-01
1.306640625000000888e+00	7.722838996753867979e-01
3.381835937499994005e-01	1.140275421730653910e-01
2.983398437499993339e-01	9.944647446458491913e-02
2.892578124999993228e-01	9.391745262126249827e-02
4.035156249999994893e-01	1.353064717546545448e-01
6.962890624999997780e-01	2.700493929058912501e-01
3.674804687499994005e-01	1.126668501370915176e-01
4.050781249999994005e-01	1.250784582549266666e-01
5.266601562499996225e-01	1.731057798435741979e-01
3.652343749999994449e-01	1.055140369734776651e-01
5.306640624999996447e-01	1.689444618466583448e-01
4.373046874999995115e-01	1.295372448543749277e-01
5.213867187499996447e-01	1.573525570775277660e-01
7.738281249999997558e-01	2.657567681416536653e-01
5.040039062499995781e-01	1.457171291614449138e-01
6.962890624999997780e-01	2.195662191323458357e-01
5.248046874999996447e-01	1.493319056401161971e-01
5.436523437499996003e-01	1.523076072689819871e-01
6.218749999999997335e-01	1.761271136654180558e-01
4.747070312499995781e-01	1.244531364045507738e-01
5.356445312499996669e-01	1.436625829276620692e-01
6.392578124999996891e-01	1.768773660169328799e-01
4.294921874999994560e-01	1.051953105934137905e-01
5.182617187499996003e-01	1.322609952746882367e-01
5.285156249999994893e-01	1.333524395624673120e-01
5.603515624999995115e-01	1.428439884612563437e-01
6.170898437499996447e-01	1.589959758846536675e-01
4.424804687499994671e-01	1.032399880773154366e-01
