7.147460937499997558e-01	2.450686455824954424e-01
6.387695312499998002e-01	1.861436083873212466e-01
4.665039062499994893e-01	1.126112904219460920e-01
4.481445312499995337e-01	9.973574804622326040e-02
4.704101562499996003e-01	1.079910458772958548e-01
3.958007812499995115e-01	8.312029744824414590e-02
3.888671874999994338e-01	7.917513679231240331e-02
6.391601562499997780e-01	1.595975818202594043e-01
4.869140624999995226e-01	9.869606963997498705e-02
5.833007812499996225e-01	1.262735806152525120e-01
4.703124999999995781e-01	9.077782830286283688e-02
5.741210937499995337e-01	1.210270361770458686e-01
4.249999999999994893e-01	7.468732372484862547e-02
5.818359374999995115e-01	1.186527102263937733e-01
4.660156249999994893e-01	8.097721319217578151e-02
4.760742187499995559e-01	8.088334208998440578e-02
4.779296874999995337e-01	7.895545100502861235e-02
5.103515624999994671e-01	8.780370229204373378e-02
4.324218749999995115e-01	6.658628232782659584e-02
4.471679687499995337e-01	6.924545110077248711e-02
6.704101562499997780e-01	1.334657451814279805e-01
5.433593749999996447e-01	9.045925030677766376e-02
6.648437499999997335e-01	1.275358184229817560e-01
5.103515624999994671e-01	7.851260871781780282e-02
4.320312499999994782e-01	5.723839045495448391e-02
6.319335937499995781e-01	1.088695489260569638e-01
5.484374999999995781e-01	8.452270120978834511e-02
4.777343749999994893e-01	6.626757442897657224e-02
4.645507812499994893e-01	6.304513647572476676e-02
5.041992187499995115e-01	7.127719146804899208e-02
5.319335937499994893e-01	7.581140500704945662e-02
5.710937499999997335e-01	8.518089424898353523e-02
4.949218749999996225e-01	6.533248523718347689e-02
4.744140624999995115e-01	6.070529682947796435e-02
5.374023437499996225e-01	7.375989474111739608e-02
