6.028320312499997335e-01	2.691721568809318232e-01
5.433593749999996447e-01	2.272514920208801303e-01
4.884765624999995448e-01	1.915965407750863658e-01
4.502929687499994671e-01	1.714935760290683120e-01
6.192382812499996891e-01	2.365707756186081756e-01
3.138671874999993672e-01	1.169944165282243986e-01
5.741210937499995337e-01	2.039450661284349098e-01
4.111328124999995004e-01	1.417523724321068934e-01
6.956054687499997335e-01	2.419288573849109059e-01
9.903320312500001332e-01	3.667590371818246764e-01
6.201171874999997780e-01	2.011788259491984199e-01
5.139648437499995115e-01	1.662738659833087052e-01
3.860351562499995115e-01	1.195703991166541247e-01
3.795898437499993783e-01	1.170108012726630842e-01
3.233398437499993561e-01	1.034933351929080009e-01
3.260742187499994227e-01	1.004601670312226802e-01
7.413085937499998002e-01	2.171375737613959467e-01
3.957031249999994893e-01	1.148912208730942242e-01
4.764648437499995337e-01	1.327812274678719096e-01
5.893554687499996669e-01	1.625243509577740109e-01
5.599609374999994227e-01	1.496380441955466045e-01
5.104492187499994893e-01	1.375779554824705375e-01
5.094726562499994893e-01	1.325641857947891245e-01
3.921874999999994671e-01	1.056891409180591157e-01
6.048828124999996447e-01	1.530928287687418343e-01
3.639648437499993783e-01	9.589028486238096449e-02
3.713867187499994005e-01	9.731465310426307136e-02
5.906249999999997335e-01	1.417231345444895929e-01
5.332031249999995559e-01	1.292007119948603011e-01
5.870117187499996891e-01	1.390348671121217350e-01
4.001953124999994560e-01	9.538737914708181331e-02
6.801757812499996669e-01	1.599578601095139607e-01
5.037109374999995115e-01	1.160727457236162968e-01
5.622070312499996003e-01	1.271479458011170738e-01
4.916992187499995559e-01	1.098963016663745129e-01
