2.164062499999993006e-01	8.930897291491401990e-02
5.689453124999996891e-01	2.603272788906104140e-01
3.935546874999995004e-01	1.552990126751155608e-01
6.000976562499996669e-01	2.572556557238192543e-01
7.190429687499997335e-01	3.199321535994226195e-01
4.091796874999995004e-01	1.497661662127134086e-01
1.016406249999999956e+00	4.862593044483728422e-01
6.190429687499996447e-01	2.343512809669020813e-01
3.426757812499994227e-01	1.144005793488175465e-01
4.357421874999995448e-01	1.460174435953341954e-01
2.573242187499993339e-01	8.621824276705669643e-02
3.096679687499993561e-01	9.865334241918459479e-02
5.537109374999995559e-01	1.825369957875706273e-01
5.482421874999996447e-01	1.774077466218627053e-01
5.874023437499996669e-01	1.841175068608679466e-01
4.932617187499995781e-01	1.483481932640257073e-01
4.571289062499994671e-01	1.319332742042187978e-01
4.163085937499995115e-01	1.165868745621569946e-01
6.652343749999997113e-01	2.037425795861617095e-01
5.354492187499996225e-01	1.527455633684944858e-01
3.170898437499993783e-01	8.460886776229352424e-02
7.269531249999997558e-01	2.163325819654926818e-01
4.414062499999995004e-01	1.156350168042727944e-01
4.471679687499995337e-01	1.150159852398202759e-01
5.403320312499997335e-01	1.405432531210011049e-01
4.260742187499995115e-01	1.049481900433614778e-01
5.227539062499996225e-01	1.313871068742779591e-01
4.991210937499995781e-01	1.233554577066159202e-01
2.879882812499994227e-01	6.935695893778591470e-02
3.858398437499994671e-01	9.182388078096413719e-02
5.391601562499996891e-01	1.299939910130564480e-01
4.517578124999995226e-01	1.063621695888703755e-01
3.340820312499994671e-01	7.570061781655786082e-02
4.908203124999995226e-01	1.132450159565669828e-01
5.106445312499995337e-01	1.168989822983569626e-01
