4.885742187499995115e-01	2.310760636766683029e-01
2.395507812499993172e-01	9.634297803573280139e-02
-1.429687500000010325e-01	5.755258922667357696e-02
3.895507812499994227e-01	1.601606819342734911e-01
9.495117187499999556e-01	5.448119918601573852e-01
4.029296874999994671e-01	1.566748633406768176e-01
5.749023437499996003e-01	2.432913911899443893e-01
2.557617187499993117e-01	8.933064797936378365e-02
5.234374999999995559e-01	2.040534542617918334e-01
3.364257812499994449e-01	1.134198938030063636e-01
1.013281249999999911e+00	5.123186022622172597e-01
5.236328124999996003e-01	1.922979397698792448e-01
4.562499999999994893e-01	1.564106143890441891e-01
5.758789062499997113e-01	2.084444547031995554e-01
6.980468749999997335e-01	2.652228263930985208e-01
5.722656249999996669e-01	1.951343043417569090e-01
4.127929687499994893e-01	1.247584483790200455e-01
3.941406249999994671e-01	1.152710842086920456e-01
3.666015624999994227e-01	1.049536597761591139e-01
5.254882812499995781e-01	1.624511140139111298e-01
5.522460937499996669e-01	1.712320861340304867e-01
5.901367187499997335e-01	1.868230447850275089e-01
5.730468749999996225e-01	1.746593531986836700e-01
6.081054687499996003e-01	1.882634424194084832e-01
9.816406249999999334e-01	3.688622323091946820e-01
3.426757812499994227e-01	8.652188425714306408e-02
3.350585937499994671e-01	8.431726770937308935e-02
2.279296874999993117e-01	5.634708432349071205e-02
9.392578124999999556e-01	3.331063446680397888e-01
5.595703124999995559e-01	1.556246637497950835e-01
7.510742187499998002e-01	2.294892563059350299e-01
4.381835937499994893e-01	1.105207227386805768e-01
4.486328124999994782e-01	1.108894966588922920e-01
4.988281249999995115e-01	1.253744416804409845e-01
5.848632812499996447e-01	1.538727103901625093e-01
