3.435546874999994560e-01	1.415319104328048028e-01
2.425781249999993394e-01	9.665897418495701665e-02
5.493164062499996669e-01	2.503965270592308223e-01
5.190429687499995559e-01	2.223484958734009698e-01
2.874999999999993672e-01	1.046636073232816572e-01
5.464843749999995781e-01	2.261763247490422291e-01
4.965820312499995559e-01	1.943703642502815354e-01
3.036132812499994227e-01	1.024975683567686813e-01
6.835937499999997780e-01	2.902644333571803847e-01
6.072265624999997335e-01	2.369624368560901972e-01
5.161132812499995559e-01	1.854530204624675604e-01
8.727539062499999334e-01	3.878559461016229393e-01
1.461914062500001332e+00	8.277513646589061969e-01
4.261718749999995337e-01	1.348678324113373184e-01
9.430664062499999334e-01	4.004571482824916817e-01
4.346679687499994671e-01	1.334173407652313181e-01
4.236328124999994560e-01	1.277891959703092717e-01
3.815429687499993783e-01	1.082369626994888617e-01
4.849609374999995781e-01	1.431856566594926494e-01
1.119921874999999734e+00	4.780945332162702122e-01
5.075195312499996003e-01	1.506440174540914501e-01
5.548828124999996003e-01	1.631819976692626406e-01
5.022460937499996225e-01	1.426132245147581079e-01
5.729492187499996003e-01	1.692736306307496275e-01
8.821289062499998446e-01	2.997908921273400029e-01
4.435546874999995448e-01	1.162601825204591932e-01
4.809570312499995559e-01	1.274205017588860844e-01
6.136718749999996447e-01	1.752632310306868335e-01
5.799804687499995337e-01	1.600351335522141039e-01
5.269531249999995781e-01	1.378863060105936511e-01
8.378906249999998890e-01	2.608515468020399242e-01
5.319335937499994893e-01	1.351863161206103281e-01
7.026367187499997780e-01	1.971850277397487472e-01
8.478515624999998224e-01	2.552032111980964690e-01
3.211914062499994227e-01	7.074770070066846439e-02
