7.489257812499997558e-01	3.780065414339822683e-01
1.905273437499992728e-01	8.476213833519806451e-02
3.811523437499994005e-01	1.541506779527890558e-01
4.115234374999994782e-01	1.611339852697447339e-01
9.108398437499998224e-01	4.601940180559063731e-01
3.894531249999994005e-01	1.449798019979319508e-01
8.564453124999997780e-01	3.965134633070757086e-01
3.673828124999994338e-01	1.257877733457009317e-01
8.787109374999997335e-01	3.924191851287526234e-01
5.945312499999997335e-01	2.182814136278187489e-01
3.170898437499993783e-01	1.043690687346646578e-01
3.990234374999994671e-01	1.296556270762999619e-01
3.163085937499994227e-01	9.705447277126706684e-02
5.214843749999996669e-01	1.724170039629913387e-01
3.668945312499994893e-01	1.124990497368732467e-01
3.758789062499994227e-01	1.141014339519595133e-01
5.207031249999996003e-01	1.674683308156767192e-01
3.442382812499994449e-01	9.999124354250114866e-02
3.873046874999994671e-01	1.098806128526192832e-01
3.254882812499994005e-01	9.084802914536757590e-02
6.646484374999996891e-01	2.240074671786594362e-01
5.419921874999995559e-01	1.653977913893399931e-01
7.286132812499996891e-01	2.458309012761193957e-01
9.777343749999999334e-01	3.765691945865682344e-01
3.874023437499994893e-01	1.038956624380224097e-01
4.430664062499994893e-01	1.195110145591567058e-01
3.998046874999994782e-01	1.037601499829470253e-01
4.810546874999995226e-01	1.296209786692782417e-01
7.891601562499999112e-01	2.541428728658973180e-01
5.479492187499995781e-01	1.488888700353327710e-01
6.835937499999997780e-01	2.018667472487947478e-01
5.982421874999996891e-01	1.649263568311956085e-01
4.659179687499994671e-01	1.165321376104870438e-01
6.980468749999997335e-01	2.015387253412830593e-01
4.434570312499995781e-01	1.071092484970869591e-01
