3.643554687499993561e-01	1.566889798385265320e-01
4.536132812499995559e-01	1.976992883592831041e-01
8.366210937499999334e-01	4.395779473341627774e-01
4.326171874999995004e-01	1.741352066726863101e-01
6.257812499999997335e-01	2.715551562604665015e-01
4.215820312499994893e-01	1.597968941277864152e-01
4.522460937499994671e-01	1.643827785920538853e-01
5.768554687499996003e-01	2.234619928575116987e-01
5.444335937499996669e-01	2.039717082631433420e-01
6.214843749999997558e-01	2.400498963080251180e-01
3.000976562499994005e-01	9.293243789312403969e-02
3.623046874999994449e-01	1.171577616362887569e-01
5.544921874999995115e-01	1.949145767031444099e-01
3.754882812499994449e-01	1.191884261937247030e-01
5.457031249999996225e-01	1.858593022918526572e-01
6.835937499999997780e-01	2.484640465612069915e-01
4.984374999999995337e-01	1.588955957192084711e-01
4.513671874999995448e-01	1.353433217400527300e-01
5.103515624999994671e-01	1.567991412475074897e-01
4.630859374999995448e-01	1.362849943211111303e-01
4.202148437499995115e-01	1.194259540606234932e-01
3.593749999999994449e-01	9.767042739799353113e-02
4.572265624999994893e-01	1.305952203199332029e-01
3.533203124999994005e-01	9.380655715391021665e-02
6.500976562499997113e-01	2.036462551286426226e-01
5.061523437499995115e-01	1.436932481809438111e-01
3.091796874999994116e-01	7.585292100280044414e-02
4.665039062499994893e-01	1.256622078151019006e-01
7.717773437499998446e-01	2.522253651396023644e-01
4.407226562499995115e-01	1.133149483692801329e-01
2.618164062499993561e-01	6.162572815936898096e-02
6.316406249999996225e-01	1.820615637062376335e-01
6.023437499999997335e-01	1.681675694324943349e-01
4.824218749999995559e-01	1.221071449326095598e-01
3.579101562499994449e-01	8.361977034590249713e-02
