6.544921874999996003e-01	3.117330082239065381e-01
4.587890624999995115e-01	1.891254214708820713e-01
2.774414062499993561e-01	1.111763479335073773e-01
5.959960937499996225e-01	2.441970599940943287e-01
5.889648437499996891e-01	2.271537273538216106e-01
1.173339843750000444e+00	5.845815253263281219e-01
4.982421874999995448e-01	1.782151002790307026e-01
8.685546874999998668e-01	3.491619965433457318e-01
1.082226562500000266e+00	4.495348182052752439e-01
8.134765624999997780e-01	3.008502817087314041e-01
3.345703124999994116e-01	1.123486451581644369e-01
4.767578124999995448e-01	1.489616231250199541e-01
3.732421874999994338e-01	1.198923032558492779e-01
2.032226562499992728e-01	7.393702585857536702e-02
3.820312499999994338e-01	1.168097154844640606e-01
4.329101562499995115e-01	1.288510801914007631e-01
2.248046874999993228e-01	7.149962957218765347e-02
4.716796874999995559e-01	1.360000464748081783e-01
5.861328124999996003e-01	1.656905142159406097e-01
4.104492187499995115e-01	1.138422974820359201e-01
3.622070312499994227e-01	9.775853224189311186e-02
6.561523437499996447e-01	1.870544075874754075e-01
4.360351562499995559e-01	1.169980235887160547e-01
8.549804687499997780e-01	2.534354274942616225e-01
4.851562499999995670e-01	1.234617313650941406e-01
5.263671874999995559e-01	1.350370319274007969e-01
3.417968749999994449e-01	8.733451408648847114e-02
4.058593749999994671e-01	1.000553578278385175e-01
5.964843749999996225e-01	1.498904165053776272e-01
4.237304687499994227e-01	1.015149938328706175e-01
3.351562499999994338e-01	8.027672988271203347e-02
3.054687499999993450e-01	7.105426048722934818e-02
4.667968749999995559e-01	1.053340257219772536e-01
5.407226562499997113e-01	1.250150840651432227e-01
4.145507812499994449e-01	9.357356749543846441e-02
