8.143554687499997558e-01	4.340654307978953907e-01
3.715820312499994449e-01	1.601000793919050424e-01
3.124999999999114597e-03	nan
8.775390624999999112e-01	4.337190653759849801e-01
6.299804687499995781e-01	2.686156697193249343e-01
2.160156249999992950e-01	9.248906159430095308e-02
6.592773437499995781e-01	2.688922861693471833e-01
6.880859374999996891e-01	2.755453956349231404e-01
5.465820312499996003e-01	2.074084354584434520e-01
5.996093749999996669e-01	2.199179673121569867e-01
4.595703124999995226e-01	1.639857771343772308e-01
4.670898437499995115e-01	1.641662630260781741e-01
5.987304687499995781e-01	2.059496379155009993e-01
6.065429687499995781e-01	1.924948246811190034e-01
7.679687499999998668e-01	2.562020263124054065e-01
4.220703124999994893e-01	1.414174408434406005e-01
6.826171874999997780e-01	2.119939045666063004e-01
3.794921874999994116e-01	1.264525332036957606e-01
6.500976562499997113e-01	1.972061128163270227e-01
4.427734374999995337e-01	1.341683300016757452e-01
6.834960937499997558e-01	1.929982088778370852e-01
7.777343749999997558e-01	2.217925777665283871e-01
5.495117187499996003e-01	1.568496244654270788e-01
2.858398437499993783e-01	9.908444191091760056e-02
3.010742187499994005e-01	9.552978773454419426e-02
4.713867187499994893e-01	1.256111214913838980e-01
4.874999999999995448e-01	1.342945152380805030e-01
5.291015624999995115e-01	1.387365778909301350e-01
4.891601562499995337e-01	1.299119073720859108e-01
6.299804687499995781e-01	1.549728894155301129e-01
4.047851562499994449e-01	1.094299003800905112e-01
7.039062499999997335e-01	1.727229884126549320e-01
9.264648437499998224e-01	2.294045019206371328e-01
2.544921874999993006e-01	8.276630767743879680e-02
5.796874999999995781e-01	1.350348601504590962e-01
