2.578710937500003908e+00	2.905930660790202680e+00
3.235351562499994005e-01	1.412455221555058704e-01
4.395507812499994671e-01	1.904280497678129680e-01
4.934570312499996225e-01	2.114762529233202015e-01
8.051757812499997780e-01	3.764813751195130176e-01
2.166015624999992895e-01	8.256469722798374933e-02
3.383789062499994449e-01	1.258014102722833372e-01
6.318359374999995559e-01	2.494778748088148645e-01
4.308593749999994893e-01	1.576912749809211700e-01
4.786132812499995781e-01	1.698768944267972092e-01
4.945312499999995892e-01	1.730177407768384024e-01
6.158203124999996891e-01	2.085548184716667086e-01
6.593749999999996003e-01	2.267126787365051910e-01
5.013671874999996447e-01	1.634995653028706031e-01
3.463867187499993783e-01	1.126951021539940867e-01
4.230468749999994893e-01	1.251787868300346107e-01
6.014648437499996447e-01	1.863220035300718336e-01
4.361328124999995226e-01	1.315118079906239523e-01
4.729492187499995115e-01	1.375769909666168245e-01
7.963867187499997780e-01	2.446913734683140995e-01
4.635742187499994893e-01	1.332581011535872162e-01
3.943359374999995115e-01	1.108510246287651574e-01
5.322265624999995559e-01	1.454259467982112475e-01
3.378906249999994449e-01	9.450823146390280316e-02
7.087890624999997335e-01	1.957670331303558997e-01
5.887695312499997558e-01	1.537269004417838036e-01
4.107421874999995226e-01	1.094597975944757579e-01
3.904296874999994560e-01	1.024241279523453035e-01
2.680664062499993339e-01	7.914849626696351947e-02
5.881835937499996225e-01	1.458105626056721005e-01
3.381835937499994005e-01	8.997693078889922036e-02
6.202148437499996891e-01	1.500709248661883932e-01
5.055664062499994893e-01	1.197817606540926144e-01
7.613281249999996891e-01	1.842479079171375211e-01
5.701171874999997335e-01	1.326142323708222881e-01
