7.533203124999998668e-01	3.646578331564903630e-01
4.451171874999995670e-01	1.801359948355379936e-01
1.014843750000000044e+00	4.991931981066896618e-01
5.574218749999996225e-01	2.259822731069807966e-01
4.775390624999995004e-01	1.835067708090918071e-01
5.425781249999995781e-01	2.003608445956326922e-01
3.582031249999994005e-01	1.349103231813903181e-01
3.915039062499994227e-01	1.388518332897262508e-01
3.171874999999994005e-01	1.117721844337352805e-01
5.260742187499996003e-01	1.771471678317761422e-01
3.821289062499994005e-01	1.253941475148805385e-01
3.596679687499994005e-01	1.178139910618012237e-01
5.634765624999995559e-01	1.761410075258390828e-01
4.487304687499994449e-01	1.385685199444493809e-01
4.809570312499995559e-01	1.409564570115013071e-01
5.394531249999996447e-01	1.594093153144507669e-01
8.291992187499998002e-01	2.571189950397844148e-01
7.179687499999998224e-01	2.109000109707100112e-01
4.260742187499995115e-01	1.199463912880184557e-01
6.922851562499997558e-01	1.947906163406018798e-01
3.554687499999993894e-01	1.008377371967397323e-01
8.320312499999997780e-01	2.370201165808919763e-01
6.579101562499997113e-01	1.758561221874733738e-01
6.782226562499996669e-01	1.777446253410253918e-01
4.577148437499994893e-01	1.200187529875689635e-01
4.566406249999994671e-01	1.164609372816061833e-01
5.673828124999995559e-01	1.429502190409062956e-01
4.753906249999995115e-01	1.176795809711694840e-01
4.826171874999995448e-01	1.155511710745686649e-01
5.899414062499998002e-01	1.411677056434112454e-01
5.889648437499996891e-01	1.399413948209656255e-01
5.208007812499996225e-01	1.225166765801910529e-01
4.849609374999995781e-01	1.118845809337003921e-01
5.114257812499994893e-01	1.171968652379495185e-01
4.612304687499995115e-01	1.063012405028653518e-01
