8.478515624999998224e-01	4.489219914781730214e-01
4.647460937499995337e-01	1.958532118251958554e-01
3.114257812499994227e-01	1.200304831552609641e-01
4.027343749999994227e-01	1.555106797998606905e-01
5.545898437499995337e-01	2.190186343187087992e-01
6.085937499999996003e-01	2.330856075946488859e-01
5.057617187499995337e-01	1.846731467218175882e-01
3.348632812499994227e-01	1.180064649040768326e-01
7.190429687499997335e-01	2.601717346315129964e-01
5.158203124999996003e-01	1.765159012893453006e-01
5.665039062499995781e-01	1.837435621365706151e-01
2.997070312499994227e-01	1.056314954605859363e-01
4.482421874999995004e-01	1.448355171963497390e-01
3.742187499999994338e-01	1.178688678843354959e-01
5.544921874999995115e-01	1.640789935184664428e-01
3.959960937499994449e-01	1.206036468424956792e-01
2.470703124999993339e-01	8.508964813436509234e-02
5.629882812499995559e-01	1.588830594460395873e-01
3.889648437499994005e-01	1.095968135979947938e-01
4.046874999999994227e-01	1.140352993981498253e-01
6.774414062499997113e-01	1.906419720281060104e-01
4.810546874999995226e-01	1.309081623289615193e-01
4.357421874999995448e-01	1.184565636554847090e-01
8.035156249999998446e-01	2.206951221646960559e-01
5.637695312499996225e-01	1.464362617105043340e-01
4.598632812499995337e-01	1.188606914746663523e-01
5.084960937499994893e-01	1.270698464296372565e-01
4.835937499999995448e-01	1.206809278463555485e-01
4.664062499999995226e-01	1.154218991626187185e-01
5.617187499999996003e-01	1.343629247285743067e-01
5.791992187499995781e-01	1.365475278212526233e-01
5.886718749999997335e-01	1.376293492969793142e-01
3.378906249999994449e-01	8.573678629450555422e-02
4.032226562499994227e-01	9.468181177218010225e-02
5.155273437499995337e-01	1.175143587597528710e-01
