8.374023437499998890e-01	4.640582054050966243e-01
4.281249999999994782e-01	1.843096604876207634e-01
7.247070312499998002e-01	3.398694947251769682e-01
3.247070312499994449e-01	1.361409292250646830e-01
3.798828124999993894e-01	1.446335830975512271e-01
2.309570312499993061e-01	9.661883053168023039e-02
3.222656249999994449e-01	1.247755397417118634e-01
2.929687499999993894e-01	1.102976368795382939e-01
3.950195312499995559e-01	1.370386092455175564e-01
5.965820312499996447e-01	2.101500030689328891e-01
3.649414062499993783e-01	1.242568551485304790e-01
5.721679687499996447e-01	1.938702654298591899e-01
4.981445312499995781e-01	1.638584498792288180e-01
6.211914062499998002e-01	1.948872782108820312e-01
7.926757812499998224e-01	2.585591029925604079e-01
9.792968749999999556e-01	3.344855312970901884e-01
6.945312499999998224e-01	2.079195289943956415e-01
2.760742187499993783e-01	9.544644654129089134e-02
4.981445312499995781e-01	1.501263994561058135e-01
6.549804687499996003e-01	1.924407769832186532e-01
5.333984374999996003e-01	1.552189974337561118e-01
4.883789062499995781e-01	1.368444172805310666e-01
8.029296874999998224e-01	2.310212677501868317e-01
5.867187499999997335e-01	1.624554328197485020e-01
5.208984374999996447e-01	1.433098713676253522e-01
5.934570312499997113e-01	1.585540508106552671e-01
7.799804687499997113e-01	2.051122465243658544e-01
4.821289062499994893e-01	1.287097390298549415e-01
4.588867187499995337e-01	1.216104032033832327e-01
5.956054687499996447e-01	1.490251836798128504e-01
4.484374999999994893e-01	1.152461813666316448e-01
5.649414062499996669e-01	1.373406628851013833e-01
5.107421874999995559e-01	1.253862816693753768e-01
5.321289062499995337e-01	1.274170851906052393e-01
4.278320312499994671e-01	1.077492073791185001e-01
