3.850585937499995115e-01	1.740773129203830871e-01
2.709960937499993339e-01	1.097384842493958068e-01
8.109374999999997558e-01	4.353442613247766602e-01
5.554687499999995115e-01	2.498761051460158533e-01
2.662109374999993561e-01	1.011695035478020893e-01
1.120605468750000000e+00	6.390981098705726948e-01
7.177734374999997780e-01	3.185375722957419775e-01
6.558593749999996891e-01	2.700397126678637516e-01
5.601562499999994671e-01	2.134382362031423119e-01
3.078124999999993783e-01	1.016163484440248677e-01
3.895507812499994227e-01	1.319306504594762730e-01
2.577148437499993117e-01	8.298262984317170132e-02
4.588867187499995337e-01	1.540747270169575689e-01
4.089843749999995115e-01	1.330091429195484343e-01
5.610351562499995559e-01	1.951139919813168200e-01
5.898437499999997780e-01	1.995750338162023130e-01
3.246093749999994227e-01	9.631963608301938318e-02
4.426757812499995115e-01	1.355105949065804061e-01
3.583984374999994449e-01	1.022726075161109749e-01
4.804687499999995004e-01	1.463920621699705271e-01
4.293945312499994893e-01	1.250740115045810841e-01
7.597656249999996669e-01	2.656725459660716493e-01
3.655273437499994005e-01	9.868889638326271141e-02
5.273437499999995559e-01	1.544405740814491224e-01
4.434570312499995781e-01	1.225459696660725767e-01
5.545898437499995337e-01	1.611201802092193935e-01
3.574218749999994449e-01	9.194163403256930267e-02
6.614257812499996225e-01	2.012628876659991184e-01
3.133789062499994227e-01	7.654367734435786608e-02
4.702148437499995559e-01	1.230967513226042531e-01
6.320312499999996003e-01	1.800742080566724579e-01
5.242187499999995115e-01	1.375166709825321742e-01
5.137695312499995781e-01	1.337231853246917401e-01
4.959960937499995337e-01	1.255548841831276852e-01
5.505859374999995115e-01	1.430952863996655666e-01
