8.848632812499999112e-01	4.659461932539133433e-01
6.754882812499997113e-01	3.060826233171251021e-01
6.470703124999996891e-01	2.823363492173456835e-01
4.701171874999995892e-01	1.817243649486247337e-01
1.804687499999992895e-01	7.782389064450816185e-02
9.222656249999999778e-01	4.313938060794410556e-01
6.597656249999995781e-01	2.609641127689231732e-01
1.284375000000000711e+00	6.656006314108857680e-01
5.393554687499996225e-01	1.888991253725481045e-01
3.858398437499994671e-01	1.299947637947058698e-01
2.852539062499993561e-01	9.594726378145956858e-02
8.706054687499998890e-01	3.432948225966654388e-01
4.653320312499995559e-01	1.480582318085299776e-01
6.860351562499997780e-01	2.379571811098245004e-01
6.742187499999996447e-01	2.272073111397634737e-01
4.063476562499994671e-01	1.213073736022824700e-01
5.948242187499996891e-01	1.861595843039801079e-01
9.503906249999999334e-01	3.492175986291289336e-01
3.957031249999994893e-01	1.126179128027978565e-01
5.303710937499995781e-01	1.521489624765078874e-01
6.512695312499997558e-01	1.961278599951679913e-01
4.472656249999995559e-01	1.212878796456507147e-01
3.888671874999994338e-01	1.017560209116898096e-01
3.271484374999993894e-01	8.349155190478249611e-02
4.000976562499994893e-01	1.048369292524751611e-01
4.988281249999995115e-01	1.328869055002993016e-01
4.987304687499994893e-01	1.314302425828981213e-01
5.081054687499995115e-01	1.345954588762268700e-01
3.748046874999994560e-01	9.078587473117555318e-02
5.205078124999995559e-01	1.323721507254825291e-01
4.545898437499994449e-01	1.115998018590763224e-01
3.122070312499993783e-01	7.133808038822388176e-02
3.908203124999994338e-01	9.234685495216268802e-02
4.080078124999994560e-01	9.602503859818938003e-02
5.435546874999996891e-01	1.356104698766468497e-01
