2.950195312499994671e-01	1.260156088899507532e-01
3.918945312499995115e-01	1.577718648557124848e-01
6.400390624999998668e-01	2.784764880994689551e-01
3.888671874999994338e-01	1.444621209547718166e-01
4.054687499999994338e-01	1.486638540110797047e-01
3.203124999999994449e-01	1.122747598427115828e-01
1.024121093749999822e+00	4.759682807501554036e-01
4.277343749999994449e-01	1.455963011794939310e-01
3.009765624999993783e-01	9.971700043737770358e-02
2.584960937499993783e-01	8.408160535533083790e-02
4.349609374999995337e-01	1.409577494351766103e-01
5.054687499999994671e-01	1.611127533624956976e-01
3.226562499999994227e-01	9.792367886006110578e-02
2.941406249999993783e-01	8.908595231154471661e-02
5.210937499999996891e-01	1.602463886079546762e-01
3.019531249999993783e-01	8.748341546177892947e-02
5.882812499999996447e-01	1.782741799452110809e-01
7.123046874999996447e-01	2.260074234889989375e-01
2.885742187499993339e-01	8.063841165107947517e-02
5.914062499999996891e-01	1.710285808547165609e-01
3.587890624999994227e-01	9.649722106578303982e-02
5.872070312499997335e-01	1.655515106562062966e-01
4.873046874999995559e-01	1.291984312931249435e-01
5.230468749999995781e-01	1.371750606104831793e-01
5.034179687499995559e-01	1.318300228092283422e-01
3.997070312499995115e-01	1.004735605788293212e-01
7.316406249999997113e-01	2.020203144387484329e-01
6.338867187499996891e-01	1.645486372270360265e-01
3.646484374999994227e-01	8.715637478273766114e-02
6.415039062499997558e-01	1.630677241917067588e-01
6.533203124999997780e-01	1.606278320356993028e-01
4.578124999999995115e-01	1.055172661700625597e-01
7.006835937499996669e-01	1.745927542057129078e-01
5.401367187499996891e-01	1.255577771553011701e-01
7.322265624999997335e-01	1.815727588128687453e-01
