-1.427734375000010436e-01	7.265797032787729703e-02
4.567382812499994893e-01	1.914133349390096106e-01
2.177734374999993339e-01	8.798250205235942645e-02
4.931640624999995559e-01	1.952874293807804473e-01
3.949218749999995337e-01	1.422776919446014365e-01
5.996093749999996669e-01	2.311492817203942840e-01
3.753906249999994227e-01	1.297639146187727355e-01
6.406249999999997780e-01	2.397744135824450007e-01
3.549804687499993339e-01	1.213779537988979584e-01
2.191406249999993117e-01	8.130622204224124960e-02
8.220703124999999556e-01	3.090572721615178486e-01
8.558593749999998668e-01	3.078506419743830547e-01
4.066406249999994227e-01	1.256633229510088212e-01
6.745117187499997113e-01	2.207114093738608562e-01
7.385742187499998446e-01	2.445333770077589286e-01
4.037109374999994782e-01	1.175314806565003478e-01
7.194335937499997113e-01	2.138394174302022666e-01
7.289062499999996447e-01	2.198147696899305781e-01
5.486328124999995115e-01	1.593035865071278923e-01
5.639648437499995559e-01	1.603006771387995300e-01
5.068359374999995559e-01	1.411097423467319867e-01
6.768554687499996891e-01	1.882926530691912681e-01
4.644531249999994671e-01	1.249325705505964224e-01
4.892578124999995004e-01	1.280771915131981020e-01
4.979492187499995337e-01	1.288571106975161529e-01
4.026367187499994005e-01	1.040951565031425635e-01
4.889648437499994893e-01	1.230549764539401597e-01
5.531249999999996447e-01	1.388203925432337227e-01
3.416015624999994005e-01	8.775315186142106094e-02
6.583984374999996003e-01	1.623492819501956563e-01
4.460937499999995115e-01	1.085608012102196318e-01
5.082031249999995337e-01	1.210275941729510862e-01
5.687499999999996447e-01	1.306034946477533099e-01
5.662109374999995115e-01	1.279409769215696657e-01
5.932617187499996669e-01	1.361838727178281971e-01
