7.913085937499998446e-01	4.171231355485085501e-01
4.177734374999995115e-01	1.677503226021329896e-01
-1.682617187500010381e-01	7.070102215945898994e-02
5.208007812499996225e-01	2.108662664807818277e-01
8.833007812499998890e-01	4.263078909566871966e-01
2.359374999999993283e-01	8.724631246632882919e-02
5.327148437499995559e-01	2.038500234064095917e-01
7.583007812499997780e-01	3.195423043063377877e-01
-1.172851562500009936e-01	5.336458633187990408e-02
4.535156249999995337e-01	1.568437395612313490e-01
4.154296874999994782e-01	1.377694298981329835e-01
7.535156249999998002e-01	2.891153702296345163e-01
6.278320312499996447e-01	2.192126201951096476e-01
4.100585937499995337e-01	1.262017754624006338e-01
4.760742187499995559e-01	1.470965035778935559e-01
5.546874999999995559e-01	1.776958284619304662e-01
5.827148437499996003e-01	1.831898979616624623e-01
5.706054687499996225e-01	1.749338101292215730e-01
4.964843749999995337e-01	1.437139765306776618e-01
5.232421874999995115e-01	1.510446028803764662e-01
5.318359374999994671e-01	1.520607089907406728e-01
5.669921874999996891e-01	1.610125715938847402e-01
4.573242187499995115e-01	1.237829502581654639e-01
5.526367187499996447e-01	1.517223288931014713e-01
9.268554687499998002e-01	3.081669530176306404e-01
3.792968749999994227e-01	9.538758077734134366e-02
3.954101562499995337e-01	9.756749280523256684e-02
4.370117187499994449e-01	1.076115217885770803e-01
3.241210937499994227e-01	7.659657690903300120e-02
5.634765624999995559e-01	1.453230321007152603e-01
5.303710937499995781e-01	1.306457066559496283e-01
4.708984374999995448e-01	1.128722958629425205e-01
5.814453124999996447e-01	1.457489541204258499e-01
5.675781249999996003e-01	1.401976939898006702e-01
5.810546874999995559e-01	1.415875246338600124e-01
