6.570312499999997335e-01	3.380774814620883806e-01
7.970703124999998224e-01	4.161474944871556558e-01
5.428710937499995337e-01	2.384396850327867023e-01
7.823242187499998002e-01	3.650208644852405149e-01
2.543945312499993339e-01	1.039795529406798702e-01
3.942382812499994893e-01	1.484773694997752191e-01
7.126953124999997335e-01	2.888267051520745921e-01
7.419921874999997335e-01	2.929620086749454289e-01
3.317382812499993783e-01	1.235692482114518903e-01
3.132812499999994005e-01	1.121167850231278851e-01
6.430664062499996669e-01	2.231520904260456128e-01
8.369140625000000000e-01	3.001329782922728673e-01
5.407226562499997113e-01	1.814376040466099405e-01
4.273437499999994671e-01	1.413949210577144233e-01
4.374023437499995337e-01	1.386215998245170777e-01
2.722656249999994005e-01	8.825259641402738442e-02
4.988281249999995115e-01	1.535857132244132506e-01
4.684570312499996003e-01	1.388797440465203425e-01
3.273437499999993783e-01	9.995884812742207581e-02
8.311523437499998002e-01	2.546629963108487660e-01
4.812499999999995115e-01	1.366022803036043565e-01
6.453124999999997335e-01	1.827811933585125892e-01
4.329101562499995115e-01	1.200756358458788392e-01
7.242187499999996891e-01	2.025557974687399454e-01
5.611328124999994671e-01	1.506820557930229343e-01
4.943359374999996003e-01	1.306205772198414383e-01
3.925781249999994449e-01	1.041503898210659890e-01
6.467773437499996225e-01	1.664364668164825811e-01
4.017578124999994782e-01	1.026061732879886002e-01
6.069335937499996669e-01	1.516543703074543226e-01
4.439453124999995226e-01	1.099995804388016335e-01
3.241210937499994227e-01	8.369395577161790889e-02
5.299804687499994893e-01	1.228663800317165572e-01
5.898437499999997780e-01	1.407684574003063849e-01
6.111328124999995115e-01	1.432260643002108425e-01
