4.505859374999995337e-01	1.969267044438784420e-01
4.233398437499994449e-01	1.773826239142330119e-01
6.687499999999997335e-01	3.190705913543299688e-01
3.543945312499994227e-01	1.388216653335402062e-01
5.287109374999994227e-01	2.219046039028620687e-01
5.476562499999995115e-01	2.206901536730741520e-01
4.452148437499995337e-01	1.640609581785783810e-01
4.423828124999995004e-01	1.622943735002181642e-01
4.172851562499995115e-01	1.464115838072825027e-01
3.106445312499994671e-01	1.004125287107750092e-01
3.958007812499995115e-01	1.284833122229601388e-01
5.623046874999995115e-01	2.028284144662538535e-01
5.620117187499995559e-01	1.988343458593397617e-01
4.329101562499995115e-01	1.385171111377039854e-01
5.502929687499995559e-01	1.843823093256460599e-01
4.370117187499994449e-01	1.318394065937328608e-01
3.282226562499993561e-01	9.370366718677053397e-02
2.664062499999993450e-01	7.241563304748654950e-02
2.948242187499994227e-01	8.016943664478858034e-02
4.828124999999995337e-01	1.469656981654752226e-01
7.616210937499997558e-01	2.717262765872730523e-01
2.792968749999993339e-01	7.274602989472840620e-02
8.117187499999998224e-01	2.909078860523972021e-01
5.805664062499996669e-01	1.752673362136615010e-01
5.144531249999995115e-01	1.464948772640230212e-01
3.170898437499993783e-01	7.845035895179124086e-02
8.146484374999998224e-01	2.748853762604497319e-01
4.605468749999995781e-01	1.211210481092313412e-01
4.488281249999994671e-01	1.165317955423519347e-01
4.816406249999994893e-01	1.257685878841254823e-01
4.729492187499995115e-01	1.217272027090010172e-01
4.420898437499994893e-01	1.104993636373669402e-01
7.360351562499998224e-01	2.200824909302676324e-01
5.348632812499996003e-01	1.370134179723433709e-01
3.890624999999994227e-01	8.964333219038035649e-02
