3.993164062499994227e-01	1.606665710375357325e-01
6.730468749999997113e-01	2.875442657434542637e-01
5.522460937499996669e-01	2.187231923898205199e-01
6.797851562499996891e-01	2.750716451254424100e-01
3.305664062499993339e-01	1.226127470901140354e-01
5.676757812499996225e-01	2.075603990457417503e-01
3.124999999999114597e-03	nan
3.006835937499994227e-01	1.103960086286231157e-01
3.787109374999994560e-01	1.306794916833263209e-01
4.914062499999995448e-01	1.596700458890821517e-01
3.999999999999994671e-01	1.303908632800681033e-01
3.977539062499995115e-01	1.264624185300605996e-01
7.170898437499997335e-01	2.324018802929730676e-01
3.923828124999994560e-01	1.243598294135952603e-01
5.205078124999995559e-01	1.566920836129495898e-01
9.914062500000000444e-01	3.216466539964735749e-01
5.369140624999997335e-01	1.567301389089920949e-01
4.248046874999995004e-01	1.244556274346747538e-01
3.915039062499994227e-01	1.163848695557309493e-01
4.720703124999995337e-01	1.325528702190701957e-01
4.214843749999994671e-01	1.179289992098786488e-01
7.229492187499997335e-01	1.986872155939092277e-01
4.185546874999995226e-01	1.145042122149342451e-01
4.121093749999994449e-01	1.132706377811626558e-01
4.137695312499994893e-01	1.092622573213793274e-01
3.893554687499993783e-01	1.058833851120298541e-01
6.325195312499997113e-01	1.598363062334341445e-01
3.633789062499994671e-01	9.570789466833851122e-02
3.526367187499993561e-01	9.441904383279617341e-02
4.242187499999994782e-01	1.077062325771929174e-01
7.347656249999997558e-01	1.790282742314041886e-01
5.726562499999996447e-01	1.347441103888224190e-01
4.124023437499995115e-01	9.960109648975645769e-02
6.799804687499996225e-01	1.555825239654652359e-01
4.026367187499994005e-01	9.552922230473423482e-02
