2.550781249999992673e-01	1.046671223729841588e-01
7.818359374999996891e-01	3.879274451286729986e-01
1.461816406250001421e+00	8.921023980959549293e-01
5.867187499999997335e-01	2.491495947588275306e-01
3.193359374999994449e-01	1.228087519191029126e-01
3.104492187499994227e-01	1.159040942298237564e-01
3.708007812499994893e-01	1.353120291879313652e-01
1.677734374999992895e-01	6.908511160178437693e-02
3.332031249999993783e-01	1.126775457965412675e-01
8.086914062499998002e-01	3.163159134992120092e-01
5.474609374999994671e-01	1.863166845570163876e-01
7.655273437499997558e-01	2.767478520105498552e-01
3.328124999999994005e-01	1.064819472379990584e-01
7.711914062499999334e-01	2.658978782928379525e-01
4.041015624999994560e-01	1.269124008259684688e-01
6.491210937499997113e-01	2.053951507529036824e-01
6.264648437499996669e-01	1.935627969671287751e-01
3.161132812499993783e-01	9.896976322188978659e-02
6.432617187499997113e-01	1.939128429750599236e-01
4.490234374999995115e-01	1.302946753733389418e-01
8.184570312499999112e-01	2.454809365514496466e-01
3.073242187499993783e-01	9.132263842547380661e-02
5.255859374999996003e-01	1.442511605856228452e-01
5.325195312499996225e-01	1.408623308734866797e-01
6.433593749999997335e-01	1.725262471747575355e-01
4.040039062499994893e-01	1.086342484101544270e-01
7.459960937499997558e-01	1.948726574357701746e-01
3.602539062499994227e-01	9.748739422442435909e-02
5.073242187499995559e-01	1.294299369626423224e-01
3.627929687499994449e-01	9.512603053741043591e-02
2.701171874999994116e-01	7.471162722330650097e-02
5.374023437499996225e-01	1.288022588061052964e-01
5.710937499999997335e-01	1.374466302109414451e-01
4.939453124999995670e-01	1.176573401060901913e-01
5.342773437499995781e-01	1.232065338507111613e-01
