1.382031250000000933e+00	9.495192421355836965e-01
6.910156249999998002e-01	3.302474316273518729e-01
4.362304687499994893e-01	1.827290917274032311e-01
6.713867187499997780e-01	2.928808869761224121e-01
3.290039062499994227e-01	1.280815312939407313e-01
5.864257812499996669e-01	2.262334342160567113e-01
7.269531249999997558e-01	2.911330966096200568e-01
4.483398437499994671e-01	1.622372978088202633e-01
4.884765624999995448e-01	1.740542041169368392e-01
6.650390624999997780e-01	2.284301342788580269e-01
4.157226562499994893e-01	1.377798420037857630e-01
2.925781249999993561e-01	9.969836616720675893e-02
4.175781249999994671e-01	1.321104725534092417e-01
3.690429687499994227e-01	1.198302810055996703e-01
4.407226562499995115e-01	1.337013447759043683e-01
4.317382812499994671e-01	1.283045284172922296e-01
6.208984374999997335e-01	1.851374154385102555e-01
4.336914062499994671e-01	1.254019038710290357e-01
4.248046874999995004e-01	1.206484331890979034e-01
4.504882812499995115e-01	1.224719677269769796e-01
4.583984374999995337e-01	1.255585974436305707e-01
4.961914062499995781e-01	1.350779365135373888e-01
5.003906249999995337e-01	1.342012890082874554e-01
4.840820312499996003e-01	1.240426365711426310e-01
7.347656249999997558e-01	1.997065549585076150e-01
6.387695312499998002e-01	1.590623237585932492e-01
6.772460937499996669e-01	1.752882967255603996e-01
4.794921874999995004e-01	1.185278885837142415e-01
4.249023437499994671e-01	1.027346776927842292e-01
3.623046874999994449e-01	8.865524948454184262e-02
4.236328124999994560e-01	9.999601457812717920e-02
5.685546874999996003e-01	1.337329899796016741e-01
5.305664062499996225e-01	1.227127800375579642e-01
2.910156249999993339e-01	7.368663861055865794e-02
3.124999999999993894e-01	7.424761460057881235e-02
