4.527343749999994671e-01	2.087627200086917545e-01
1.214453125000000799e+00	8.013186428028593600e-01
3.897460937499994671e-01	1.645434145286382155e-01
5.983398437499996003e-01	2.633520796162159838e-01
5.732421874999995559e-01	2.355306055906737639e-01
5.381835937499995781e-01	2.132063897177789435e-01
5.518554687499995781e-01	2.139400047374849234e-01
5.890624999999997113e-01	2.216234475668852899e-01
3.072265624999993561e-01	1.087207903731829961e-01
8.449218749999999334e-01	3.436815380892388472e-01
3.976562499999994893e-01	1.301304141599630426e-01
4.067382812499994449e-01	1.300815386820315944e-01
7.565429687499997113e-01	2.714151265275239755e-01
7.823242187499998002e-01	2.768255811456209470e-01
6.357421874999997780e-01	2.048592603626609721e-01
8.044921874999997335e-01	2.716698156959984622e-01
3.541015624999994116e-01	1.065311859481889722e-01
5.574218749999996225e-01	1.638330662033288532e-01
3.426757812499994227e-01	9.791041985131639092e-02
5.636718749999996003e-01	1.594504226797391899e-01
3.156249999999993783e-01	8.876142798596348138e-02
3.333007812499994005e-01	9.206816756839042437e-02
4.778320312499995115e-01	1.262831937558717976e-01
2.566406249999992895e-01	7.120736762567300704e-02
3.986328124999994338e-01	1.006965784469282810e-01
2.842773437499993561e-01	7.567468232786402071e-02
2.994140624999993561e-01	7.752613424130466724e-02
3.660156249999994005e-01	9.086537824534565710e-02
5.071289062499996225e-01	1.275511046749371880e-01
8.563476562499998668e-01	2.401301259348699868e-01
7.653320312499998224e-01	2.051155700718283736e-01
6.011718749999996891e-01	1.493239032501657848e-01
8.211914062499999778e-01	2.180936368822000426e-01
4.640624999999994893e-01	1.088327266613770550e-01
6.613281249999996003e-01	1.596295944050356574e-01
