2.526367187499992673e-01	1.006079243673279888e-01
4.992187499999995448e-01	2.121837651251894108e-01
4.420898437499994893e-01	1.733996662700235947e-01
2.178710937499993283e-01	8.498323635107743468e-02
5.041015624999996003e-01	1.914435469287948388e-01
8.268554687499998224e-01	3.512297009080970756e-01
3.072265624999993561e-01	1.083649309196753896e-01
3.712890624999994338e-01	1.276004090138253833e-01
8.619140624999999112e-01	3.417690874986838434e-01
3.320312499999993894e-01	1.088707890267828632e-01
5.382812499999996003e-01	1.778962823553388306e-01
4.567382812499994893e-01	1.456414694913080732e-01
7.052734374999996003e-01	2.355306363324282948e-01
7.498046874999997335e-01	2.501616501610043342e-01
4.582031249999994893e-01	1.414173643519620882e-01
3.083007812499993783e-01	9.762133985600818242e-02
4.163085937499995115e-01	1.248633304200763433e-01
4.113281249999994893e-01	1.162052806310693992e-01
4.881835937499995337e-01	1.373214044680535206e-01
3.163085937499994227e-01	9.022040526784323722e-02
6.321289062499996225e-01	1.757448048658796502e-01
7.665039062499997558e-01	2.186020239318458014e-01
7.091796874999996003e-01	1.981865974352966242e-01
5.280273437499994893e-01	1.359443738901668364e-01
5.220703124999996891e-01	1.360518099383734025e-01
5.617187499999996003e-01	1.413556755938504272e-01
4.389648437499994449e-01	1.143763192224876019e-01
5.500976562499996225e-01	1.344356823021560787e-01
5.342773437499995781e-01	1.324563540320288779e-01
4.630859374999995448e-01	1.149730269957706663e-01
5.767578124999996891e-01	1.402615131767125656e-01
4.278320312499994671e-01	1.038057695348851839e-01
3.150390624999993561e-01	8.353009097851499254e-02
3.987304687499994005e-01	9.418370241601840831e-02
4.128906249999995115e-01	9.567200779180459747e-02
