3.810546874999994338e-01	1.527978070268229682e-01
7.939453124999997780e-01	4.076239372446000542e-01
5.205078124999995559e-01	2.155659640288276613e-01
7.848632812499998224e-01	3.731048993386976709e-01
8.366210937499999334e-01	3.950923381823648328e-01
6.746093749999997335e-01	2.802173679356938507e-01
2.911132812499993561e-01	9.673607806729955794e-02
2.752929687499993117e-01	8.893676558230914631e-02
3.467773437499994671e-01	1.129331088726080595e-01
9.667968750000000000e-01	4.389061540181085075e-01
8.525390625000000000e-01	3.543678933306445011e-01
4.347656249999994893e-01	1.385338460390852511e-01
7.771484374999997335e-01	2.940506562412740776e-01
4.764648437499995337e-01	1.514019650098801240e-01
4.102539062499994671e-01	1.215300582281676478e-01
3.334960937499994449e-01	9.310335664073833561e-02
3.819335937499994671e-01	1.084844168120398661e-01
2.093749999999993117e-01	5.849136032801552365e-02
4.649414062499994671e-01	1.355706638882555604e-01
4.536132812499995559e-01	1.290897000926679306e-01
5.131835937499994449e-01	1.508793509040714242e-01
4.485351562499995115e-01	1.218523835982571329e-01
5.043945312499995559e-01	1.422132899265099171e-01
2.671874999999993561e-01	6.711587269615319762e-02
4.814453124999995004e-01	1.322851515092824115e-01
6.569335937499997113e-01	1.953505426540316781e-01
8.373046874999998668e-01	2.744176042578129748e-01
7.170898437499997335e-01	2.144606509505982972e-01
5.232421874999995115e-01	1.379778468780219480e-01
6.287109374999995115e-01	1.740982839047647002e-01
4.213867187499994449e-01	1.021760183624794982e-01
6.358398437499996891e-01	1.727031936175693894e-01
5.006835937499994893e-01	1.249872314380744420e-01
4.773437499999995115e-01	1.151300173539609450e-01
2.638671874999993228e-01	5.880509945946926081e-02
