6.000976562499996669e-01	1.432911533411876381e-01
4.960937499999995559e-01	1.136365412533376917e-01
5.358398437499996003e-01	1.206506782652035231e-01
5.508789062499995781e-01	1.196815986308138735e-01
4.655273437499994893e-01	9.512267822235659365e-02
4.007812499999994782e-01	7.822929965699459975e-02
4.775390624999995004e-01	8.895573142398287281e-02
4.511718749999995559e-01	8.489067569188536722e-02
4.605468749999995781e-01	8.472043290007960636e-02
5.177734374999996003e-01	9.483441680644837113e-02
4.836914062499995115e-01	8.274670969907388374e-02
4.803710937499995337e-01	8.310417609628348301e-02
3.898437499999994338e-01	6.482980805619646680e-02
4.029296874999994671e-01	6.218085360339941497e-02
4.479492187499994893e-01	7.358425561355691480e-02
6.754882812499997113e-01	1.326963965377134236e-01
5.725585937499996225e-01	9.966289645374068473e-02
4.865234374999995448e-01	7.792412085223709983e-02
6.079101562499996669e-01	1.080105657895416293e-01
4.289062499999994893e-01	6.026302785591779870e-02
4.805664062499994671e-01	7.299778793875601191e-02
6.029296874999996447e-01	1.010717254563789219e-01
6.164062499999996003e-01	1.014133623381390792e-01
6.298828124999995559e-01	1.048856678962600125e-01
5.699218749999996891e-01	8.718722985599512698e-02
5.793945312499996225e-01	8.784323295935413112e-02
4.519531249999995115e-01	5.996909165345961495e-02
4.371093749999994671e-01	5.663851120190186578e-02
5.666992187499996225e-01	8.211356696819395451e-02
5.084960937499994893e-01	6.694180801595986385e-02
4.555664062499994449e-01	5.741021276566886378e-02
4.786132812499995781e-01	6.139015692950051950e-02
4.666015624999995115e-01	5.845991321591848672e-02
4.228515624999995004e-01	5.109917055875394520e-02
5.384765624999996447e-01	7.131513907670852803e-02
