6.858398437499997335e-01	3.286374661304664047e-01
9.201171875000000444e-01	4.762440448615494759e-01
5.107421874999995559e-01	2.065499301254742071e-01
3.953124999999995115e-01	1.582799357113244820e-01
7.220703124999998668e-01	3.014306518739785501e-01
5.450195312499996891e-01	2.100555027184098922e-01
4.315429687499994227e-01	1.631356447756982520e-01
7.507812499999997335e-01	2.868419408149254224e-01
4.648437499999995004e-01	1.670670860949717840e-01
6.664062499999996447e-01	2.336269449377601504e-01
6.015624999999996669e-01	2.028667988594060889e-01
2.239257812499993172e-01	8.948489541215430554e-02
5.295898437499995115e-01	1.675343457816795001e-01
3.707031249999994671e-01	1.211592905274344600e-01
5.304687499999996003e-01	1.630051730825774203e-01
4.411132812499994893e-01	1.372275491425562211e-01
5.108398437499994671e-01	1.511164580214802988e-01
4.961914062499995781e-01	1.461644511013256986e-01
5.708984374999996891e-01	1.616560315187202945e-01
6.880859374999996891e-01	1.970212976902785684e-01
4.186523437499994893e-01	1.194065496747622468e-01
4.247070312499995337e-01	1.160359677585938304e-01
3.836914062499994227e-01	1.069275198336794436e-01
6.252929687499996225e-01	1.623324452935489826e-01
6.165039062499996225e-01	1.609909143408545240e-01
4.583984374999995337e-01	1.201571396826696947e-01
3.602539062499994227e-01	9.584530380241197689e-02
4.981445312499995781e-01	1.242661979883157991e-01
2.608398437499993561e-01	7.788390765316548225e-02
4.952148437499995781e-01	1.188204118064460357e-01
5.596679687499994671e-01	1.357315378650554016e-01
5.338867187499996003e-01	1.277822120398106054e-01
2.385742187499993172e-01	7.327179696725046043e-02
4.612304687499995115e-01	1.078751454829766504e-01
4.083007812499994671e-01	9.693547652846613849e-02
