3.124999999999114597e-03	nan
2.927734374999994005e-01	1.207356573436223629e-01
2.054687499999993117e-01	8.807898532621062648e-02
1.920312500000001865e+00	1.467934981270951456e+00
8.901367187500000000e-01	4.279156314508160142e-01
6.707031249999997335e-01	2.443882853102939678e-01
3.552734374999994005e-01	1.285340352346877879e-01
8.539062499999998668e-01	3.621236570484107631e-01
3.702148437499994671e-01	1.304747267998430937e-01
4.593749999999995337e-01	1.586547749175960531e-01
4.671874999999995337e-01	1.564432106327061922e-01
5.205078124999995559e-01	1.733792312143957737e-01
3.598632812499994449e-01	1.137761164820412924e-01
5.159179687499995115e-01	1.586064187983050322e-01
4.144531249999994227e-01	1.257712285099602256e-01
5.111328124999994227e-01	1.568178944488735072e-01
3.259765624999994005e-01	9.623417482536225642e-02
2.651367187499993339e-01	7.797451479668023044e-02
3.748046874999994560e-01	1.064092107229243911e-01
2.564453124999993006e-01	7.532422721960055356e-02
5.289062499999994671e-01	1.472862621574193009e-01
9.777343749999999334e-01	3.156051653098357335e-01
5.126953124999995559e-01	1.370267715686496468e-01
7.085937499999996891e-01	2.012364185828172392e-01
5.124999999999995115e-01	1.345352515611599464e-01
5.428710937499995337e-01	1.414281343366553811e-01
4.497070312499995559e-01	1.133591009864605287e-01
2.908203124999993450e-01	7.567360081797458449e-02
5.964843749999996225e-01	1.523695450125467088e-01
5.895507812499997113e-01	1.475557305485174497e-01
4.539062499999995115e-01	1.089355830973430667e-01
4.461914062499995337e-01	1.058847392663655185e-01
4.571289062499994671e-01	1.053146275424535622e-01
3.472656249999994671e-01	8.137497597996572185e-02
6.309570312499996891e-01	1.497213521082042809e-01
