3.320312499999993894e-01	1.437600294642977505e-01
3.747070312499994893e-01	1.496983794850283156e-01
4.631835937499995115e-01	1.785603637939420230e-01
3.024414062499993783e-01	1.156735046286579971e-01
4.704101562499996003e-01	1.762855133826527476e-01
2.386718749999993117e-01	9.354242943896581841e-02
2.980468749999993783e-01	1.032727599343559594e-01
7.392578124999997780e-01	2.876426556456130323e-01
3.377929687499994227e-01	1.151767740811476398e-01
2.618164062499993561e-01	8.878240963562712695e-02
3.414062499999994116e-01	1.073370152310709341e-01
4.385742187499994671e-01	1.352206770708631323e-01
4.875976562499995115e-01	1.506930775657761012e-01
3.473632812499994893e-01	1.023961537210781869e-01
4.023437499999994449e-01	1.166755764923578798e-01
4.982421874999995448e-01	1.445003829030056808e-01
4.384765624999995004e-01	1.228561107745750336e-01
5.420898437499995781e-01	1.519193989715230120e-01
4.174804687499994449e-01	1.138992164467216156e-01
5.600585937499994449e-01	1.549792765157623486e-01
5.053710937499994449e-01	1.369674498897668347e-01
4.624023437499995559e-01	1.213226435771428136e-01
8.709960937499999778e-01	2.610888137330208969e-01
6.779296874999996003e-01	1.840303397323037882e-01
5.951171874999996447e-01	1.540808354204910580e-01
3.031249999999993672e-01	7.916914557373980199e-02
4.579101562499995337e-01	1.129477349652264206e-01
7.878906249999998446e-01	2.096282242100342974e-01
4.799804687499994449e-01	1.158372027246197811e-01
5.220703124999996891e-01	1.247071474926509382e-01
4.824218749999995559e-01	1.129139348981479662e-01
6.328124999999996669e-01	1.523135879894451372e-01
4.647460937499995337e-01	1.066341483992147704e-01
4.849609374999995781e-01	1.101646986949046947e-01
8.190429687499998224e-01	2.024492365320438025e-01
