6.800781249999996447e-01	3.325780183870198914e-01
1.114257812500000222e+00	6.371640318017446347e-01
5.445312499999996891e-01	2.344583126834706710e-01
3.952148437499994893e-01	1.587615141369012051e-01
6.684570312499997780e-01	2.776808226218251963e-01
1.037011718750000089e+00	4.598948863011720900e-01
4.072265624999994449e-01	1.578296742775823214e-01
5.401367187499996891e-01	1.981949549125376075e-01
3.929687499999994782e-01	1.381042555292929797e-01
5.128906249999994893e-01	1.727096957611547190e-01
3.687499999999994671e-01	1.278410659409421612e-01
3.769531249999994449e-01	1.249198109767169496e-01
3.697265624999994671e-01	1.228027754126457816e-01
5.045898437499994893e-01	1.588469866269845432e-01
5.475585937499994893e-01	1.677071826879635574e-01
3.996093749999994893e-01	1.212365114456819271e-01
4.009765624999994671e-01	1.197092675509526388e-01
4.799804687499994449e-01	1.395768172221315273e-01
5.253906249999995559e-01	1.491592416341590843e-01
5.845703124999996891e-01	1.659414760711279690e-01
4.618164062499995337e-01	1.265392483902307852e-01
5.615234374999995559e-01	1.507190841617348231e-01
5.354492187499996225e-01	1.424081582603431428e-01
3.861328124999994782e-01	1.011603705029057443e-01
7.196289062499997558e-01	1.887765715611310624e-01
5.644531249999995559e-01	1.428680486668552629e-01
3.249023437499993783e-01	8.738329582965646825e-02
4.416992187499995115e-01	1.090788707134004720e-01
5.839843749999996669e-01	1.411430336616040504e-01
6.152343749999996669e-01	1.473553919066385998e-01
4.682617187499995559e-01	1.113631203645449180e-01
5.123046874999994671e-01	1.212005555302946291e-01
4.207031249999995115e-01	9.992851069547663279e-02
4.880859374999995670e-01	1.126646005170200832e-01
5.458007812499996447e-01	1.228108790529951061e-01
