-1.636718750000010214e-01	7.254143968742628179e-02
7.291992187499997113e-01	3.738512162965427765e-01
6.697265624999997335e-01	3.135945168073477896e-01
9.493164062500000222e-01	4.902642381325383880e-01
4.156249999999994671e-01	1.597881346154096383e-01
5.118164062499995781e-01	2.016873732408157871e-01
7.313476562499997558e-01	3.031271567975734049e-01
4.796874999999994893e-01	1.739725764086149651e-01
6.831054687499996669e-01	2.620419574187034528e-01
7.039062499999997335e-01	2.674574855925702099e-01
4.459960937499994893e-01	1.465409041560499781e-01
3.748046874999994560e-01	1.150682653761995328e-01
4.462890624999995004e-01	1.414915070216843929e-01
4.742187499999995226e-01	1.510884872456471351e-01
5.443359374999996447e-01	1.693832665902704759e-01
5.544921874999995115e-01	1.695989227868615334e-01
4.904296874999995448e-01	1.443167789063819761e-01
5.614257812499995337e-01	1.667815647369279841e-01
3.749023437499994227e-01	1.044463364316072229e-01
5.551757812499995559e-01	1.604566009039206931e-01
4.335937499999995004e-01	1.187806228363887939e-01
5.188476562499996225e-01	1.434897986420489158e-01
6.097656249999995337e-01	1.737280610536313386e-01
5.129882812499995115e-01	1.362571718226556761e-01
5.340820312499996447e-01	1.407981307402821902e-01
5.822265624999996003e-01	1.550274453030660582e-01
3.886718749999994449e-01	9.617078884592814014e-02
4.011718749999995115e-01	9.736617427479427045e-02
4.622070312499995115e-01	1.121055997241460073e-01
3.346679687499993783e-01	7.855784626488784839e-02
6.065429687499995781e-01	1.543028104268624190e-01
4.993164062499995115e-01	1.193977980554635221e-01
5.707031249999996447e-01	1.393418709787688226e-01
5.458984374999995559e-01	1.297809664701585208e-01
3.910156249999994227e-01	8.653664468928820575e-02
