2.322265624999992895e-01	1.009114415629869116e-01
6.205078124999996447e-01	3.031970645764563987e-01
2.425781249999993394e-01	9.689823842890567251e-02
3.938476562499995115e-01	1.583008631181795633e-01
2.409179687499993228e-01	8.926932757966056509e-02
5.041015624999996003e-01	2.005834577012008402e-01
8.505859374999997780e-01	4.049157391335801992e-01
5.928710937499995781e-01	2.340493803209923174e-01
6.733398437499996669e-01	2.641661531791715811e-01
4.385742187499994671e-01	1.478289388777759561e-01
5.013671874999996447e-01	1.743242753880039630e-01
7.949218749999998890e-01	3.150869918943182690e-01
4.027343749999994227e-01	1.277080517047240737e-01
4.246093749999995115e-01	1.334638392937945450e-01
3.683593749999994893e-01	1.098504219298189755e-01
6.444335937499997558e-01	2.169973516642195455e-01
3.458007812499994671e-01	9.777118562051254069e-02
5.327148437499995559e-01	1.625846989631896666e-01
5.037109374999995115e-01	1.473292661120768066e-01
7.366210937499998446e-01	2.404051091076078450e-01
6.538085937499996669e-01	2.002797851440693278e-01
4.579101562499995337e-01	1.239196023287009868e-01
3.806640624999994005e-01	9.830179962893335899e-02
4.223632812499995559e-01	1.093663103360063005e-01
5.767578124999996891e-01	1.589968977388067362e-01
7.944335937499998890e-01	2.414330271280330509e-01
5.538085937499995781e-01	1.458671514658456403e-01
4.688476562499995781e-01	1.182528831214691989e-01
6.971679687499996447e-01	1.928816899034852261e-01
4.630859374999995448e-01	1.125170820031394375e-01
4.329101562499995115e-01	1.044959237131837387e-01
7.021484374999997780e-01	1.878793363645404058e-01
3.826171874999994560e-01	8.719152984251388183e-02
4.540039062499995337e-01	1.047262927042253294e-01
5.178710937499996225e-01	1.201390239022196021e-01
