4.147460937499994893e-01	1.764775016978237521e-01
5.122070312499995559e-01	2.121104908895800889e-01
1.407421875000000711e+00	8.725700492684659304e-01
3.836914062499994227e-01	1.512599248386719830e-01
5.265624999999996003e-01	2.049717648913355894e-01
3.853515624999994671e-01	1.371847876095194652e-01
5.620117187499995559e-01	2.067811553499897814e-01
3.600585937499994893e-01	1.250622136342835200e-01
8.405273437499999334e-01	3.312310156763939029e-01
3.269531249999994005e-01	1.107978129996612798e-01
5.542968749999995781e-01	1.795480479327839773e-01
3.652343749999994449e-01	1.144642135329999449e-01
7.536132812499998224e-01	2.612356861844831180e-01
3.868164062499994671e-01	1.174511651728822742e-01
3.695312499999994782e-01	1.091117955611292795e-01
6.179687499999997335e-01	1.916011109707436710e-01
4.723632812499996003e-01	1.335626890357195229e-01
5.166992187499995781e-01	1.483753538266593675e-01
5.799804687499995337e-01	1.668743770488493594e-01
6.771484374999996447e-01	1.966122810978479518e-01
7.150390624999998224e-01	2.089233198344122300e-01
5.140624999999995337e-01	1.371156261685386180e-01
4.423828124999995004e-01	1.156447625737643259e-01
5.762695312499996891e-01	1.494741067525497680e-01
5.753906249999996003e-01	1.497966712220827890e-01
4.884765624999995448e-01	1.228503688114542941e-01
7.368164062499998890e-01	1.960383077500537363e-01
5.109374999999994893e-01	1.254973539307195629e-01
5.159179687499995115e-01	1.242491652358235776e-01
4.848632812499995559e-01	1.147371858799145355e-01
5.958007812499996891e-01	1.441322590580994545e-01
4.957031249999995781e-01	1.164464881754742887e-01
7.843749999999998224e-01	1.934053243547778078e-01
7.578124999999997780e-01	1.843453472842455920e-01
4.007812499999994782e-01	8.945071344195207330e-02
