5.595703124999995559e-01	2.428932488802977852e-01
3.266601562499994449e-01	1.297853653747680636e-01
8.224609374999998224e-01	3.728807255296725520e-01
4.120117187499994227e-01	1.528550905329639775e-01
6.811523437499996669e-01	2.713441535204903499e-01
1.005273437500000089e+00	4.393411765509184774e-01
4.943359374999996003e-01	1.780050470081890324e-01
3.006835937499994227e-01	1.092213715738164781e-01
4.781249999999995226e-01	1.624201870859473540e-01
5.617187499999996003e-01	1.882770720872342096e-01
6.699218749999997780e-01	2.233125685894413737e-01
1.044140625000000266e+00	3.852899252308337186e-01
5.081054687499995115e-01	1.564264785668881830e-01
8.252929687499998002e-01	2.724034601997417648e-01
4.634765624999995226e-01	1.392029531139782617e-01
3.779296874999994449e-01	1.138570087624357768e-01
4.096679687499994449e-01	1.199761982696295887e-01
5.107421874999995559e-01	1.444557421073481562e-01
6.726562499999997335e-01	1.948135437775750378e-01
7.554687499999996891e-01	2.152472350094990772e-01
5.438476562499996447e-01	1.453702696244031645e-01
4.775390624999995004e-01	1.272683153276595869e-01
3.372070312499994005e-01	9.346368779865017740e-02
4.038085937499994449e-01	1.062353833554362248e-01
5.150390624999996447e-01	1.305622427234497951e-01
6.922851562499997558e-01	1.768949379719997883e-01
6.755859374999997335e-01	1.726254271139776586e-01
5.929687499999996003e-01	1.445199363879175192e-01
3.991210937499994893e-01	9.871528018132592897e-02
3.931640624999994671e-01	9.444724757745309729e-02
5.031249999999996003e-01	1.186424840539314768e-01
8.454101562499999334e-01	2.100357705262539121e-01
7.365234374999998224e-01	1.765724671063124140e-01
3.272460937499993561e-01	8.252096859329281775e-02
4.801757812499994893e-01	1.072069889040441759e-01
