5.437499999999996225e-01	2.529577044737905678e-01
3.475585937499994227e-01	1.411447310680056244e-01
3.085937499999993894e-01	1.185882940601493823e-01
5.395507812499996669e-01	2.201384362037294706e-01
3.603515624999994449e-01	1.352903825814229799e-01
2.537207031250003020e+00	2.210777818856738630e+00
4.592773437499995115e-01	1.665708528044922698e-01
3.145507812499993561e-01	1.093684822794445816e-01
4.733398437499994893e-01	1.628089007059171367e-01
6.791015624999996447e-01	2.560843127651424300e-01
8.627929687499997780e-01	3.426952597685911650e-01
7.383789062499998002e-01	2.658286052898569118e-01
5.623046874999995115e-01	1.847906745761319913e-01
7.156249999999997335e-01	2.454277102952873157e-01
9.719726562500000666e-01	3.578941371291522455e-01
3.785156249999994671e-01	1.141778610085059376e-01
5.388671874999997335e-01	1.635902662862877277e-01
2.358398437499993339e-01	7.489056382189378247e-02
1.026562499999999822e+00	3.585642703169877321e-01
4.274414062499994893e-01	1.190918632755614964e-01
4.942382812499995781e-01	1.372310407147268319e-01
4.015624999999994893e-01	1.089890917688762645e-01
4.740234374999995337e-01	1.285471203703602572e-01
3.015624999999994005e-01	8.091950913644145593e-02
3.894531249999994005e-01	9.878251996654406619e-02
5.564453124999995115e-01	1.449615316725411385e-01
6.580078124999997335e-01	1.756681537561968764e-01
6.713867187499997780e-01	1.767240211317273046e-01
6.470703124999996891e-01	1.664251867778674121e-01
5.823242187499996225e-01	1.443569918196004609e-01
4.837890624999995337e-01	1.153173583146045733e-01
4.787109374999995448e-01	1.142613286641442488e-01
5.931640624999996447e-01	1.428594812300344186e-01
2.718749999999993672e-01	6.811079840372320782e-02
7.075195312499997780e-01	1.700973734969748186e-01
