5.544921874999995115e-01	2.403587637491363949e-01
4.385742187499994671e-01	1.763155715022255987e-01
7.075195312499997780e-01	3.029858036506408170e-01
5.794921874999996447e-01	2.289789080866997117e-01
5.022460937499996225e-01	1.871509936260416784e-01
5.555664062499995337e-01	2.028579791661261900e-01
4.394531249999994449e-01	1.474642555762103180e-01
3.711914062499994671e-01	1.221276936646360362e-01
5.390624999999996669e-01	1.813917820407530135e-01
7.268554687499997335e-01	2.536313641121297757e-01
5.666015624999996003e-01	1.828261543997919403e-01
4.631835937499995115e-01	1.425014670979015130e-01
1.434375000000001066e+00	6.216869412099145231e-01
7.627929687499996891e-01	2.473995365314955175e-01
5.570312499999996447e-01	1.664221142816810217e-01
4.756835937499995781e-01	1.371852921819002868e-01
4.166992187499994893e-01	1.174144608518201127e-01
5.166992187499995781e-01	1.439183034175232911e-01
3.538085937499994005e-01	1.000736431564750173e-01
5.871093749999997113e-01	1.616030944740818875e-01
5.565429687499995337e-01	1.489326643590369315e-01
3.840820312499995115e-01	1.020960217942534776e-01
5.320312499999995115e-01	1.383098648804569342e-01
3.536132812499994671e-01	9.001228969556016035e-02
6.666015624999996891e-01	1.747013471847285171e-01
4.782226562499994893e-01	1.174934670947324344e-01
5.659179687499995559e-01	1.401683745150642812e-01
5.295898437499995115e-01	1.273780590200875307e-01
5.702148437499996447e-01	1.379776263864801455e-01
5.125976562499995337e-01	1.209375105072526685e-01
4.052734374999994449e-01	9.319483034006471878e-02
5.935546874999997335e-01	1.394294402322537596e-01
5.838867187499996447e-01	1.338963334473476929e-01
4.402343749999995115e-01	9.780753256716906430e-02
4.401367187499994893e-01	9.746707871738501117e-02
