5.626953124999996003e-01	2.876601734779001274e-01
6.053710937499995337e-01	2.947883534946556527e-01
5.123046874999994671e-01	2.333888535559438537e-01
7.429687499999997335e-01	3.540131746111864763e-01
6.866210937499998002e-01	2.982552823827492317e-01
5.057617187499995337e-01	1.994532090961002035e-01
5.128906249999994893e-01	2.028207902515457850e-01
4.121093749999994449e-01	1.562965730047228552e-01
4.947265624999995781e-01	1.786770905259901787e-01
3.224609374999994338e-01	1.192043881576651393e-01
5.282226562499995337e-01	1.811629501157267508e-01
3.303710937499994005e-01	1.147261516879343884e-01
8.391601562499999556e-01	3.030391893301271344e-01
4.751953124999995226e-01	1.514056610767978428e-01
6.179687499999997335e-01	1.956085404617502188e-01
4.212890624999994782e-01	1.301153611130565491e-01
3.626953124999994227e-01	1.143001562685965478e-01
7.377929687499997780e-01	2.302591519678834908e-01
4.157226562499994893e-01	1.237343691467242546e-01
5.220703124999996891e-01	1.497339856780494916e-01
5.776367187499995559e-01	1.643914903285637885e-01
4.885742187499995115e-01	1.335361748640850610e-01
2.545898437499992673e-01	7.847251872173351128e-02
2.728515624999993672e-01	8.202257750154690052e-02
7.423828124999998224e-01	2.050952481394967830e-01
3.786132812499994893e-01	1.038677069776775402e-01
3.238281249999993561e-01	8.667478914742679508e-02
6.179687499999997335e-01	1.598133379428364198e-01
4.614257812499995559e-01	1.168327681599650725e-01
4.865234374999995448e-01	1.215036577299367232e-01
4.873046874999995559e-01	1.198782295372351897e-01
5.332031249999995559e-01	1.282374492706459812e-01
3.764648437499994449e-01	9.381993506237321090e-02
7.735351562499998002e-01	1.879291452271648899e-01
4.682617187499995559e-01	1.091550053875174758e-01
