3.810546874999994338e-01	1.648836089742773126e-01
1.102441406250000089e+00	6.194391493080428912e-01
7.211914062499998890e-01	3.311780286313654731e-01
4.521484374999995004e-01	1.850643083139784095e-01
3.507812499999994338e-01	1.376761685129012924e-01
9.765625000000000000e-01	4.387998081704464481e-01
2.284179687499993117e-01	8.594772080252778557e-02
5.019531249999995559e-01	1.864134463680500731e-01
3.211914062499994227e-01	1.155980343137521793e-01
3.718749999999994560e-01	1.293824574704323382e-01
8.370117187499999112e-01	3.133523096883815695e-01
2.627929687499993561e-01	9.183544798726167580e-02
3.386718749999994005e-01	1.104243043542731256e-01
5.003906249999995337e-01	1.581795205793689041e-01
3.008789062499993561e-01	9.560256195706012816e-02
4.496093749999995337e-01	1.367968231219488240e-01
5.310546874999995115e-01	1.517674996675043853e-01
4.050781249999994005e-01	1.174568940779335130e-01
6.155273437499996225e-01	1.824001590827893371e-01
4.495117187499995115e-01	1.220908107898431155e-01
4.303710937499994893e-01	1.174107734685690130e-01
6.110351562499996003e-01	1.678286432510948667e-01
5.696289062499996225e-01	1.554192254175527366e-01
5.159179687499995115e-01	1.355400843542592104e-01
6.144531249999996003e-01	1.609343222097812387e-01
3.132812499999994005e-01	8.339207024199710161e-02
4.948242187499996003e-01	1.242827653904370888e-01
5.071289062499996225e-01	1.269688572401482252e-01
5.290039062499994893e-01	1.306450496401329875e-01
6.103515624999995559e-01	1.489362207148960671e-01
3.725585937499994449e-01	9.119831293916780268e-02
3.961914062499994893e-01	9.665322182281568808e-02
3.219726562499993783e-01	7.714667371549659147e-02
4.351562499999995226e-01	1.006248587030499075e-01
6.665039062499996669e-01	1.555242493539413517e-01
