6.925781249999997113e-01	3.866380252652763527e-01
2.848632812499993783e-01	1.176016428045446871e-01
3.541015624999994116e-01	1.399132423653541013e-01
6.531249999999997335e-01	3.155160403976678407e-01
4.652343749999995337e-01	1.899756502195523167e-01
3.561523437499993783e-01	1.272790629276400742e-01
8.831054687499998446e-01	4.355604238368975256e-01
8.763671874999998668e-01	4.114841505299306479e-01
4.976562499999995781e-01	1.858491448980975069e-01
2.728515624999993672e-01	9.016402686670001165e-02
3.308593749999994005e-01	1.084636888654016973e-01
5.879882812499996891e-01	2.137070899866688467e-01
4.792968749999995115e-01	1.567157380787096710e-01
7.486328124999996891e-01	2.833439982193899365e-01
2.999999999999993783e-01	9.042287655447987793e-02
9.032226562499999778e-01	3.542022506371849122e-01
5.096679687499994227e-01	1.581179318158023039e-01
3.065429687499993117e-01	8.911142962189455563e-02
1.030371093749999911e+00	4.016526809213982196e-01
3.000976562499994005e-01	8.171340594242851307e-02
6.112304687499995337e-01	1.878840943202509106e-01
6.473632812499996447e-01	2.007283532820225425e-01
5.453124999999996447e-01	1.555547771109161703e-01
5.012695312499996225e-01	1.384525449191757740e-01
3.629882812499994893e-01	9.470002012094938526e-02
4.350585937499995559e-01	1.155929385614198751e-01
6.898437499999998668e-01	2.002817877625842902e-01
5.909179687499996891e-01	1.599903561949763964e-01
4.597656249999995115e-01	1.132458797927500677e-01
7.051757812499996891e-01	1.957022312260616181e-01
4.098632812499994893e-01	9.987787567710842973e-02
4.804687499999995004e-01	1.179415897662876161e-01
4.342773437499994893e-01	1.028144438749317574e-01
4.358398437499995115e-01	1.006546606294326240e-01
2.648437499999993228e-01	6.007668159671795266e-02
