4.527343749999994671e-01	2.087627200086917545e-01
6.178710937499997113e-01	2.943565395907140059e-01
4.398437499999994782e-01	1.814376915110366417e-01
7.096679687499996003e-01	3.284862212717020724e-01
6.563476562499996891e-01	2.811962374726650338e-01
8.654296874999998224e-01	3.950457430228743738e-01
6.860351562499997780e-01	2.793622939466727795e-01
7.820312499999997335e-01	3.196541649819892861e-01
6.039062499999996447e-01	2.206717673324658235e-01
3.254882812499994005e-01	1.052619269309700428e-01
3.272460937499993561e-01	1.088563780621063376e-01
6.847656249999997113e-01	2.388027178484377344e-01
3.246093749999994227e-01	1.063140209796892277e-01
5.204101562499996447e-01	1.674595976289888488e-01
3.334960937499994449e-01	1.054324570009189665e-01
-1.557617187500010270e-01	6.004561482073137585e-02
4.929687499999995670e-01	1.480364326816119291e-01
5.170898437499995559e-01	1.498405371735935243e-01
3.508789062499994005e-01	9.949315131416922031e-02
4.148437499999994560e-01	1.158221684557213943e-01
4.812499999999995115e-01	1.355196921986016323e-01
4.080078124999994560e-01	1.086891455086959613e-01
2.765624999999993783e-01	7.746777144476550692e-02
4.572265624999994893e-01	1.215947752002612403e-01
9.503906249999999334e-01	2.972290686285373740e-01
3.575195312499994671e-01	9.394987131717223716e-02
4.486328124999994782e-01	1.130994616577682688e-01
4.886718749999995337e-01	1.242644706076227179e-01
6.667968749999997335e-01	1.748455674195523724e-01
4.236328124999994560e-01	1.028267849245897841e-01
5.648437499999996447e-01	1.376715989663568618e-01
3.880859374999994782e-01	9.259167408938331900e-02
3.069335937499994005e-01	7.487990088446522252e-02
4.666992187499995337e-01	1.089709782153578804e-01
4.498046874999995226e-01	1.028504605414590489e-01
