4.308593749999994893e-01	2.006288031510609360e-01
4.640624999999994893e-01	2.137599050076383900e-01
3.945312499999995004e-01	1.608280218935666805e-01
5.892578124999996447e-01	2.736308574718984143e-01
5.697265624999996447e-01	2.492081322250589148e-01
1.082519531250000000e+00	6.065611543406014272e-01
5.037109374999995115e-01	1.974816777439686866e-01
7.005859374999996447e-01	2.972079168042144892e-01
2.975585937499993783e-01	1.018577262914629189e-01
2.320312499999993006e-01	7.887377868830669492e-02
5.370117187499996447e-01	1.956909580115649139e-01
3.975585937499994671e-01	1.310118994955772609e-01
4.118164062499994893e-01	1.317742963225947417e-01
5.332031249999995559e-01	1.796976120628127338e-01
3.402343749999994227e-01	1.046626609033313449e-01
4.190429687499994671e-01	1.283133777858831426e-01
4.077148437499994449e-01	1.204265070174805052e-01
8.239257812499998224e-01	3.041856116032389257e-01
6.355468749999997335e-01	2.047607918384656001e-01
4.311523437499994449e-01	1.229466913133028250e-01
3.786132812499994893e-01	1.021034001633823046e-01
8.508789062499998446e-01	2.946845004877126639e-01
6.043945312499996447e-01	1.785582691730175642e-01
5.303710937499995781e-01	1.452543862614084080e-01
3.191406249999994005e-01	8.140965741595583560e-02
4.371093749999994671e-01	1.146002502882609714e-01
3.987304687499994005e-01	1.010679580861277710e-01
6.571289062499997558e-01	1.840602419471587259e-01
6.936523437499997335e-01	1.974422504126091826e-01
4.849609374999995781e-01	1.224177582974737971e-01
3.947265624999994893e-01	9.299026580410164888e-02
7.376953124999998668e-01	2.053358298692707640e-01
5.757812499999996891e-01	1.457471185979036798e-01
7.066406249999996891e-01	1.872507030562566566e-01
7.139648437499996891e-01	1.875150332605278192e-01
