2.614257812499993783e-01	1.097243986236411811e-01
5.749999999999996225e-01	2.655921893858144700e-01
3.186523437499994005e-01	1.232950286637725656e-01
7.502929687499997335e-01	3.532158410342944310e-01
2.931640624999993783e-01	1.094559011236397456e-01
4.251953124999994782e-01	1.610212506476195460e-01
2.188476562499993006e-01	8.050481971791068059e-02
7.256835937499998002e-01	2.944266820423840358e-01
5.354492187499996225e-01	1.937108461379953850e-01
6.708007812499997558e-01	2.402739506220192001e-01
5.727539062499996669e-01	2.007552686521338059e-01
6.265624999999996891e-01	2.174343939378491630e-01
4.553710937499995115e-01	1.488250869888565198e-01
4.985351562499995559e-01	1.551250832295392179e-01
3.991210937499994893e-01	1.203132297580732368e-01
6.417968749999997113e-01	1.982719307311826551e-01
4.112304687499994671e-01	1.240523605681664726e-01
5.958984374999996003e-01	1.762125119364196246e-01
3.918945312499995115e-01	1.138559826649703927e-01
5.468749999999995559e-01	1.530532786048229010e-01
3.209960937499993783e-01	9.261273107017246875e-02
4.986328124999995226e-01	1.342015726476935011e-01
3.966796874999994893e-01	1.049351273983357563e-01
4.615234374999995226e-01	1.214357635862627488e-01
5.180664062499996669e-01	1.348348589520871610e-01
6.873046874999997335e-01	1.821767351327222284e-01
5.439453124999995559e-01	1.383206242916165674e-01
5.150390624999996447e-01	1.273457522628789751e-01
7.616210937499997558e-01	1.966939357241674902e-01
5.830078124999995559e-01	1.416755403928985635e-01
7.358398437499997780e-01	1.840338932748465661e-01
4.704101562499996003e-01	1.126973143196407234e-01
4.425781249999994893e-01	1.035530447114161867e-01
7.087890624999997335e-01	1.683233366211538129e-01
3.745117187499994449e-01	9.036039008850292598e-02
