3.115234374999993894e-01	1.381559811885338940e-01
6.967773437499996669e-01	3.531915821345056328e-01
7.468749999999997335e-01	3.730570634363744031e-01
3.294921874999993672e-01	1.364742203945277510e-01
3.969726562499994449e-01	1.599759691409637641e-01
3.408203124999993894e-01	1.358960398316525764e-01
4.075195312499995115e-01	1.538871465436308650e-01
4.115234374999994782e-01	1.482584136983174927e-01
7.293945312499997558e-01	2.821962087227448124e-01
7.304687499999997780e-01	2.770946303136525013e-01
6.994140624999998224e-01	2.556347114577363633e-01
6.953124999999997780e-01	2.374439750252017312e-01
1.603515624999992673e-01	6.884752865713125725e-02
3.458007812499994671e-01	1.185430129200834154e-01
4.893554687499994671e-01	1.590288201578100025e-01
3.354492187499994449e-01	1.132787525148267888e-01
5.827148437499996003e-01	1.823904877076972797e-01
4.662109374999995337e-01	1.428126152136180438e-01
2.730468749999993561e-01	9.103667735619584700e-02
6.471679687499996003e-01	1.936109863252946928e-01
4.406249999999994893e-01	1.279774440401205138e-01
4.051757812499994227e-01	1.190713093084439650e-01
5.506835937499995337e-01	1.553981661351014343e-01
4.371093749999994671e-01	1.214506583343636370e-01
4.745117187499995337e-01	1.289456031592675633e-01
3.499999999999994227e-01	9.938779343414151646e-02
4.994140624999995337e-01	1.289539533089068823e-01
5.849609374999995559e-01	1.514615473926919365e-01
5.903320312499997780e-01	1.483107955364402208e-01
3.634765624999994338e-01	9.566341162833812140e-02
5.286132812499995115e-01	1.320731390215556245e-01
5.039062499999995559e-01	1.206555903064691349e-01
7.249023437499997335e-01	1.767580226595244774e-01
4.632812499999995337e-01	1.115006751228387882e-01
2.195312499999992895e-01	7.151264446230184979e-02
