3.184570312499994671e-01	1.325927785560367667e-01
3.922851562499994893e-01	1.587226970206058740e-01
1.968749999999993006e-01	8.595565711320030111e-02
7.249023437499997335e-01	3.187182480920362493e-01
4.789062499999995337e-01	1.819181399397007404e-01
3.790039062499994671e-01	1.383772059510863517e-01
5.338867187499996003e-01	1.864221474263727252e-01
7.995117187499998224e-01	3.145361504975301981e-01
5.272460937499995337e-01	1.777440853801549314e-01
3.208007812499994449e-01	1.100090594705873392e-01
4.791992187499994893e-01	1.565759719222011015e-01
5.076171874999995115e-01	1.649483897748990902e-01
4.347656249999994893e-01	1.371955217901767998e-01
5.674804687499995781e-01	1.775494185380560030e-01
4.532226562499994671e-01	1.387630786700436991e-01
7.240234374999996447e-01	2.218426595820948699e-01
3.891601562499994449e-01	1.142243426642991222e-01
3.288085937499993783e-01	1.021817928521485536e-01
4.460937499999995115e-01	1.258992160248033898e-01
5.322265624999995559e-01	1.490424403305333767e-01
3.094726562499994227e-01	8.889427818578721219e-02
4.499023437499994893e-01	1.217555972988936808e-01
6.325195312499997113e-01	1.695264078417716147e-01
7.844726562499998446e-01	2.139740221433875100e-01
6.050781249999995781e-01	1.568090848919627411e-01
4.262695312499995559e-01	1.092892832358800526e-01
5.391601562499996891e-01	1.341845189920511938e-01
3.627929687499994449e-01	9.193574380214702968e-02
4.307617187499994671e-01	1.070027618381945433e-01
6.257812499999997335e-01	1.505185454991993244e-01
4.414062499999995004e-01	1.045072240362872190e-01
4.249999999999994893e-01	1.002866727289358356e-01
3.476562499999994449e-01	8.597598380648344141e-02
3.548828124999993672e-01	8.633088177146960862e-02
3.742187499999994338e-01	8.944373015955250916e-02
