1.310742187500000933e+00	9.437212499916329822e-01
4.880859374999995670e-01	2.256044265335685473e-01
4.724609374999995670e-01	2.084486928455366317e-01
1.998046874999993006e-01	8.387221156221459639e-02
4.380859374999995226e-01	1.824279429174604783e-01
4.676757812499995337e-01	1.881266278418511351e-01
6.069335937499996669e-01	2.469143498134927506e-01
6.958007812499997780e-01	2.712504153363667903e-01
3.953124999999995115e-01	1.370911918095690241e-01
5.243164062499995337e-01	1.922387897718384475e-01
7.223632812499998224e-01	2.641824234149799389e-01
6.573242187499996891e-01	2.341579744501594562e-01
5.547851562499995781e-01	1.873413039930155455e-01
2.912109374999993783e-01	9.788469909749582254e-02
5.759765624999997335e-01	1.880334637518285279e-01
4.725585937499995337e-01	1.492484836745239518e-01
5.705078124999996003e-01	1.818148595903218978e-01
3.820312499999994338e-01	1.194641980279796539e-01
5.071289062499996225e-01	1.523839145120926275e-01
3.488281249999993783e-01	1.086506147582657206e-01
5.120117187499995115e-01	1.452728968293198197e-01
3.415039062499993783e-01	1.061897226810328276e-01
3.956054687499994671e-01	1.130878171500137586e-01
5.500976562499996225e-01	1.545579845077956760e-01
6.826171874999997780e-01	1.826036091210097578e-01
5.678710937499996669e-01	1.544413383842182241e-01
4.087890624999994671e-01	1.109990507432079554e-01
6.459960937499996669e-01	1.668007170690593843e-01
4.277343749999994449e-01	1.097812721613434656e-01
5.383789062499996225e-01	1.354133386424596075e-01
6.246093749999996891e-01	1.544472597207005859e-01
5.773437499999996003e-01	1.414386523150976960e-01
3.731445312499994671e-01	1.014258295231389023e-01
4.114257812499995115e-01	1.023361118109698403e-01
4.956054687499995559e-01	1.170228708079291829e-01
