4.655273437499994893e-01	2.133382476093731717e-01
5.708007812499996669e-01	2.666144169563180455e-01
4.750976562499995559e-01	2.058141968564636548e-01
8.230468749999998446e-01	3.863475633688188138e-01
5.001953124999996003e-01	1.995526933313626627e-01
2.516601562499993783e-01	1.026504325613319391e-01
6.141601562499996447e-01	2.420738907395459105e-01
3.527343749999993783e-01	1.322339363110990040e-01
6.971679687499996447e-01	2.644075269847409593e-01
1.944335937499992728e-01	7.802857742681641728e-02
5.954101562499997113e-01	2.067147230663042567e-01
3.944335937499995337e-01	1.346509924728497565e-01
7.397460937499998890e-01	2.556740217729829845e-01
4.324218749999995115e-01	1.400229339980533783e-01
8.479492187499998446e-01	2.918922848259337677e-01
6.004882812499996447e-01	1.904268230960289854e-01
5.041015624999996003e-01	1.489245209390559210e-01
4.314453124999994560e-01	1.273289730186799307e-01
4.213867187499994449e-01	1.219372869267391080e-01
4.942382812499995781e-01	1.428639922150891917e-01
2.202148437499993061e-01	7.651030688402429836e-02
-1.546875000000010325e-01	6.219464295430833511e-02
6.216796874999996891e-01	1.719007603844728560e-01
4.021484374999994560e-01	1.105050811074753669e-01
5.673828124999995559e-01	1.527795558153122457e-01
4.778320312499995115e-01	1.234573687881727055e-01
6.113281249999995559e-01	1.598423290536277741e-01
4.482421874999995004e-01	1.168828885569083847e-01
4.024414062499994671e-01	1.037444240428356951e-01
5.398437499999997335e-01	1.327248595476842319e-01
6.685546874999996891e-01	1.671019413730887304e-01
5.402343749999997113e-01	1.313780538865650382e-01
4.870117187499994893e-01	1.148580271612138631e-01
4.950195312499996447e-01	1.164023894230717254e-01
5.142578124999994671e-01	1.201000678956521545e-01
