5.291015624999995115e-01	2.300383593727753362e-01
8.119140624999998668e-01	3.831309530357606130e-01
4.123046874999994893e-01	1.649214277318245270e-01
4.266601562499995337e-01	1.643883117720367493e-01
4.552734374999994893e-01	1.641533824931602492e-01
4.995117187499995559e-01	1.802054775228148220e-01
3.338867187499994227e-01	1.216657373775936329e-01
3.060546874999993672e-01	1.067460390345564697e-01
4.813476562499995337e-01	1.567286785545726480e-01
6.729492187499996891e-01	2.302506733960263952e-01
2.972656249999994227e-01	9.990950747359007844e-02
4.722656249999995781e-01	1.491076700207542849e-01
5.678710937499996669e-01	1.764029134689682476e-01
3.047851562499993561e-01	1.003423818454128730e-01
3.817382812499994227e-01	1.154231721412470046e-01
2.434570312499993172e-01	8.337499243937505911e-02
3.038085937499993561e-01	9.290084077026070086e-02
4.676757812499995337e-01	1.307548036394739488e-01
9.469726562499999334e-01	2.936894747497632019e-01
6.892578124999997335e-01	1.939535624126953461e-01
3.359374999999994449e-01	9.505003849085870427e-02
6.811523437499996669e-01	1.857332450092989973e-01
5.595703124999995559e-01	1.418588452828649094e-01
6.679687499999997780e-01	1.772515613968695947e-01
4.816406249999994893e-01	1.250373208073358722e-01
5.223632812499996447e-01	1.295796451765119095e-01
5.753906249999996003e-01	1.420869156453545001e-01
7.318359374999996447e-01	1.851067536782235179e-01
5.557617187499995781e-01	1.352897734531934015e-01
4.531249999999995004e-01	1.114256444393232764e-01
7.384765624999998224e-01	1.753299402308498844e-01
4.833007812499995337e-01	1.164134147703127786e-01
3.458984374999994338e-01	8.844470456505718059e-02
4.893554687499994671e-01	1.108538980873178120e-01
4.402343749999995115e-01	1.031417967122312956e-01
