7.196289062499997558e-01	3.739700466461886030e-01
3.197265624999994227e-01	1.325588746174174437e-01
2.497070312499993228e-01	1.025258253474738146e-01
5.404296874999996447e-01	2.253123620026014906e-01
7.273437499999997335e-01	3.275563337736265290e-01
4.254882812499994893e-01	1.595169392379299778e-01
7.349609374999996891e-01	3.073646347023080705e-01
3.383789062499994449e-01	1.227313073753882877e-01
4.830078124999995226e-01	1.724300948037863490e-01
4.148437499999994560e-01	1.360594567132159260e-01
5.899414062499998002e-01	2.073118461747192331e-01
5.221679687499996003e-01	1.700677634463041987e-01
5.736328124999996447e-01	1.902092694563440600e-01
5.707031249999996447e-01	1.790191142470519137e-01
5.007812499999995115e-01	1.523844883260093985e-01
6.224609374999996447e-01	1.948850609046491322e-01
6.208007812499997113e-01	1.901170143747459018e-01
7.815429687499997335e-01	2.496863919979769031e-01
4.166015624999994671e-01	1.178799100670278044e-01
4.140624999999994449e-01	1.156109147034309892e-01
5.358398437499996003e-01	1.447335951990061931e-01
5.196289062499995781e-01	1.419385924648833008e-01
4.718749999999995448e-01	1.266209248054399883e-01
5.849609374999995559e-01	1.552010810854589917e-01
6.149414062499997113e-01	1.655881034579837208e-01
4.095703124999994782e-01	1.038116472454998218e-01
6.558593749999996891e-01	1.721457341670207808e-01
5.203124999999996225e-01	1.297189990518451408e-01
4.904296874999995448e-01	1.202021054267845140e-01
3.886718749999994449e-01	9.304358098951109879e-02
7.329101562499997780e-01	1.863654395574922407e-01
4.660156249999994893e-01	1.087461913878920439e-01
5.104492187499994893e-01	1.184568108558057831e-01
4.958007812499996003e-01	1.137060251885749912e-01
4.983398437499995115e-01	1.107704870343551723e-01
