1.126953125000000444e+00	6.471320992248342785e-01
2.271484374999993006e-01	9.406786514558931889e-02
6.758789062499998002e-01	2.958993876640576559e-01
5.033203124999996447e-01	1.984182709984746162e-01
8.491210937499998890e-01	3.646140033735027486e-01
3.541015624999994116e-01	1.288733835335368616e-01
2.300781249999993283e-01	9.033024086400107122e-02
6.377929687499996891e-01	2.339358406870258034e-01
4.343749999999995115e-01	1.488991727263413167e-01
7.931640624999998224e-01	2.911029586520752499e-01
4.168945312499995337e-01	1.355150289875157732e-01
2.789062499999993561e-01	9.209760839670745602e-02
1.078906250000000178e+00	4.033888427731200377e-01
4.942382812499995781e-01	1.549223328311139236e-01
4.621093749999994893e-01	1.422209222758461789e-01
5.326171874999996447e-01	1.614687982196212901e-01
6.492187499999997335e-01	1.952459719512014136e-01
6.147460937499996669e-01	1.793086818639870184e-01
7.514648437499997780e-01	2.249815122146537893e-01
2.762695312499994227e-01	8.574473883308147970e-02
3.422851562499994449e-01	9.686838477291247196e-02
4.306640624999994449e-01	1.174269502883433514e-01
5.201171874999996891e-01	1.394457103408513199e-01
7.116210937499997113e-01	1.935736790791423856e-01
5.395507812499996669e-01	1.383522543063790133e-01
5.964843749999996225e-01	1.536853501413076584e-01
4.816406249999994893e-01	1.200537901193587942e-01
5.519531249999996003e-01	1.381571849758281845e-01
5.227539062499996225e-01	1.295191922066665502e-01
5.149414062499996225e-01	1.242165909257074569e-01
4.189453124999995004e-01	1.003591864889044338e-01
3.300781249999993339e-01	8.190888769464889363e-02
7.564453124999996891e-01	1.843671083337151406e-01
2.917968749999994005e-01	7.302380861728720307e-02
4.105468749999995337e-01	9.561595802854330750e-02
