5.416015624999996891e-01	2.444102583853741961e-01
2.547363281250003553e+00	2.523196142808029840e+00
7.183593749999998002e-01	3.358774751000543901e-01
3.638671874999994116e-01	1.371276948716271260e-01
1.330175781250000799e+00	7.725687539666671322e-01
3.674804687499994005e-01	1.326398859388084883e-01
2.418945312499993228e-01	8.999783588546736435e-02
1.393457031250000977e+00	7.316294408856507392e-01
6.754882812499997113e-01	2.540376142515717861e-01
8.203124999999998890e-01	3.279886531294644580e-01
3.847656249999994449e-01	1.279340956135777141e-01
5.134765624999995115e-01	1.738118653597514052e-01
4.617187499999995115e-01	1.483662725564357521e-01
6.903320312499998668e-01	2.408865738815242630e-01
3.364257812499994449e-01	1.043377530669894054e-01
7.182617187499997780e-01	2.437882377622296037e-01
5.168945312499996225e-01	1.581563257726504301e-01
4.011718749999995115e-01	1.166171403842609366e-01
6.929687499999996891e-01	2.198428888012486926e-01
7.530273437499998002e-01	2.403684157981717251e-01
4.509765624999995115e-01	1.237495572897082952e-01
5.115234374999995115e-01	1.447702160798340631e-01
7.632812499999996891e-01	2.305734390999694960e-01
3.550781249999993561e-01	9.285522528197774628e-02
6.876953124999998224e-01	1.977993261964448579e-01
5.444335937499996669e-01	1.467059888123968814e-01
3.238281249999993561e-01	8.035395665596488379e-02
6.249999999999996669e-01	1.680266771231148648e-01
8.172851562499998668e-01	2.367582347847133895e-01
4.397460937499995115e-01	1.071885738323741788e-01
3.944335937499995337e-01	9.572013113593869083e-02
5.053710937499994449e-01	1.230614739630775945e-01
4.103515624999994893e-01	9.693314997875827899e-02
3.939453124999994782e-01	9.032219826753386249e-02
3.852539062499994449e-01	8.635277826914904142e-02
