3.490234374999994227e-01	1.440156732511043147e-01
3.049804687499992895e-01	1.235857017389538071e-01
5.557617187499995781e-01	2.431506347107103005e-01
2.720703124999993561e-01	9.809789752882880354e-02
5.723632812499996891e-01	2.322900109508464483e-01
5.847656249999996225e-01	2.317015169681172215e-01
5.489257812499995781e-01	2.043548429911711262e-01
2.930664062499993561e-01	9.873257934692461490e-02
8.759765625000000000e-01	3.710688850149310158e-01
2.456054687499993339e-01	8.400142283298323020e-02
3.916992187499994671e-01	1.266866006380285570e-01
7.183593749999998002e-01	2.591533502617717200e-01
4.670898437499995115e-01	1.449483314059432371e-01
7.440429687499997558e-01	2.587649817656403339e-01
4.154296874999994782e-01	1.271667962229549032e-01
1.108007812500000133e+00	4.254052259711188499e-01
4.359374999999995337e-01	1.267652007166822636e-01
4.567382812499994893e-01	1.333647314574256670e-01
5.481445312499996225e-01	1.585812795273892628e-01
2.835937499999993672e-01	8.104446398911417659e-02
3.835937499999994560e-01	1.051193721780055018e-01
5.467773437499995337e-01	1.524953617522058769e-01
3.758789062499994227e-01	1.013339619056718294e-01
1.997070312499992784e-01	6.133516135492583787e-02
4.451171874999995670e-01	1.161023003558003946e-01
5.269531249999995781e-01	1.370629322620148249e-01
6.392578124999996891e-01	1.695326097173754376e-01
2.900390624999993339e-01	7.442639564678715791e-02
5.347656249999995781e-01	1.343888540998747771e-01
4.633789062499995559e-01	1.117339971453732705e-01
4.924804687499995115e-01	1.184144300824319651e-01
4.543945312499995115e-01	1.087000514198411399e-01
5.791992187499995781e-01	1.378582336664858077e-01
3.066406249999993339e-01	7.302904394806415678e-02
3.931640624999994671e-01	8.934016424848817417e-02
