5.222656249999996225e-01	2.216906706840403585e-01
7.937499999999998446e-01	3.761833455200094267e-01
2.444335937499993172e-01	9.264737374626712263e-02
3.173828124999993894e-01	1.217289203716789697e-01
5.689453124999996891e-01	2.239790499193938522e-01
3.749999999999994449e-01	1.328567658582083255e-01
5.357421874999996891e-01	1.992484054529756465e-01
4.500976562499995337e-01	1.583366003568338898e-01
2.239257812499993172e-01	7.733487261543842139e-02
5.603515624999995115e-01	2.026462258167199271e-01
8.138671874999998668e-01	3.241410646587050692e-01
7.671874999999998002e-01	2.918924287412957841e-01
5.924804687499996003e-01	1.974196163125541414e-01
6.029296874999996447e-01	2.002771503660512320e-01
5.857421874999997335e-01	1.888878667843246761e-01
3.188476562499994449e-01	9.089826428932776259e-02
5.859374999999996669e-01	1.837400441088651581e-01
3.770507812499994671e-01	1.068928612224285535e-01
6.388671874999998224e-01	2.018786953345263480e-01
4.111328124999995004e-01	1.130509928416665866e-01
3.796874999999994005e-01	1.008516536236251232e-01
9.775390625000000000e-01	3.546905645820728203e-01
7.318359374999996447e-01	2.289350590209609515e-01
6.018554687499996225e-01	1.712513700451691323e-01
3.696289062499994449e-01	9.285725477896206170e-02
7.415039062499998446e-01	2.243344125092702757e-01
3.584960937499994671e-01	8.762106554505692813e-02
5.555664062499995337e-01	1.482730671555076707e-01
8.652343749999998890e-01	2.695738216165994294e-01
3.984374999999994449e-01	9.571334930597596991e-02
3.742187499999994338e-01	8.943516971081878764e-02
5.056640624999995115e-01	1.237818570859025996e-01
3.839843749999994893e-01	8.852227739312452937e-02
2.997070312499994227e-01	6.752032259556334237e-02
3.900390624999994227e-01	8.891493792277052610e-02
