2.751953124999993450e-01	1.141991816625593653e-01
4.259765624999994893e-01	1.743041743710000424e-01
3.953124999999995115e-01	1.556158939575886524e-01
3.849609374999994893e-01	1.442192671469766929e-01
5.147460937499995781e-01	2.021193607092065525e-01
3.033203124999993561e-01	1.041620885919930933e-01
2.519531249999993339e-01	8.301522936810644404e-02
5.217773437499996225e-01	1.911249046946228713e-01
3.650390624999994005e-01	1.199112970460431693e-01
4.624023437499995559e-01	1.551919079703410198e-01
4.277343749999994449e-01	1.395918023133177199e-01
2.836914062499993339e-01	8.582442859566480342e-02
4.566406249999994671e-01	1.453287541679710304e-01
3.099609374999994227e-01	8.875633038708596878e-02
7.553710937499996669e-01	2.736743432431284484e-01
4.838867187499995559e-01	1.465750047747651219e-01
3.578124999999994227e-01	9.990234081263418831e-02
7.650390624999998668e-01	2.618357132825608891e-01
4.956054687499995559e-01	1.429753610307789857e-01
6.194335937499996225e-01	1.876502867413477327e-01
4.984374999999995337e-01	1.383507466824779319e-01
6.067382812499996225e-01	1.747799141619485463e-01
4.810546874999995226e-01	1.268990382921002524e-01
8.671874999999998890e-01	2.780592145853197361e-01
6.760742187499997335e-01	1.936765520746648039e-01
4.624999999999995226e-01	1.177622486769841631e-01
5.864257812499996669e-01	1.559438034480477575e-01
5.092773437499994449e-01	1.279130065064033317e-01
6.877929687499997335e-01	1.857137971022040090e-01
3.843749999999994671e-01	9.131018417350224292e-02
3.909179687499994005e-01	9.022989349290558292e-02
7.311523437499997113e-01	1.950481537827740697e-01
7.600585937499996225e-01	2.018625534425196877e-01
4.715820312499995337e-01	1.083272320135291872e-01
7.106445312499997113e-01	1.799684932205991572e-01
