8.675781249999998668e-01	4.506807850507377200e-01
3.847656249999994449e-01	1.639240220097542278e-01
4.336914062499994671e-01	1.800148751594772001e-01
2.793945312499993561e-01	1.136368556997954110e-01
4.779296874999995337e-01	1.844818440030843720e-01
6.973632812499996891e-01	2.780348230412955646e-01
6.041015624999996891e-01	2.235245733420563874e-01
8.923828124999999556e-01	3.527195002976031835e-01
8.722656249999999334e-01	3.354397164399569586e-01
6.460937499999996891e-01	2.233185726319463493e-01
2.686523437499993561e-01	9.775899867801776666e-02
2.985351562499993783e-01	1.069900640206845749e-01
8.174804687499998002e-01	2.831488275520072651e-01
5.059570312499995781e-01	1.610324251898785919e-01
6.635742187499996669e-01	2.111604922056079803e-01
7.886718749999999112e-01	2.525422613641157832e-01
3.401367187499994005e-01	1.054611039609834322e-01
6.251953124999996003e-01	1.862982420545855611e-01
2.603515624999993561e-01	9.025029802643791399e-02
3.700195312499995337e-01	1.096126134025904725e-01
8.345703124999999112e-01	2.418801514392949770e-01
3.935546874999995004e-01	1.138607260181071640e-01
4.089843749999995115e-01	1.103298355352254900e-01
5.263671874999995559e-01	1.416627447904533765e-01
3.639648437499993783e-01	1.025735220399427994e-01
4.115234374999994782e-01	1.049802434510802018e-01
4.543945312499995115e-01	1.157071712472357156e-01
4.867187499999995337e-01	1.199223884305985893e-01
4.816406249999994893e-01	1.179553477620721991e-01
6.017578124999996003e-01	1.491978644395306475e-01
6.243164062499996225e-01	1.510210402159853638e-01
3.163085937499994227e-01	8.144060113627253628e-02
3.999023437499994449e-01	9.737749291191365175e-02
4.383789062499995337e-01	1.039422084887962200e-01
5.672851562499996447e-01	1.273957893814673392e-01
