1.604101562500001910e+00	1.117893273038600643e+00
9.593749999999998668e-01	4.941479877126774278e-01
-1.619140625000010103e-01	8.096487301016759563e-02
5.495117187499996003e-01	2.258887311234366035e-01
4.384765624999995004e-01	1.637702315473652526e-01
2.408203124999993006e-01	9.539342305272739686e-02
4.401367187499994893e-01	1.598147662526399615e-01
4.291015624999994782e-01	1.508647449545429120e-01
3.592773437499994227e-01	1.230568168721216521e-01
4.830078124999995226e-01	1.647958682889085202e-01
4.496093749999995337e-01	1.445599314471388563e-01
2.501953124999993228e-01	8.941552528140259137e-02
4.313476562499994893e-01	1.371141194951263631e-01
7.504882812499997780e-01	2.473290020584624771e-01
5.327148437499995559e-01	1.627435307145590482e-01
5.965820312499996447e-01	1.803643556011343407e-01
4.239257812499994671e-01	1.245690701053362576e-01
4.919921874999995670e-01	1.446031887801768889e-01
5.440429687499995781e-01	1.544677549152760621e-01
4.823242187499995337e-01	1.376905468857522186e-01
5.363281249999996003e-01	1.479883120157656495e-01
4.422851562499995337e-01	1.249058903224882777e-01
4.096679687499994449e-01	1.140272161335388890e-01
3.769531249999994449e-01	1.048149497802130792e-01
4.379882812499995559e-01	1.162306073589468025e-01
5.331054687499995337e-01	1.357674035661751433e-01
4.682617187499995559e-01	1.174956722619601018e-01
3.234374999999993783e-01	9.115298457367666807e-02
3.852539062499994449e-01	1.007355659588975022e-01
3.177734374999994227e-01	8.593955748381283677e-02
4.583984374999995337e-01	1.113379313074738669e-01
6.371093749999997558e-01	1.525389132329891817e-01
5.532226562499996669e-01	1.299904901650940081e-01
4.958984374999995670e-01	1.142889702773174504e-01
6.002929687499996003e-01	1.381758980551388849e-01
