9.730468749999999778e-01	5.505781192820979886e-01
4.335937499999995004e-01	1.850037473876211813e-01
4.958984374999995670e-01	2.060333973596976676e-01
4.598632812499995337e-01	1.811304788926722809e-01
4.212890624999994782e-01	1.608942645868947363e-01
5.801757812499995781e-01	2.239402793750860932e-01
4.790039062499995559e-01	1.762668958672627129e-01
3.071289062499993339e-01	1.105459494893389349e-01
5.866210937499997113e-01	2.086467038206135660e-01
3.666015624999994227e-01	1.242652083626475945e-01
4.325195312499995337e-01	1.428439852165548085e-01
4.327148437499994671e-01	1.376139184545847050e-01
3.741210937499994671e-01	1.183248471523622863e-01
5.382812499999996003e-01	1.656818116704401878e-01
5.179687499999996447e-01	1.579803690686397699e-01
4.907226562499995559e-01	1.431683082259316286e-01
2.570312499999993228e-01	8.454915996476132511e-02
6.131835937499995337e-01	1.779551738199418864e-01
1.069628906250000178e+00	3.552156554405453970e-01
5.116210937499995337e-01	1.425181889759484788e-01
4.859374999999995781e-01	1.342592457838703568e-01
3.399414062499993561e-01	9.731836221078685178e-02
5.316406249999995337e-01	1.421487150855927917e-01
3.924804687499994227e-01	1.057288456336562404e-01
3.978515624999994782e-01	1.054620039992816560e-01
5.422851562499996225e-01	1.396524727405645538e-01
5.459960937499995781e-01	1.366469164078848997e-01
5.470703124999996003e-01	1.366380383660042719e-01
4.672851562499995559e-01	1.131966777527711604e-01
5.450195312499996891e-01	1.315177734615914917e-01
3.693359374999994893e-01	9.146738689160630043e-02
5.403320312499997335e-01	1.265436778144471974e-01
5.377929687499996003e-01	1.258998557452775113e-01
4.321289062499994449e-01	1.000034342156493755e-01
3.822265624999994227e-01	8.984291065574516455e-02
