4.458007812499995559e-01	1.903868996269567349e-01
4.967773437499996003e-01	2.100488954848460654e-01
2.906249999999993561e-01	1.159377054577568483e-01
3.854492187499994893e-01	1.493665774223397191e-01
2.796874999999993117e-01	1.052951239092072416e-01
7.792968749999997780e-01	3.361392733828171830e-01
7.168945312499998002e-01	2.900813767842498891e-01
7.933593749999998668e-01	3.158935995830413623e-01
2.959960937499993561e-01	1.022845034625894794e-01
3.726562499999994671e-01	1.303984820507767539e-01
6.850585937499996669e-01	2.442279942222931877e-01
3.445312499999994560e-01	1.187493142866064971e-01
8.547851562499998446e-01	3.024217354363754606e-01
3.565429687499993561e-01	1.182109821199748279e-01
1.278320312499992006e-01	6.120739689928694077e-02
4.502929687499994671e-01	1.401835840868704552e-01
2.595703124999993450e-01	8.516197350193846494e-02
1.907226562499992617e-01	6.554076582922045702e-02
5.151367187499995559e-01	1.521316848984022030e-01
4.588867187499995337e-01	1.318212651756419662e-01
4.123046874999994893e-01	1.158776274636119513e-01
6.553710937499995781e-01	1.881697937766363682e-01
4.366210937499994671e-01	1.202075554062829871e-01
7.648437499999998224e-01	2.175282765387946404e-01
5.191406249999995781e-01	1.386745294214899449e-01
8.587890624999998668e-01	2.371700707852138768e-01
4.669921874999995448e-01	1.240960273909749306e-01
5.327148437499995559e-01	1.373498279414311352e-01
4.866210937499995115e-01	1.249644768677183188e-01
5.125976562499995337e-01	1.284456123108358439e-01
4.593749999999995337e-01	1.166084168797912879e-01
4.123046874999994893e-01	1.033564333883383451e-01
3.899414062499994005e-01	9.968457548862276474e-02
5.835937499999996891e-01	1.390067089905538955e-01
4.287109374999995004e-01	1.007197950637107597e-01
