3.858398437499994671e-01	1.584695202582187545e-01
7.226562499999997780e-01	3.322177091588871534e-01
1.720605468750001865e+00	1.103199380751501257e+00
9.435546874999998224e-01	4.493452103956643851e-01
6.294921874999996891e-01	2.552884031560023748e-01
4.994140624999995337e-01	1.917249657041520672e-01
2.037109374999993006e-01	8.943280054670363355e-02
5.349609374999995115e-01	1.962298989310969910e-01
3.360351562499994671e-01	1.219817213774705839e-01
6.209960937499997558e-01	2.156371293648578491e-01
7.762695312499998668e-01	2.773466046951981734e-01
4.020507812499994893e-01	1.315366291783261754e-01
5.923828124999996891e-01	1.936273944569117667e-01
4.483398437499994671e-01	1.439466574469006888e-01
6.130859374999995115e-01	1.912516387560259379e-01
5.598632812499995115e-01	1.718103382286803871e-01
4.224609374999995226e-01	1.268099918046053654e-01
5.197265624999996003e-01	1.483128174158601653e-01
3.618164062499994449e-01	1.038923314984177143e-01
3.914062499999994560e-01	1.126812632854018170e-01
7.228515624999998224e-01	2.052498513730387775e-01
5.071289062499996225e-01	1.379060783924884737e-01
2.576171874999993450e-01	8.119976287563428208e-02
3.567382812499994005e-01	9.704088147321807134e-02
3.395507812499993783e-01	9.351841926955925532e-02
9.164062499999998668e-01	2.577346890582862815e-01
4.327148437499994671e-01	1.118752637965258895e-01
4.946289062499995559e-01	1.247078161882500674e-01
3.834960937499994893e-01	9.627553981605728450e-02
7.672851562499998224e-01	1.935289709749167530e-01
3.347656249999994005e-01	8.662494206099474736e-02
5.880859374999996003e-01	1.419780407472702177e-01
4.174804687499994449e-01	9.952643144079494075e-02
4.175781249999994671e-01	9.743241746250722035e-02
4.244140624999994671e-01	9.877757746142090678e-02
