4.143554687499994005e-01	1.693389263793019239e-01
4.695312499999995670e-01	1.923766122623890018e-01
6.650390624999997780e-01	2.849556533769294631e-01
5.045898437499994893e-01	1.957154510349499443e-01
6.537109374999996447e-01	2.605049045109141814e-01
4.420898437499994893e-01	1.585740003821039523e-01
4.185546874999995226e-01	1.465610000752968767e-01
5.950195312499997335e-01	2.088107371682665081e-01
6.012695312499997113e-01	2.072906540434607814e-01
9.575195312500000000e-01	3.504837738401111458e-01
4.160156249999994449e-01	1.430768276185878374e-01
4.974609374999995892e-01	1.577548190298196928e-01
4.392578124999994560e-01	1.390318809062123517e-01
4.958007812499996003e-01	1.515072607524072801e-01
3.944335937499995337e-01	1.271213782759360866e-01
3.692382812499994671e-01	1.169321120082930515e-01
4.206054687499994893e-01	1.240943649991710779e-01
3.075195312499994227e-01	1.012946847886596197e-01
4.647460937499995337e-01	1.318005809621503044e-01
5.234374999999995559e-01	1.457950857407394052e-01
2.999999999999993783e-01	9.499603040563020517e-02
4.047851562499994449e-01	1.169259799698584845e-01
5.864257812499996669e-01	1.566724174304749417e-01
5.695312499999996003e-01	1.497327072277133686e-01
5.726562499999996447e-01	1.461540535321970147e-01
4.029296874999994671e-01	1.093443009879793565e-01
6.357421874999997780e-01	1.601723482682070043e-01
4.818359374999995337e-01	1.193094960327454324e-01
4.069335937499994893e-01	1.045155046181299729e-01
5.468749999999995559e-01	1.323076531813963119e-01
5.827148437499996003e-01	1.364379461731601850e-01
6.468749999999996447e-01	1.512125224253282052e-01
5.138671874999996003e-01	1.216398670969054546e-01
3.584960937499994671e-01	9.114837419951860031e-02
5.124023437499994893e-01	1.196647654182538822e-01
