5.552734374999994671e-01	2.320155487969292885e-01
2.562499999999993117e-01	1.059183027789131343e-01
1.163183593750000355e+00	6.175124590368832322e-01
4.672851562499995559e-01	1.756453558611721089e-01
8.567382812499998446e-01	3.639155016463297976e-01
4.185546874999995226e-01	1.489291330347361220e-01
8.391601562499999556e-01	3.313068143926321540e-01
6.122070312499996447e-01	2.162219077771933839e-01
2.538085937499993117e-01	9.065617637288664321e-02
6.361328124999996447e-01	2.195615839259379420e-01
6.503906249999996669e-01	2.183548936299545551e-01
5.461914062499996225e-01	1.742518350143358319e-01
5.227539062499996225e-01	1.615942572641948238e-01
3.863281249999994671e-01	1.150396067913126430e-01
9.346679687499999112e-01	3.217041333727349572e-01
7.804687499999998224e-01	2.434787652470959407e-01
4.836914062499995115e-01	1.373381539511407123e-01
3.977539062499995115e-01	1.095195491998213894e-01
7.982421874999998668e-01	2.393495211619319218e-01
4.354492187499995337e-01	1.157497246983800049e-01
3.640624999999994005e-01	9.888716835776033276e-02
3.437499999999994449e-01	9.138394614498238089e-02
3.974609374999995004e-01	1.036036801686890940e-01
3.779296874999994449e-01	9.634219614689813749e-02
5.757812499999996891e-01	1.473870520980498644e-01
4.596679687499994893e-01	1.132468246628136055e-01
3.742187499999994338e-01	9.041988413077663156e-02
4.518554687499994893e-01	1.080048741914121507e-01
6.616210937499996669e-01	1.655867268266080772e-01
3.839843749999994893e-01	9.064353176058805028e-02
4.332031249999994671e-01	9.976454199233440734e-02
6.509765624999996891e-01	1.557701167439326517e-01
6.318359374999995559e-01	1.488528631029586713e-01
4.716796874999995559e-01	1.061611011496209345e-01
4.365234374999995004e-01	9.701428300236467073e-02
