3.081054687499993339e-01	1.235268960811814476e-01
4.038085937499994449e-01	1.643991750981380340e-01
3.800781249999993783e-01	1.441785862814331243e-01
3.054687499999993450e-01	1.099043214614257441e-01
2.484374999999993394e-01	9.094065408661240746e-02
5.103515624999994671e-01	1.872156132404186601e-01
6.538085937499996669e-01	2.542993143700750247e-01
3.583984374999994449e-01	1.163723490932907362e-01
5.463867187499995559e-01	1.913298299538961078e-01
5.734374999999996003e-01	1.977534411743409604e-01
3.363281249999994227e-01	1.032484117520629519e-01
5.352539062499995781e-01	1.745694779429167454e-01
5.202148437499996003e-01	1.664955584614750128e-01
6.840820312499997780e-01	2.281006001622893631e-01
5.914062499999996891e-01	1.859257212014456262e-01
4.402343749999995115e-01	1.259395791207382209e-01
2.347656249999993394e-01	6.944040545858007341e-02
5.481445312499996225e-01	1.595175394011215941e-01
4.424804687499994671e-01	1.222562817785165651e-01
5.999023437499996225e-01	1.725810890176116275e-01
4.546874999999994671e-01	1.223146743763618288e-01
5.752929687499995781e-01	1.603668295302858038e-01
5.001953124999996003e-01	1.328281546894150011e-01
7.279296874999996447e-01	2.099837894887739420e-01
5.928710937499995781e-01	1.560042339870005568e-01
5.065429687499994893e-01	1.266303793825761803e-01
6.558593749999996891e-01	1.747616397176635639e-01
4.329101562499995115e-01	1.050263842475677722e-01
3.430664062499994005e-01	8.002888732847371345e-02
3.630859374999994560e-01	8.303123473017925971e-02
4.178710937499995337e-01	9.638796390471700282e-02
6.248046874999997335e-01	1.545022927366823118e-01
5.220703124999996891e-01	1.211695473508448417e-01
6.343749999999996891e-01	1.537775263832677208e-01
4.172851562499995115e-01	9.279551711570403760e-02
