8.129882812499997780e-01	4.866198411622787989e-01
3.818359374999994449e-01	1.671748728700994668e-01
4.582031249999994893e-01	2.036764813581095623e-01
3.102539062499993783e-01	1.241250112184858201e-01
6.231445312499996891e-01	2.904882718290640597e-01
3.878906249999994893e-01	1.483010677255564846e-01
5.912109374999996447e-01	2.556917139259529681e-01
3.336914062499993783e-01	1.198506159867382820e-01
5.921874999999996447e-01	2.437300794891338607e-01
2.823242187499993561e-01	9.181446621908564976e-02
4.578124999999995115e-01	1.661982510219892906e-01
9.484374999999999334e-01	4.513560688091311501e-01
6.127929687499995559e-01	2.308790087980874262e-01
6.825195312499997558e-01	2.607027182673682386e-01
6.808593749999997113e-01	2.564441786972477821e-01
6.869140624999998668e-01	2.518836809876431326e-01
6.083984374999995559e-01	2.078326013651708992e-01
3.378906249999994449e-01	9.761490137866639383e-02
5.720703124999997335e-01	1.856305052325168403e-01
6.308593749999996669e-01	2.092444741997419033e-01
8.837890625000000000e-01	3.297184222064377113e-01
7.585937499999997335e-01	2.582953095013649225e-01
5.573242187499996003e-01	1.637062247723768682e-01
5.053710937499994449e-01	1.430025653243160166e-01
3.976562499999994893e-01	1.039692029697940889e-01
5.369140624999997335e-01	1.510212105688136242e-01
4.384765624999995004e-01	1.153737577484076210e-01
6.395507812499997558e-01	1.854518704121818351e-01
3.810546874999994338e-01	9.452000558063572422e-02
4.981445312499995781e-01	1.301642867822721261e-01
6.513671874999997780e-01	1.840323710994208606e-01
3.506835937499994671e-01	8.246890403340517706e-02
5.708984374999996891e-01	1.508009154065907687e-01
7.255859374999997780e-01	2.069489658737213855e-01
5.320312499999995115e-01	1.337957607103554825e-01
