4.646484374999995115e-01	1.844672870412313037e-01
6.765624999999997335e-01	2.851392880516416817e-01
3.402343749999994227e-01	1.266540488367275397e-01
3.986328124999994338e-01	1.445141205414533503e-01
5.600585937499994449e-01	2.011694503442173487e-01
5.077148437499995337e-01	1.751591217724813299e-01
5.647460937499996225e-01	1.930448382461261436e-01
8.258789062499999334e-01	3.065366346362952132e-01
3.468749999999994338e-01	1.149397353118203902e-01
3.561523437499993783e-01	1.139068703576098518e-01
5.785156249999995337e-01	1.839160723922836915e-01
4.014648437499994671e-01	1.225048446482668862e-01
2.807617187499993339e-01	8.863272632908125725e-02
3.258789062499993783e-01	9.758234226415406221e-02
4.829101562499995559e-01	1.374619800883603582e-01
7.494140624999998668e-01	2.298540045207253246e-01
3.164062499999993894e-01	8.821828549712358580e-02
7.029296874999997335e-01	2.004978118048498792e-01
6.502929687499996447e-01	1.774701222709413606e-01
6.018554687499996225e-01	1.644358457721847577e-01
4.187499999999995115e-01	1.098835971461155636e-01
6.299804687499995781e-01	1.651889011735465373e-01
6.593749999999996003e-01	1.742099997979430492e-01
4.819335937499995559e-01	1.197240487017446481e-01
4.706054687499995337e-01	1.154052334747547315e-01
5.911132812499997335e-01	1.427097777513866295e-01
6.231445312499996891e-01	1.543423988872590913e-01
4.622070312499995115e-01	1.095732120678475502e-01
5.898437499999997780e-01	1.404666316308577911e-01
7.384765624999998224e-01	1.805384294259728406e-01
6.162109374999995559e-01	1.447091790920819188e-01
6.758789062499998002e-01	1.576655731549652939e-01
2.892578124999993228e-01	7.249265626623210834e-02
6.547851562499996669e-01	1.479953370862285844e-01
6.528320312499997780e-01	1.485471819026674689e-01
