1.132812500000000000e+00	6.932466906049410404e-01
5.433593749999996447e-01	2.353637908441839066e-01
5.286132812499995115e-01	2.190558221972148945e-01
6.102539062499995337e-01	2.510336675584749488e-01
5.774414062499996225e-01	2.254979401091758984e-01
3.298828124999993450e-01	1.207235689277462165e-01
6.207031249999996891e-01	2.348050327055047626e-01
1.939453124999993006e-01	7.294052151332418299e-02
-1.723632812500010547e-01	7.012160861053348682e-02
8.204101562499999112e-01	3.240701041446950592e-01
2.643554687499992673e-01	8.682316656735818150e-02
3.965820312499994671e-01	1.257529483806368586e-01
4.041992187499994227e-01	1.239001538445662631e-01
7.154296874999996891e-01	2.419772965382688823e-01
3.915039062499994227e-01	1.167506706931088212e-01
4.516601562499995559e-01	1.334219324764085723e-01
4.548828124999994560e-01	1.314492020225808133e-01
7.086914062499997113e-01	2.261969368798464886e-01
6.185546874999996447e-01	1.854576891474362943e-01
2.489257812499993394e-01	7.165962746814756590e-02
6.487304687499996225e-01	1.909216899451442739e-01
5.087890624999995559e-01	1.417768728955245694e-01
7.984374999999998002e-01	2.458219599120482768e-01
3.352539062499994005e-01	8.653005374737429700e-02
4.903320312499995781e-01	1.278435479811281528e-01
3.686523437499994449e-01	9.217663895597448531e-02
4.937499999999995781e-01	1.255781902322284926e-01
7.538085937499997558e-01	2.115894250442267588e-01
6.204101562499997335e-01	1.606548063239600643e-01
3.899414062499994005e-01	9.200260185331524121e-02
5.117187499999995559e-01	1.242896625113705383e-01
3.296874999999993561e-01	7.649848232005708459e-02
4.493164062499994671e-01	1.046270106873408157e-01
5.344726562499996225e-01	1.277282672870056202e-01
4.770507812499995559e-01	1.100811254788843507e-01
