6.991210937499997558e-01	3.696287656143944500e-01
2.181640624999993117e-01	9.204139121044623006e-02
2.623046874999993561e-01	1.020589115620115506e-01
4.947265624999995781e-01	2.134832724278966365e-01
3.759765624999994449e-01	1.460622247762846382e-01
4.445312499999995448e-01	1.790644339176829525e-01
1.093847656249999911e+00	6.236335764033753559e-01
5.503906249999995781e-01	2.208161581613052316e-01
4.166015624999994671e-01	1.496937069212821714e-01
4.691406249999995337e-01	1.710341055534902455e-01
3.618164062499994449e-01	1.212430998370441632e-01
3.874999999999994560e-01	1.281336621407244691e-01
4.153320312499995115e-01	1.371243363908612178e-01
3.335937499999994116e-01	1.023042835903819614e-01
3.861328124999994782e-01	1.209857548827886070e-01
6.156249999999996447e-01	2.176751312015136053e-01
7.144531249999996891e-01	2.647863257194514874e-01
8.612304687499997558e-01	3.409721486961883596e-01
6.666992187499997113e-01	2.283411176494521411e-01
5.289062499999994671e-01	1.618502181197344902e-01
5.637695312499996225e-01	1.749630186547619648e-01
3.656249999999994227e-01	1.000077541367541401e-01
2.475585937499993616e-01	6.430141395288417605e-02
7.816406249999997558e-01	2.666556552154851212e-01
5.492187499999996447e-01	1.582695678607196343e-01
3.676757812499994449e-01	9.374366434907092926e-02
2.778320312499993339e-01	6.865772897730836044e-02
3.801757812499994005e-01	9.764871548850936889e-02
5.221679687499996003e-01	1.416527613382800588e-01
5.557617187499995781e-01	1.529859376085297151e-01
7.091796874999996003e-01	2.122442376565573108e-01
5.067382812499995337e-01	1.313054540999718245e-01
5.951171874999996447e-01	1.617155515508295061e-01
5.129882812499995115e-01	1.296093929076400086e-01
5.682617187499996447e-01	1.491344611208182402e-01
