9.958007812500000444e-01	5.724256330919258451e-01
6.103515624999995559e-01	2.759850265053649943e-01
2.555664062499992673e-01	1.034827255755504244e-01
6.648437499999997335e-01	2.872185369995028381e-01
4.276367187499994227e-01	1.677824669843850924e-01
5.728515624999996891e-01	2.218937245008054115e-01
7.213867187499998224e-01	2.864838239342389348e-01
2.907226562499993783e-01	1.051897619701025466e-01
3.458007812499994671e-01	1.233013765000955941e-01
2.968749999999993894e-01	1.041686348391366729e-01
1.145996093750000444e+00	4.656187380880908444e-01
3.039062499999993783e-01	1.050877431574390869e-01
3.922851562499994893e-01	1.281782142259591528e-01
5.083984374999994671e-01	1.616661882629309432e-01
2.930664062499993561e-01	9.423821675341553794e-02
2.356445312499993172e-01	8.098276692866598903e-02
5.269531249999995781e-01	1.584615408293278405e-01
7.858398437499998224e-01	2.423574805043896274e-01
6.679687499999997780e-01	1.989498430333584422e-01
2.844726562499994005e-01	8.615263827333673186e-02
2.483398437499993450e-01	7.588274574769190983e-02
6.437499999999997113e-01	1.800316728474196937e-01
3.827148437499994227e-01	1.044345586109568097e-01
4.413085937499995337e-01	1.179672590401000948e-01
4.358398437499995115e-01	1.150694466044870634e-01
2.864257812499994005e-01	7.881908150803117186e-02
2.783203124999993339e-01	7.669994917901408471e-02
4.193359374999995337e-01	1.079304662095765394e-01
4.501953124999995004e-01	1.115131805788035224e-01
3.955078124999995004e-01	9.598673777688186692e-02
5.127929687499994671e-01	1.240009180686469925e-01
5.785156249999995337e-01	1.391504169157095627e-01
4.317382812499994671e-01	1.031212374311955698e-01
6.141601562499996447e-01	1.458763289070057201e-01
4.761718749999995781e-01	1.074900877327932963e-01
