7.797851562499997780e-01	3.543731786663056882e-01
-1.785156250000010381e-01	9.565131812578019088e-02
8.991210937499999334e-01	4.041671887718377154e-01
3.912109374999994671e-01	1.486327362932218232e-01
2.850585937499994227e-01	1.108879944195475808e-01
5.609374999999995337e-01	2.051731148027285678e-01
7.543945312499997780e-01	2.815996929088177558e-01
5.681640624999997335e-01	1.997278647463087697e-01
3.775390624999994116e-01	1.278460011901807469e-01
3.688476562499994893e-01	1.222452586860480056e-01
4.847656249999995337e-01	1.517528031142522660e-01
6.482421874999997335e-01	2.059602209894501879e-01
4.596679687499994893e-01	1.421633660356686202e-01
5.212890624999997335e-01	1.581659414574606848e-01
6.083007812499996447e-01	1.808720129415183897e-01
3.250976562499994227e-01	1.011982332606096435e-01
5.174804687499995337e-01	1.483774346678960188e-01
4.320312499999994782e-01	1.201324434181842427e-01
4.823242187499995337e-01	1.318872066602117532e-01
4.426757812499995115e-01	1.191084712476751933e-01
4.293945312499994893e-01	1.159884936697776481e-01
6.104492187499995781e-01	1.586396030837851912e-01
9.050781249999998446e-01	2.535405014291492454e-01
3.550781249999993561e-01	9.689929792953044796e-02
4.717773437499995781e-01	1.192820267987826782e-01
3.218749999999994116e-01	8.683527151578582237e-02
4.477539062499995559e-01	1.105558826809667494e-01
6.502929687499996447e-01	1.575465061147445500e-01
4.421874999999995115e-01	1.057273377803529951e-01
3.003906249999993561e-01	7.998707279199680775e-02
4.852539062499995337e-01	1.120150528677249513e-01
6.974609374999996003e-01	1.642747949032121180e-01
4.930664062499995337e-01	1.127936417788170664e-01
6.617187499999996891e-01	1.497952840122934726e-01
5.944335937499997113e-01	1.328687941971355979e-01
