2.709960937499993339e-01	1.168417544147597464e-01
3.791015624999994338e-01	1.614241530333981323e-01
4.363281249999995115e-01	1.736026279450648691e-01
1.071875000000000133e+00	5.841815643476124809e-01
1.210742187500000400e+00	6.565545656005716824e-01
4.886718749999995337e-01	1.943576382281511916e-01
5.236328124999996003e-01	2.040047520674038717e-01
4.360351562499995559e-01	1.547192001845573983e-01
3.395507812499993783e-01	1.182995531073701423e-01
6.207031249999996891e-01	2.244885752916392085e-01
6.026367187499996891e-01	2.125824784579976312e-01
5.947265624999997780e-01	2.009095294553619460e-01
5.124999999999995115e-01	1.641078245845795647e-01
2.790039062499993783e-01	9.097365665020498704e-02
4.358398437499995115e-01	1.312251800367391641e-01
4.397460937499995115e-01	1.326931074642487829e-01
3.351562499999994338e-01	9.669545599964769755e-02
4.464843749999994893e-01	1.263960208280046904e-01
5.634765624999995559e-01	1.655382351291001530e-01
5.408203124999997335e-01	1.547481567481669706e-01
5.419921874999995559e-01	1.527083207143966614e-01
5.747070312499996669e-01	1.591428672457164961e-01
2.754882812499993561e-01	7.598646333006374431e-02
6.122070312499996447e-01	1.674951258929874010e-01
5.050781249999994893e-01	1.332814384358005089e-01
3.346679687499993783e-01	8.652130731456024459e-02
5.740234374999995115e-01	1.489574548400385834e-01
4.124023437499995115e-01	1.019060481714710586e-01
4.686523437499995337e-01	1.129006997480604124e-01
7.188476562499998002e-01	1.890401694231169105e-01
4.119140624999994560e-01	9.786876081376542913e-02
5.579101562499996225e-01	1.326854511274458692e-01
4.414062499999995004e-01	1.020326990843783560e-01
5.798828124999995115e-01	1.367675727285099785e-01
7.515624999999998002e-01	1.857969852110986364e-01
