3.803710937499994449e-01	1.690955526521865648e-01
2.981445312499994005e-01	1.243993533418896041e-01
8.057617187499998002e-01	4.195045467945922035e-01
7.458984374999997335e-01	3.603030110929691388e-01
2.837890624999993561e-01	1.052376166667968460e-01
4.801757812499994893e-01	1.911128300474462249e-01
5.373046874999996003e-01	2.064983781621851366e-01
2.855468749999994227e-01	1.012469182619303576e-01
6.329101562499996891e-01	2.456542503283465351e-01
3.051757812499993339e-01	1.041756715596055538e-01
2.970703124999993783e-01	9.668311317218576673e-02
4.619140624999995004e-01	1.532924414693464243e-01
6.473632812499996447e-01	2.228673919092807043e-01
5.448242187499996447e-01	1.806707845025083137e-01
6.593749999999996003e-01	2.217021936303374408e-01
5.056640624999995115e-01	1.529216531394196332e-01
5.895507812499997113e-01	1.809407871336631835e-01
4.555664062499994449e-01	1.319036064996114421e-01
5.526367187499996447e-01	1.593294408688081532e-01
4.402343749999995115e-01	1.247321094415156928e-01
4.436523437499995115e-01	1.205565103515828101e-01
5.711914062499997558e-01	1.621298113084359838e-01
5.816406249999995781e-01	1.596303014938820763e-01
3.544921874999993894e-01	8.961184663174789899e-02
6.807617187499996891e-01	1.912562541840680808e-01
6.598632812499996003e-01	1.803260616976703479e-01
4.786132812499995781e-01	1.203658321128386888e-01
7.170898437499997335e-01	1.944889113345385778e-01
5.507812499999995559e-01	1.376969934843552401e-01
5.971679687499995559e-01	1.487428604366274332e-01
3.258789062499993783e-01	7.907926756215835629e-02
6.281249999999996003e-01	1.558464109919436846e-01
6.406249999999997780e-01	1.556890880397671373e-01
5.299804687499994893e-01	1.239927079532758963e-01
4.740234374999995337e-01	1.083230656180393936e-01
