4.379882812499995559e-01	1.077934275389652724e-01
4.348632812499995115e-01	1.032829855339173208e-01
7.784179687499996891e-01	2.307958394696607574e-01
4.961914062499995781e-01	1.102262482435371616e-01
6.987304687499996669e-01	1.808694879393853150e-01
5.970703124999996447e-01	1.321969949236928288e-01
4.511718749999995559e-01	8.417506225566419309e-02
4.007812499999994782e-01	7.629609316838516231e-02
4.369140624999994782e-01	7.821234199968420120e-02
5.664062499999995559e-01	1.169006598419991688e-01
5.541015624999996447e-01	1.106431413215924198e-01
5.930664062499996225e-01	1.202585129046039314e-01
5.045898437499994893e-01	9.121120392019496648e-02
4.539062499999995115e-01	7.815687911917229558e-02
4.991210937499995781e-01	8.854150141537110719e-02
6.708007812499997558e-01	1.390419920953320509e-01
4.374999999999995004e-01	6.900045906010082719e-02
6.688476562499997558e-01	1.366643929318536455e-01
4.851562499999995670e-01	7.773259859442904762e-02
5.538085937499995781e-01	9.422964001867813189e-02
4.994140624999995337e-01	7.925503010255387226e-02
5.902343749999997558e-01	1.007420611045889008e-01
4.071289062499994227e-01	5.771986084798454847e-02
5.975585937499995337e-01	1.007678003289604884e-01
4.235351562499994893e-01	5.831752492435018920e-02
5.331054687499995337e-01	7.911892618244296960e-02
5.308593749999995781e-01	8.077801145597968135e-02
5.245117187499995781e-01	7.657749314436552990e-02
4.611328124999995448e-01	6.323048385766624757e-02
5.435546874999996891e-01	7.978977052258146019e-02
5.050781249999994893e-01	6.923456618750523095e-02
4.583984374999995337e-01	5.999289606368533867e-02
5.687499999999996447e-01	8.598272273391698028e-02
5.703124999999996669e-01	8.448433347067643706e-02
4.861328124999995670e-01	6.277401102836127622e-02
