2.593164062500003197e+00	2.430538386828362984e+00
4.209960937499994671e-01	1.698285350860623544e-01
3.210937499999994005e-01	1.231141494091854138e-01
1.098828125000000266e+00	5.674999553509171291e-01
4.710937499999995337e-01	1.767803186453597852e-01
8.083984374999997335e-01	3.418282572464461100e-01
4.739257812499995115e-01	1.718546320555860984e-01
3.908203124999994338e-01	1.337787995642563676e-01
6.572265624999997780e-01	2.398431655517404004e-01
5.443359374999996447e-01	1.824445841817580460e-01
4.866210937499995115e-01	1.590548589878469365e-01
4.216796874999995115e-01	1.317561529549161059e-01
3.569335937499994449e-01	1.104397609836586802e-01
6.375976562499997558e-01	2.119336174008586704e-01
9.352539062499999334e-01	3.252151379413578125e-01
4.618164062499995337e-01	1.338298052786144055e-01
6.564453124999996003e-01	2.060082381588699552e-01
5.874999999999996891e-01	1.767325586292700090e-01
7.235351562499997558e-01	2.254972010808228844e-01
4.304687499999994560e-01	1.151206785118761566e-01
4.377929687499995115e-01	1.179813028908032330e-01
2.626953124999993339e-01	6.972695915753701623e-02
5.131835937499994449e-01	1.401278289089293583e-01
6.826171874999997780e-01	1.955831946858118120e-01
3.859374999999994893e-01	9.726144193928507042e-02
3.261718749999994449e-01	7.987252063672434232e-02
8.508789062499998446e-01	2.550025140784086264e-01
4.597656249999995115e-01	1.142499393171417382e-01
4.198242187499995337e-01	1.018447600107220685e-01
7.402343749999998890e-01	2.027586758857539972e-01
4.273437499999994671e-01	9.918950264003975614e-02
3.166015624999993783e-01	7.369089509633029722e-02
6.114257812499995781e-01	1.512976261259191546e-01
4.213867187499994449e-01	9.700577436163675127e-02
6.126953124999996447e-01	1.504593458840867704e-01
