8.168945312499998890e-01	4.095967408098779017e-01
5.230468749999995781e-01	2.158243754676741344e-01
2.191406249999993117e-01	8.836713195656004105e-02
1.833984374999992895e-01	7.762621675322785297e-02
5.815429687499995559e-01	2.297592728874184309e-01
4.719726562499995115e-01	1.708095890115922388e-01
4.958007812499996003e-01	1.792140261412885627e-01
5.137695312499995781e-01	1.836511712294840448e-01
4.203124999999995337e-01	1.449275037884584783e-01
7.283203124999997335e-01	2.608109040060280770e-01
2.792968749999993339e-01	9.769286732574368470e-02
8.066406249999997780e-01	2.827566823252822825e-01
4.353515624999995115e-01	1.347882955798383464e-01
2.994140624999993561e-01	9.783471851340720671e-02
3.183593749999994449e-01	1.017471064101206496e-01
6.738281249999996669e-01	2.055618637119047687e-01
5.033203124999996447e-01	1.496698012169521141e-01
4.891601562499995337e-01	1.394650270947172255e-01
4.362304687499994893e-01	1.254758422200696888e-01
5.772460937499995781e-01	1.622243326153795240e-01
4.926757812499995559e-01	1.350530562375088506e-01
6.559570312499997113e-01	1.794423918932863127e-01
4.420898437499994893e-01	1.170927400200820617e-01
5.131835937499994449e-01	1.350055238353780052e-01
5.643554687499995337e-01	1.454989052621678269e-01
2.835937499999993672e-01	8.227051483747893634e-02
4.012695312499995337e-01	1.026420551304321055e-01
4.988281249999995115e-01	1.230696987943776521e-01
4.777343749999994893e-01	1.171759218472785136e-01
4.645507812499994893e-01	1.117829911024320888e-01
4.076171874999994782e-01	1.005181965908844566e-01
4.699218749999996003e-01	1.118481902300841047e-01
6.019531249999996447e-01	1.381979733435756419e-01
3.921874999999994671e-01	9.241172661512092601e-02
6.547851562499996669e-01	1.488119621509415014e-01
