9.438476562499998890e-01	5.115450010295296002e-01
7.769531249999998002e-01	3.715075846171806417e-01
1.129003906250000355e+00	5.942814591280997094e-01
4.756835937499995781e-01	1.816414852241718947e-01
4.598632812499995337e-01	1.770568391470873082e-01
8.795898437499998224e-01	3.759623946815972562e-01
3.581054687499993783e-01	1.296476515426134846e-01
7.978515624999997780e-01	3.059616940909462013e-01
3.780273437499994671e-01	1.275130238765657120e-01
4.374999999999995004e-01	1.476262142252081078e-01
5.703124999999996669e-01	1.929389877693196975e-01
5.831054687499995781e-01	1.934715226854913095e-01
5.818359374999995115e-01	1.874641713049343406e-01
4.309570312499995115e-01	1.318076432788012065e-01
3.388671874999993894e-01	1.008775693418597491e-01
3.339843749999994449e-01	9.936716198186545945e-02
4.381835937499994893e-01	1.243186180309213129e-01
3.625976562499994005e-01	1.007919734316199828e-01
5.621093749999995781e-01	1.618184050479587466e-01
4.692382812499995559e-01	1.300575588859716192e-01
6.125976562499996225e-01	1.739366489598801191e-01
3.739257812499994227e-01	9.645881207556222803e-02
4.462890624999995004e-01	1.164599821066446550e-01
5.316406249999995337e-01	1.394334072449245621e-01
4.308593749999994893e-01	1.093501805897308388e-01
4.512695312499995781e-01	1.129859813242195393e-01
6.032226562499997113e-01	1.566698064766143816e-01
3.850585937499995115e-01	9.237029697820722807e-02
4.544921874999994782e-01	1.104931848848304671e-01
6.564453124999996003e-01	1.676481972089595707e-01
4.356445312499995781e-01	1.025131843123159581e-01
5.681640624999997335e-01	1.380636269305686170e-01
5.916015624999997335e-01	1.401626816888849325e-01
5.358398437499996003e-01	1.249364015386233012e-01
5.155273437499995337e-01	1.178915997737592647e-01
