7.095703124999996891e-01	3.858929500476189212e-01
4.061523437499994227e-01	1.806883059479789111e-01
4.229492187499994671e-01	1.803254133634608347e-01
4.902343749999995559e-01	2.030226393790806050e-01
6.213867187499997335e-01	2.648206519706713946e-01
3.959960937499994449e-01	1.541528759543567828e-01
5.629882812499995559e-01	2.159527092596809916e-01
5.147460937499995781e-01	1.948402909753006729e-01
3.287109374999994116e-01	1.222679552184445934e-01
4.926757812499995559e-01	1.650028138869766570e-01
4.999999999999995559e-01	1.710353166570997008e-01
5.504882812499996003e-01	1.846622224039324023e-01
4.854492187499995781e-01	1.576416755323256924e-01
8.895507812499999778e-01	3.053840895361672469e-01
5.939453124999996003e-01	1.876044346603835122e-01
4.846679687499995115e-01	1.483740658188673345e-01
4.338867187499995115e-01	1.359681841515381906e-01
2.449218749999993172e-01	8.764356202625013526e-02
5.523437499999996891e-01	1.565676562587257903e-01
2.592773437499993339e-01	8.406428332578523566e-02
2.535156249999993561e-01	8.398928836591840197e-02
7.470703124999997780e-01	2.125695629211971638e-01
6.734374999999996891e-01	1.871690974494229498e-01
6.119140624999996891e-01	1.664430717699968143e-01
5.504882812499996003e-01	1.483236157172535263e-01
3.242187499999993894e-01	9.110951112417631226e-02
4.333984374999995115e-01	1.129997575542807803e-01
4.844726562499995781e-01	1.267948799083689071e-01
4.042968749999994449e-01	1.045596889000408175e-01
4.712890624999995226e-01	1.184032459731509945e-01
4.283203124999994671e-01	1.064602841440974307e-01
3.552734374999994005e-01	9.261601612335657041e-02
4.231445312499995115e-01	1.023908105609501323e-01
4.364257812499995337e-01	1.038791687847610973e-01
6.961914062499997558e-01	1.642276555783176994e-01
