5.277343749999995337e-01	2.541977657455896100e-01
3.033203124999993561e-01	1.296256125118387670e-01
4.541015624999995004e-01	1.973402324852939205e-01
7.409179687499998224e-01	3.486668755620326854e-01
3.208007812499994449e-01	1.231085620754119869e-01
3.892578124999994116e-01	1.514105603734381411e-01
4.786132812499995781e-01	1.797806865289265088e-01
3.684570312499995115e-01	1.350450651481544528e-01
2.996093749999994005e-01	1.099200021937011135e-01
3.357421874999994560e-01	1.158547342641472050e-01
6.800781249999996447e-01	2.436722473654555077e-01
6.064453124999995559e-01	2.103459162338674748e-01
5.425781249999995781e-01	1.758702549492941192e-01
5.045898437499994893e-01	1.654934516691213275e-01
2.693359374999994005e-01	9.041970994390929883e-02
4.519531249999995115e-01	1.401627213118095960e-01
5.707031249999996447e-01	1.722125735651260092e-01
4.831054687499994893e-01	1.449861248711536710e-01
4.605468749999995781e-01	1.378423481895188762e-01
4.139648437499994227e-01	1.210506696137952087e-01
7.856445312499998890e-01	2.300721024486159227e-01
2.581054687499992895e-01	8.282787348244291525e-02
4.208007812499995337e-01	1.165563328917722796e-01
7.061523437499996891e-01	1.967541827966126922e-01
2.161132812499992895e-01	7.373267317978798863e-02
4.092773437499994671e-01	1.080654585337865875e-01
4.600585937499995781e-01	1.201940277099142473e-01
2.705078124999993894e-01	8.204251077264135272e-02
4.055664062499994005e-01	1.037052678607617712e-01
4.495117187499995115e-01	1.136186531042164272e-01
6.737304687499996447e-01	1.643746531101429875e-01
4.710937499999995337e-01	1.155801818355655930e-01
6.463867187499996447e-01	1.552447542575741690e-01
4.042968749999994449e-01	9.782781432083560713e-02
4.849609374999995781e-01	1.150122576966826210e-01
