3.836914062499994227e-01	1.552211973765800224e-01
6.355468749999997335e-01	2.813829415349858865e-01
6.077148437499996225e-01	2.549867812275472545e-01
7.430664062499997558e-01	3.209153625625918438e-01
2.508789062499993117e-01	9.369146305181590140e-02
4.824218749999995559e-01	1.748943311261098865e-01
6.311523437499996225e-01	2.352607255231737027e-01
4.780273437499995559e-01	1.590443199190951507e-01
5.084960937499994893e-01	1.725294098841572976e-01
7.447265624999999112e-01	2.710170334848332474e-01
5.305664062499996225e-01	1.724015769158626088e-01
5.939453124999996003e-01	1.943635479155654822e-01
6.594726562499996225e-01	2.168707498111739629e-01
1.755859374999992895e-01	6.322104645653964239e-02
4.006835937499995115e-01	1.163520046456271995e-01
6.499023437499996669e-01	2.025879813213727898e-01
3.693359374999994893e-01	1.050997148477890442e-01
6.863281249999997335e-01	2.114796537651147668e-01
5.795898437499995559e-01	1.640753706127518474e-01
7.786132812499997335e-01	2.394041379564336436e-01
5.434570312499996669e-01	1.481476944677262708e-01
4.219726562499994671e-01	1.101786976401594037e-01
5.467773437499995337e-01	1.445519675096005874e-01
5.570312499999996447e-01	1.451193332417143045e-01
4.691406249999995337e-01	1.181105208434695963e-01
4.906249999999995337e-01	1.207016942806902471e-01
7.814453124999998224e-01	2.180524741553365453e-01
5.564453124999995115e-01	1.376844830186307600e-01
6.139648437499996003e-01	1.539192878071997672e-01
5.592773437499994893e-01	1.354586024329302030e-01
4.948242187499996003e-01	1.157676727171055159e-01
4.458007812499995559e-01	1.020069431723340109e-01
3.277343749999993561e-01	7.347918979642052706e-02
7.263671874999997335e-01	1.805299082588760207e-01
4.936523437499995559e-01	1.101933498204583084e-01
