5.055664062499994893e-01	2.151414427186646439e-01
4.013671874999995004e-01	1.595772192741397311e-01
3.391601562499994005e-01	1.313924037718433302e-01
7.407226562499998890e-01	3.141490414602362002e-01
4.870117187499994893e-01	1.861211801351794204e-01
7.765624999999998224e-01	3.107228185761669592e-01
4.457031249999995337e-01	1.624747750040337890e-01
3.675781249999994227e-01	1.321483712347257533e-01
4.208007812499995337e-01	1.403617934407240253e-01
4.549804687499994227e-01	1.509308484934193673e-01
3.100585937499994449e-01	1.068448526050886777e-01
6.612304687499995781e-01	2.168956399617833208e-01
5.472656249999995337e-01	1.710395077086373228e-01
4.071289062499994227e-01	1.251209409857820809e-01
4.824218749999995559e-01	1.445489366739300952e-01
4.383789062499995337e-01	1.285454535760272299e-01
7.111328124999996003e-01	2.115616803381313027e-01
8.126953124999998224e-01	2.447923908520711067e-01
7.160156249999997113e-01	2.034445226483488911e-01
7.313476562499997558e-01	2.046612780007290300e-01
5.109374999999994893e-01	1.387865192361636135e-01
5.462890624999996447e-01	1.471085077100127703e-01
7.543945312499997780e-01	2.058997836805903092e-01
7.535156249999998002e-01	1.982417723628029094e-01
5.053710937499994449e-01	1.356468036789462983e-01
5.164062499999995115e-01	1.314907534056659333e-01
4.133789062499995115e-01	1.105220983245451122e-01
3.124999999999114597e-03	nan
6.427734374999996003e-01	1.588512471503385759e-01
4.430664062499994893e-01	1.131568237134994298e-01
6.077148437499996225e-01	1.474530567413847582e-01
4.915039062499995115e-01	1.199947761125172985e-01
4.374023437499995337e-01	1.078120730473256517e-01
4.812499999999995115e-01	1.130042093724697022e-01
6.780273437499996225e-01	1.534123356550894657e-01
