6.042968749999996225e-01	2.784147924359210990e-01
9.612304687499998446e-01	5.133562794909457550e-01
-1.348632812500010214e-01	6.933148430368220316e-02
1.352343750000001066e+00	8.000672817560061656e-01
5.128906249999994893e-01	2.047210281525525810e-01
4.583007812499995115e-01	1.723651651772609428e-01
4.668945312499995781e-01	1.691690895738060252e-01
6.062499999999996225e-01	2.242578002918348967e-01
3.525390624999993894e-01	1.224864505941977294e-01
9.886718750000000888e-01	4.368791783565504905e-01
7.068359374999997335e-01	2.633054994688276418e-01
5.666992187499996225e-01	1.940566050505452000e-01
7.718749999999998668e-01	2.870107000330689440e-01
5.136718749999995559e-01	1.658804561475706318e-01
4.025390624999994338e-01	1.224898275371548162e-01
6.906249999999998224e-01	2.340129415516278566e-01
6.645507812499996669e-01	2.180616794758736265e-01
4.655273437499994893e-01	1.346270911085734046e-01
7.181640624999998668e-01	2.308153065778482671e-01
5.011718749999996003e-01	1.437994911747894344e-01
6.785156249999996225e-01	2.098763304423875709e-01
4.284179687499994893e-01	1.146293940055178318e-01
4.547851562499994893e-01	1.225918224962350839e-01
3.671874999999994449e-01	9.217184789620459784e-02
8.086914062499998002e-01	2.553911522903107301e-01
5.264648437499995781e-01	1.411963258154838308e-01
6.138671874999996891e-01	1.667900312951745845e-01
8.851562499999998668e-01	2.777221844703736120e-01
5.425781249999995781e-01	1.394491760136885583e-01
7.140624999999997113e-01	1.991339180011027499e-01
7.093749999999996447e-01	1.950937985172538636e-01
4.685546874999995670e-01	1.121579356824213697e-01
4.666015624999995115e-01	1.096730136823932666e-01
4.735351562499995337e-01	1.110879301259798113e-01
4.022460937499994227e-01	9.277372900756135354e-02
