5.302734374999995559e-01	2.343377285942246646e-01
5.052734374999994227e-01	2.105623263794447197e-01
5.565429687499995337e-01	2.289464974016349463e-01
3.343749999999994227e-01	1.240381217261609104e-01
3.058593749999993783e-01	1.211045105403517758e-01
6.934570312499998002e-01	2.712291416048546178e-01
9.272460937499998890e-01	3.834481784641477486e-01
3.884765624999994560e-01	1.383419703095557785e-01
4.371093749999994671e-01	1.508697501632922655e-01
5.041015624999996003e-01	1.699615027827407754e-01
4.862304687499995337e-01	1.581476247524721546e-01
4.450195312499996003e-01	1.434894565384182141e-01
5.021484374999996003e-01	1.537757098907359676e-01
5.092773437499994449e-01	1.554714336876760472e-01
4.870117187499994893e-01	1.439264052596074261e-01
3.787109374999994560e-01	1.145366856919741994e-01
5.085937499999995115e-01	1.446308293607415363e-01
5.353515624999996003e-01	1.526869127140880189e-01
7.466796874999996891e-01	2.166862007484648689e-01
6.136718749999996447e-01	1.683859584460610515e-01
3.475585937499994227e-01	1.026776463010271589e-01
6.166015624999996447e-01	1.647283462146136856e-01
5.417968749999996225e-01	1.408972036172288500e-01
6.765624999999997335e-01	1.776594769475972890e-01
6.488281249999996447e-01	1.643344308817066279e-01
5.937499999999996669e-01	1.490138634691525465e-01
3.703124999999994893e-01	9.697446322836436594e-02
5.165039062499995337e-01	1.288815898070670429e-01
2.983398437499993339e-01	8.355652251929727992e-02
5.531249999999996447e-01	1.326431590879268152e-01
4.906249999999995337e-01	1.159792856256335603e-01
3.192382812499994227e-01	8.362448456399852736e-02
4.407226562499995115e-01	1.029461887544304843e-01
5.727539062499996669e-01	1.310456147878314159e-01
4.852539062499995337e-01	1.101300663854151984e-01
