3.160156249999993561e-01	1.232385589980758145e-01
3.857421874999995004e-01	1.493848168733451776e-01
4.553710937499995115e-01	1.765598737931022011e-01
4.238281249999994449e-01	1.603796974340792603e-01
5.587890624999996003e-01	2.110458824716830994e-01
7.674804687499997558e-01	3.122618567464777728e-01
2.102539062499993172e-01	8.106882200366408164e-02
6.259765624999997780e-01	2.294181110309269911e-01
9.860351562500000444e-01	3.974826803671643316e-01
3.867187499999994449e-01	1.314479206241295217e-01
3.796874999999994005e-01	1.263639720794261789e-01
3.731445312499994671e-01	1.217599007999056321e-01
4.148437499999994560e-01	1.291481208302019124e-01
5.297851562499995559e-01	1.646421027609454024e-01
8.497070312499999112e-01	2.749282273575700541e-01
7.741210937499997113e-01	2.421943430050670365e-01
3.738281249999994005e-01	1.139309466230781775e-01
6.359374999999997113e-01	1.881224732738202288e-01
3.197265624999994227e-01	9.973602470723680335e-02
3.158203124999993672e-01	9.531938417326597801e-02
6.562499999999996669e-01	1.840627136772658434e-01
7.865234374999998668e-01	2.245684205450139692e-01
6.480468749999996891e-01	1.780984306510287885e-01
5.195312499999995559e-01	1.393425916413918719e-01
4.833984374999995559e-01	1.274124495729491713e-01
3.490234374999994227e-01	9.821764655775337693e-02
4.321289062499994449e-01	1.105657255580971277e-01
5.483398437499995559e-01	1.399403829607109295e-01
6.288085937499995337e-01	1.567670714474839189e-01
5.691406249999996225e-01	1.387576866395410780e-01
4.257812499999995004e-01	1.076598554962827914e-01
6.938476562499997780e-01	1.668493658029865379e-01
3.697265624999994671e-01	9.142693599611061150e-02
3.557617187499994005e-01	9.253492011362608738e-02
3.818359374999994449e-01	9.598354652255716712e-02
