6.251953124999996003e-01	3.135899895803933024e-01
5.051757812499995115e-01	2.246030046624682142e-01
9.587890624999999556e-01	5.129095590144200356e-01
5.074218749999995781e-01	2.108399121860929926e-01
4.612304687499995115e-01	1.828302401862599846e-01
9.506835937499998890e-01	4.380284655576663355e-01
3.170898437499993783e-01	1.191545373129872382e-01
5.706054687499996225e-01	2.113736627253868794e-01
6.005859374999995559e-01	2.237977948653029903e-01
5.025390624999996891e-01	1.774957975690271417e-01
5.545898437499995337e-01	1.876920122657573797e-01
5.326171874999996447e-01	1.754501297543041571e-01
5.281249999999995115e-01	1.739168475751612652e-01
3.068359374999993783e-01	9.782115855967518647e-02
5.257812499999996447e-01	1.635313244378011066e-01
7.381835937499997558e-01	2.341366419662305187e-01
5.423828124999996447e-01	1.632971876534864974e-01
5.236328124999996003e-01	1.544617045346909912e-01
7.201171874999998668e-01	2.142910317901535744e-01
5.479492187499995781e-01	1.556479094906533245e-01
4.224609374999995226e-01	1.181532625707759354e-01
6.759765624999998224e-01	1.890708129242886226e-01
7.801757812499997558e-01	2.227914047339054349e-01
4.666992187499995337e-01	1.237549589204704065e-01
4.457031249999995337e-01	1.182699662781948741e-01
3.778320312499994227e-01	9.791621203758424374e-02
4.107421874999995226e-01	1.035237191817648256e-01
3.805664062499993783e-01	9.674521070580795190e-02
3.419921874999994338e-01	8.969112076132861044e-02
3.179687499999994116e-01	8.135242536361823873e-02
6.602539062499995781e-01	1.630685628819033561e-01
4.730468749999995337e-01	1.116263305463923855e-01
4.416015624999994893e-01	1.043673515415323855e-01
5.533203124999996891e-01	1.273339076203957032e-01
5.173828124999995115e-01	1.176135013904585080e-01
