3.635742187499994005e-01	1.535846345764710630e-01
4.965820312499995559e-01	2.043745847050817965e-01
7.655273437499997558e-01	3.437347846809505336e-01
1.060351562499999956e+00	5.071025302932608003e-01
6.118164062499996669e-01	2.344356219245193051e-01
4.282226562499994449e-01	1.583304027522806356e-01
3.651367187499994227e-01	1.274448986506117043e-01
5.293945312499995781e-01	1.867374942000245008e-01
5.548828124999996003e-01	1.865362269392381034e-01
4.531249999999995004e-01	1.486962719647134945e-01
4.916992187499995559e-01	1.568044756638623249e-01
7.468749999999997335e-01	2.521326947252655604e-01
2.781249999999993450e-01	9.232790798824373757e-02
4.894531249999994893e-01	1.483206928439699535e-01
8.282226562499998002e-01	2.695441870867947287e-01
4.605468749999995781e-01	1.325907943625082297e-01
3.692382812499994671e-01	1.068374776778773100e-01
4.137695312499994893e-01	1.160942794824671026e-01
6.825195312499997558e-01	1.960632786465964228e-01
3.810546874999994338e-01	1.053854592999223239e-01
2.704101562499994227e-01	7.927592240453697203e-02
3.149414062499993339e-01	8.606610876486439632e-02
6.271484374999996003e-01	1.677482172562030083e-01
4.891601562499995337e-01	1.243436110971637698e-01
5.061523437499995115e-01	1.265151410897423223e-01
3.398437499999993894e-01	8.602870137090547209e-02
6.138671874999996891e-01	1.513464813275801069e-01
7.133789062499996669e-01	1.841221567051161967e-01
6.319335937499995781e-01	1.537322670330617258e-01
3.835937499999994560e-01	9.057557720311312788e-02
3.630859374999994560e-01	8.643799836112073254e-02
3.973632812499995337e-01	9.204396141325768554e-02
3.341796874999994338e-01	8.007922192460723010e-02
4.419921874999995226e-01	1.004691979283430653e-01
7.681640624999999112e-01	1.821534708081962162e-01
