3.663085937499994671e-01	1.551107451310442253e-01
4.664062499999995226e-01	1.993243606549067737e-01
8.598632812499997780e-01	4.480340791751059037e-01
5.223632812499996447e-01	2.167156966155125153e-01
6.552734374999995559e-01	2.850423036052582848e-01
3.518554687499994005e-01	1.298556918514916503e-01
6.710937499999998224e-01	2.820502084947475452e-01
2.337890624999993117e-01	7.932724714918754083e-02
4.717773437499995781e-01	1.692301206237185884e-01
6.699218749999997780e-01	2.663838006824731930e-01
1.226074218750000444e+00	6.395601096647546280e-01
5.197265624999996003e-01	1.783580395208449743e-01
3.900390624999994227e-01	1.227789939226189841e-01
3.445312499999994560e-01	1.043996250363454642e-01
3.481445312499994449e-01	1.034339482123874526e-01
4.687499999999995559e-01	1.462199415903387423e-01
3.929687499999994782e-01	1.149840091555793670e-01
6.785156249999996225e-01	2.343241035215324897e-01
5.517578124999995559e-01	1.741320759549915831e-01
5.358398437499996003e-01	1.650866566907461530e-01
3.454101562499994893e-01	9.352510896012673769e-02
4.679687499999995448e-01	1.336511499789759805e-01
6.763671874999996891e-01	2.202249912969193313e-01
4.147460937499994893e-01	1.128305681859851084e-01
5.255859374999996003e-01	1.507090082860449709e-01
5.974609374999995115e-01	1.762246598876388570e-01
5.219726562499996669e-01	1.452546395478017671e-01
6.932617187499997558e-01	2.124256213553792072e-01
6.871093749999998002e-01	2.063872557258419616e-01
3.806640624999994005e-01	9.257708170758405242e-02
3.139648437499993339e-01	7.431986769574565332e-02
6.550781249999996225e-01	1.877473476945104858e-01
5.065429687499994893e-01	1.307471434253724141e-01
5.241210937499994893e-01	1.339292515754312018e-01
5.065429687499994893e-01	1.263425969208674116e-01
