6.516601562499997335e-01	2.889129064057246454e-01
4.512695312499995781e-01	1.831966415509436175e-01
6.294921874999996891e-01	2.616966331325230044e-01
5.500976562499996225e-01	2.155306678238237128e-01
3.763671874999994782e-01	1.414311889405564793e-01
3.668945312499994893e-01	1.329358470111087487e-01
2.932617187499994005e-01	1.076770749587102199e-01
3.709960937499994227e-01	1.279169652634364884e-01
3.236328124999993672e-01	1.122920671226212558e-01
5.265624999999996003e-01	1.721013293558964208e-01
4.616210937499994893e-01	1.419044950675290573e-01
4.178710937499995337e-01	1.300215599374791586e-01
5.676757812499996225e-01	1.740597170618550238e-01
7.379882812499998224e-01	2.231821865041575537e-01
8.003906249999998002e-01	2.461385851138807312e-01
3.595703124999994338e-01	1.100958290618397617e-01
5.123046874999994671e-01	1.471644661915354479e-01
3.374023437499994449e-01	1.024001062567091030e-01
6.349609374999996003e-01	1.766961674367033552e-01
4.887695312499995559e-01	1.330834900879415694e-01
5.841796874999996003e-01	1.585234008134882300e-01
4.311523437499994449e-01	1.166082232481292780e-01
2.635742187499993117e-01	8.382530728549042465e-02
5.518554687499995781e-01	1.441321889722309013e-01
3.538085937499994005e-01	9.761772645899824408e-02
5.228515624999996447e-01	1.330283097631844158e-01
5.607421874999996003e-01	1.364573581221638909e-01
3.376953124999994005e-01	9.237051438808022152e-02
3.976562499999994893e-01	1.000820149837828438e-01
5.318359374999994671e-01	1.259685953889697063e-01
5.890624999999997113e-01	1.403964819027402888e-01
5.236328124999996003e-01	1.221807318504997408e-01
4.402343749999995115e-01	1.051882664608796147e-01
5.007812499999995115e-01	1.177813669299934557e-01
4.271484374999994782e-01	9.759334056215068776e-02
