2.426757812499993339e-01	1.017359633605709190e-01
1.101269531249999822e+00	6.142838475303170620e-01
4.830078124999995226e-01	1.975139560530059513e-01
5.963867187499996003e-01	2.448483755451299482e-01
2.288085937499993172e-01	9.052320035969387002e-02
3.311523437499993561e-01	1.170447470109318017e-01
4.997070312499996003e-01	1.792234359769963870e-01
4.408203124999994782e-01	1.517350567693656616e-01
3.946289062499994671e-01	1.292105339047051327e-01
9.257812499999997780e-01	3.655030311955423938e-01
4.962890624999995448e-01	1.632239566923430196e-01
4.541992187499994671e-01	1.359469520791360408e-01
5.276367187499995115e-01	1.668861461184185657e-01
6.908203124999998668e-01	2.235786011512256033e-01
7.509765624999997780e-01	2.418845678336621619e-01
4.630859374999995448e-01	1.337359393362510807e-01
4.799804687499994449e-01	1.374013468978431129e-01
4.879882812499996003e-01	1.395874082931700400e-01
6.915039062499998002e-01	2.017994954528881113e-01
4.866210937499995115e-01	1.339106794182508553e-01
6.713867187499997780e-01	1.898185263602076012e-01
5.153320312499996003e-01	1.365544374747156842e-01
5.204101562499996447e-01	1.346304672398401514e-01
5.813476562499996225e-01	1.517498063324941027e-01
6.898437499999998668e-01	1.804632003922034267e-01
3.875976562499994227e-01	9.945959805019975730e-02
6.234374999999996447e-01	1.580231259119812270e-01
3.612304687499994227e-01	9.083170657648201307e-02
4.675781249999995115e-01	1.117926868232528154e-01
2.511718749999993783e-01	6.954170291965017237e-02
6.119140624999996891e-01	1.451516697214089158e-01
4.348632812499995115e-01	1.008029173417379909e-01
4.580078124999995004e-01	1.059775699358622286e-01
8.721679687499999112e-01	2.163897180417958255e-01
4.444335937499995781e-01	1.007051604876411377e-01
