3.242187499999993894e-01	1.389251383625876024e-01
7.884765624999998668e-01	4.588480819279102674e-01
4.813476562499995337e-01	2.160281741959375057e-01
7.938476562499998668e-01	4.284095117089232740e-01
3.924804687499994227e-01	1.533830575097710203e-01
4.445312499999995448e-01	1.788608145669701444e-01
8.761718749999999334e-01	4.556120576775517517e-01
3.371093749999993783e-01	1.186970772208698621e-01
5.290039062499994893e-01	2.071945250222822221e-01
5.274414062499995781e-01	2.008380786284581221e-01
4.826171874999995448e-01	1.748645525779120857e-01
1.089941406250000355e+00	5.618945355842436262e-01
8.454101562499999334e-01	3.672567026873872487e-01
4.816406249999994893e-01	1.623610005613479457e-01
7.347656249999997558e-01	2.847569267295275708e-01
3.454101562499994893e-01	1.034008219803321110e-01
4.049804687499993783e-01	1.221543658476846039e-01
5.648437499999996447e-01	1.866547141684342104e-01
3.981445312499994893e-01	1.168371479965770593e-01
3.391601562499994005e-01	9.364697953347274340e-02
6.256835937499997113e-01	2.059680624431253215e-01
4.425781249999994893e-01	1.289455258883268896e-01
2.732421874999993450e-01	7.062702300974282865e-02
2.898437499999993450e-01	7.461497840553804606e-02
4.163085937499995115e-01	1.123671425548884023e-01
3.404296874999994116e-01	8.793294016835935534e-02
4.291992187499994449e-01	1.154742296560783560e-01
4.385742187499994671e-01	1.164013690999778083e-01
5.350585937499995337e-01	1.519428121403393894e-01
4.506835937499995559e-01	1.199079918564756875e-01
6.233398437499996225e-01	1.854981602665319307e-01
5.886718749999997335e-01	1.673924765660978475e-01
5.853515624999996447e-01	1.650239604153733719e-01
4.546874999999994671e-01	1.139590880727480993e-01
3.998046874999994782e-01	9.582382164195304974e-02
