2.692382812499993783e-01	1.163864475008297150e-01
4.649414062499994671e-01	2.110071498981385962e-01
6.332031249999996447e-01	3.048516054526573815e-01
6.608398437499996003e-01	3.014834700720635530e-01
4.728515624999995448e-01	1.937613139810454299e-01
3.206054687499994005e-01	1.191402436020436301e-01
5.150390624999996447e-01	2.002758772987715818e-01
3.909179687499994005e-01	1.411408003634486152e-01
5.692382812499996447e-01	2.133361675867577190e-01
4.610351562499995781e-01	1.597199546245450519e-01
5.505859374999995115e-01	1.923529545192612655e-01
2.700195312499994449e-01	9.054454414046177180e-02
4.020507812499994893e-01	1.269535097617170150e-01
6.604492187499996225e-01	2.197482976024913714e-01
3.719726562499994227e-01	1.136839833802603533e-01
3.828124999999994449e-01	1.125004402414476606e-01
5.546874999999995559e-01	1.672239650525401411e-01
4.381835937499994893e-01	1.252922611869944913e-01
4.990234374999995559e-01	1.404349635836903976e-01
3.769531249999994449e-01	1.074690148458672112e-01
4.303710937499994893e-01	1.175117255073162142e-01
4.510742187499995337e-01	1.218118204502717794e-01
7.390624999999998446e-01	2.142653169725061979e-01
5.507812499999995559e-01	1.467483242537389321e-01
6.510742187499997113e-01	1.781403544229297753e-01
4.283203124999994671e-01	1.107198870621273062e-01
4.934570312499996225e-01	1.259878239945348699e-01
3.187499999999994227e-01	8.165471566838232442e-02
6.822265624999996891e-01	1.775845595816113176e-01
3.628906249999994671e-01	8.676710588797928447e-02
6.122070312499996447e-01	1.507323695605268243e-01
5.834960937499996669e-01	1.422352185077785103e-01
6.980468749999997335e-01	1.714068882241592262e-01
4.356445312499995781e-01	1.014611557523242835e-01
3.953124999999995115e-01	9.050918765490252593e-02
