4.676757812499995337e-01	1.937236110039450010e-01
4.174804687499994449e-01	1.668630155562821626e-01
2.960937499999993783e-01	1.129326444334673302e-01
5.896484374999997335e-01	2.333760191959344255e-01
2.976562499999994005e-01	1.055561252677277850e-01
5.899414062499998002e-01	2.223712896067160938e-01
7.837890624999999112e-01	3.131268489973991764e-01
4.903320312499995781e-01	1.676944082294570260e-01
5.015624999999995781e-01	1.678166648373733694e-01
5.496093749999996225e-01	1.841454227772511554e-01
5.812499999999996003e-01	1.900024672554038729e-01
1.210253906250000622e+00	5.197473028177526100e-01
4.868164062499995559e-01	1.497920275251333755e-01
5.719726562499997113e-01	1.768276707657648328e-01
4.027343749999994227e-01	1.161364372107457077e-01
4.675781249999995115e-01	1.329178222431106060e-01
4.654296874999995226e-01	1.318493100197303258e-01
4.338867187499995115e-01	1.190538943462013388e-01
4.905273437499995115e-01	1.317477636976354116e-01
3.792968749999994227e-01	1.007402906129202941e-01
6.511718749999997335e-01	1.858294136683289743e-01
4.481445312499995337e-01	1.159345187385071863e-01
5.980468749999996447e-01	1.617679521908425844e-01
5.756835937499996669e-01	1.501703339966399819e-01
4.353515624999995115e-01	1.071877454126858864e-01
4.196289062499994893e-01	1.030947047146856255e-01
6.447265624999998224e-01	1.681043507552921479e-01
4.377929687499995115e-01	1.043958574061709110e-01
4.249999999999994893e-01	1.001680198849528858e-01
4.166015624999994671e-01	9.575439804271698718e-02
6.416015624999997780e-01	1.583638218796285524e-01
6.573242187499996891e-01	1.615848187016472592e-01
4.203124999999995337e-01	9.409087973927512949e-02
6.451171874999996891e-01	1.555442765309132669e-01
4.837890624999995337e-01	1.078816077276034957e-01
