4.205078124999995226e-01	1.775152872033417539e-01
-1.495117187500010214e-01	7.577717431395700198e-02
5.111328124999994227e-01	2.097791736824998754e-01
4.330078124999994782e-01	1.584427786552849160e-01
3.352539062499994005e-01	1.245734573695165270e-01
6.476562499999996003e-01	2.501206320919363568e-01
6.142578124999995559e-01	2.283336360252566366e-01
2.611328124999993672e-01	9.181815024309497586e-02
4.162109374999994893e-01	1.391996879253766806e-01
6.629882812499996447e-01	2.320291362704724747e-01
6.194335937499996225e-01	2.092346988571801292e-01
3.823242187499994449e-01	1.216816444499526917e-01
3.036132812499994227e-01	9.488603540927498248e-02
6.841796874999996891e-01	2.196742581126590044e-01
3.743164062499994005e-01	1.125471941240376167e-01
3.767578124999994560e-01	1.105198678514078409e-01
7.034179687499997335e-01	2.123851040176976679e-01
4.269531249999994893e-01	1.208570878313349611e-01
4.044921874999994338e-01	1.108207029940952992e-01
5.395507812499996669e-01	1.492937738222937516e-01
3.112304687499993783e-01	8.663500876798752026e-02
4.706054687499995337e-01	1.248363782431107794e-01
3.388671874999993894e-01	8.883128466799604384e-02
5.169921874999996447e-01	1.340028697416801862e-01
4.818359374999995337e-01	1.224367761286835748e-01
4.308593749999994893e-01	1.077133909847503845e-01
4.292968749999994671e-01	1.035023882768530135e-01
3.132812499999994005e-01	7.855801725946132130e-02
7.007812499999996891e-01	1.773325542694432766e-01
4.608398437499995337e-01	1.091343983607347967e-01
6.418945312499997335e-01	1.545887858017472027e-01
5.509765624999996003e-01	1.290533909093146414e-01
4.850585937499996003e-01	1.104655847426944809e-01
5.682617187499996447e-01	1.294882216517612983e-01
4.937499999999995781e-01	1.089297182330137004e-01
