1.138085937500000089e+00	6.593897216907678160e-01
5.912109374999996447e-01	2.583041403338073860e-01
4.759765624999995337e-01	1.939325658884449577e-01
5.780273437499995337e-01	2.319568084248666839e-01
2.921874999999993783e-01	1.176201847596296118e-01
4.605468749999995781e-01	1.730511770208497113e-01
-1.455078125000009992e-01	7.473211600386624187e-02
3.316406249999993561e-01	1.195511721305689695e-01
6.354492187499997113e-01	2.258121559058354211e-01
5.766601562499996669e-01	1.953418820597129513e-01
7.673828124999997335e-01	2.689043957866234513e-01
6.869140624999998668e-01	2.333177675684079133e-01
2.984374999999993561e-01	1.013764186131008299e-01
4.145507812499994449e-01	1.298799063270603682e-01
3.890624999999994227e-01	1.175949356166290233e-01
5.505859374999995115e-01	1.640413437020570020e-01
3.561523437499993783e-01	1.071176362114026753e-01
4.302734374999994671e-01	1.224054868606057195e-01
2.899414062499993117e-01	9.078608499706282420e-02
6.316406249999996225e-01	1.812832023044838037e-01
3.752929687499994005e-01	1.048818998042562733e-01
4.802734374999995115e-01	1.293041763702137137e-01
2.947265624999994005e-01	8.376359562192382813e-02
4.210937499999994893e-01	1.090823177458667415e-01
6.595703124999996447e-01	1.732481507931387665e-01
3.564453124999993894e-01	9.265308255741790122e-02
4.829101562499995559e-01	1.219555782891038470e-01
7.194335937499997113e-01	1.832788247886462107e-01
2.744140624999993339e-01	7.355441414671463896e-02
6.090820312499996003e-01	1.492387727324102076e-01
7.341796874999997335e-01	1.796674717042862079e-01
3.254882812499994005e-01	8.110684824378297519e-02
4.518554687499994893e-01	1.042877187253558879e-01
5.354492187499996225e-01	1.243100843589680649e-01
3.110351562499994449e-01	7.724961013128268938e-02
