4.148437499999994560e-01	1.755916708477470722e-01
3.410156249999993783e-01	1.360538453131307779e-01
2.765624999999993783e-01	1.102753244249391612e-01
5.772460937499995781e-01	2.333965620059784973e-01
5.892578124999996447e-01	2.306961968144395358e-01
7.394531249999998224e-01	3.004113078491565392e-01
6.180664062499997558e-01	2.310000935642597397e-01
3.924804687499994227e-01	1.384288992443358790e-01
4.561523437499994671e-01	1.495474138819635757e-01
2.535156249999993561e-01	9.116517376547730866e-02
5.698242187499996669e-01	1.857372648229154988e-01
6.534179687499996891e-01	2.193617482593075985e-01
7.012695312499998002e-01	2.293254732088693126e-01
4.519531249999995115e-01	1.385771331514178972e-01
5.270507812499996003e-01	1.596277352476394296e-01
4.261718749999995337e-01	1.261906585333788799e-01
3.194335937499994671e-01	9.533307203034195598e-02
8.710937500000000000e-01	2.775054852583228593e-01
7.171874999999997558e-01	2.119697328277838910e-01
3.973632812499995337e-01	1.120282059331631219e-01
7.659179687499997335e-01	2.224454861456348354e-01
6.761718749999997558e-01	1.854594175423916746e-01
4.762695312499996003e-01	1.226260351277249222e-01
5.636718749999996003e-01	1.471449191232976905e-01
2.749023437499993339e-01	7.828122337148614440e-02
6.136718749999996447e-01	1.566266467986517086e-01
3.106445312499994671e-01	8.307683072546519221e-02
5.969726562499996225e-01	1.486204155210446298e-01
5.383789062499996225e-01	1.279165788374637680e-01
3.589843749999994671e-01	8.735675638379568342e-02
4.581054687499994671e-01	1.080487246046109018e-01
7.241210937499996669e-01	1.750061447223765776e-01
5.524414062499997113e-01	1.275082455813489613e-01
5.369140624999997335e-01	1.227269413268579773e-01
5.250976562499996003e-01	1.177892395936808584e-01
