4.460937499999995115e-01	1.846715199788422357e-01
4.201171874999995448e-01	1.664494602469471229e-01
5.416015624999996891e-01	2.191999790538036452e-01
6.072265624999997335e-01	2.449030891657059117e-01
2.709960937499993339e-01	9.625884429268521947e-02
3.967773437499995115e-01	1.378417405111435068e-01
6.188476562499997113e-01	2.322866237268796374e-01
2.804687499999993228e-01	9.396573176324456156e-02
9.056640624999998668e-01	3.762007482335366637e-01
5.069335937499995781e-01	1.661601311987176421e-01
4.698242187499995781e-01	1.489719426919043077e-01
5.542968749999995781e-01	1.788595152283050937e-01
4.919921874999995670e-01	1.502198628178361695e-01
5.398437499999997335e-01	1.651778719002092444e-01
4.942382812499995781e-01	1.462112926914106992e-01
5.949218749999997113e-01	1.806443374058974427e-01
6.151367187499996447e-01	1.845876404324106601e-01
6.973632812499996891e-01	2.134568021843329388e-01
5.124999999999995115e-01	1.401271886064439920e-01
7.037109374999996891e-01	2.102065026922757818e-01
5.919921874999996003e-01	1.636214853144303261e-01
3.532226562499993783e-01	8.986613160618703300e-02
3.993164062499994227e-01	1.001542307173920732e-01
6.064453124999995559e-01	1.617739613738041760e-01
3.332031249999993783e-01	8.163912150831852121e-02
5.688476562499996669e-01	1.461765635206173364e-01
3.001953124999993672e-01	7.301690586265913163e-02
3.575195312499994671e-01	8.400019321089283175e-02
5.618164062499996225e-01	1.383355658033065261e-01
5.100585937499994005e-01	1.207891252319931719e-01
4.336914062499994671e-01	9.997223520664333396e-02
5.374023437499996225e-01	1.272278289938895135e-01
4.471679687499995337e-01	1.003665285969930349e-01
3.960937499999994671e-01	8.799006149234124552e-02
5.801757812499995781e-01	1.354007013366786416e-01
