1.618847656250001599e+00	1.186351416076908416e+00
4.011718749999995115e-01	1.663018336694087607e-01
1.740234374999992673e-01	7.634937788730247754e-02
3.918945312499995115e-01	1.528152310902111122e-01
7.879882812499998668e-01	3.557323429525912628e-01
4.822265624999995115e-01	1.844804764534676567e-01
7.134765624999996891e-01	2.883590326402279969e-01
7.183593749999998002e-01	2.826973228486819867e-01
5.905273437499997113e-01	2.183272156263301733e-01
6.423828124999997335e-01	2.318999276230959972e-01
6.363281249999996891e-01	2.239297225350998233e-01
4.370117187499994449e-01	1.459882518121032313e-01
8.273437499999998224e-01	2.793180609953154203e-01
5.158203124999996003e-01	1.639581065273073845e-01
4.169921874999995004e-01	1.331714691113877747e-01
3.711914062499994671e-01	1.161704869160597314e-01
5.374999999999996447e-01	1.585307698279834476e-01
4.710937499999995337e-01	1.379177889401302093e-01
6.092773437499995337e-01	1.790994540939422897e-01
4.511718749999995559e-01	1.296340414463145463e-01
3.978515624999994782e-01	1.167091930629042540e-01
4.178710937499995337e-01	1.165287310584877944e-01
5.836914062499997113e-01	1.589958518306374136e-01
5.299804687499994893e-01	1.403237761306569964e-01
6.591796874999995559e-01	1.753564033152678336e-01
5.501953124999996447e-01	1.418379964600383902e-01
3.700195312499995337e-01	9.758745663277637594e-02
2.461914062499993283e-01	7.646772570987578344e-02
5.452148437499996225e-01	1.342324392966689206e-01
6.067382812499996225e-01	1.466750437951689634e-01
3.588867187499994449e-01	9.136526997551533413e-02
8.639648437499998224e-01	2.190730233257632831e-01
3.882812499999994671e-01	9.518075371567527587e-02
6.796874999999996669e-01	1.586493111535564882e-01
5.639648437499995559e-01	1.288048072423764456e-01
