3.108398437499994005e-01	1.272605472606928301e-01
1.280957031250000711e+00	9.076503545971096321e-01
5.043945312499995559e-01	2.195434416314917814e-01
7.137695312499997558e-01	3.391722226808724927e-01
1.047167968750000178e+00	5.595118004136626633e-01
5.595703124999995559e-01	2.178543446623470992e-01
2.799804687499992673e-01	9.773232633120942925e-02
5.009765624999995559e-01	1.870031469328260476e-01
3.911132812499994449e-01	1.353312252403217342e-01
6.261718749999997113e-01	2.354823560145946904e-01
4.638671874999995004e-01	1.576247319886618925e-01
4.057617187499994449e-01	1.317529626931101538e-01
3.559570312499994449e-01	1.112079430340018604e-01
2.841796874999993894e-01	8.458201731479893237e-02
3.592773437499994227e-01	1.072897893808226200e-01
2.622070312499993339e-01	7.753322066552585656e-02
5.480468749999996003e-01	1.725404200088515860e-01
3.511718749999994671e-01	9.990163335090360142e-02
4.026367187499994005e-01	1.147482524417069993e-01
4.082031249999994449e-01	1.139682338098216841e-01
4.769531249999995337e-01	1.364214988527175931e-01
5.308593749999995781e-01	1.528971338494716226e-01
5.928710937499995781e-01	1.732120717951116939e-01
5.747070312499996669e-01	1.622980207164342881e-01
5.605468749999995559e-01	1.557974455022360372e-01
6.512695312499997558e-01	1.858530392078924787e-01
4.780273437499995559e-01	1.233191697354475841e-01
6.569335937499997113e-01	1.801815228959960657e-01
3.156249999999993783e-01	7.541751304059154948e-02
4.956054687499995559e-01	1.242334922702677813e-01
4.445312499999995448e-01	1.070450119753637297e-01
7.278320312499997335e-01	2.011136979664759350e-01
4.654296874999995226e-01	1.103472778368620455e-01
4.514648437499995115e-01	1.064036615191218532e-01
3.790039062499994671e-01	8.552372834794731704e-02
