6.637695312499997113e-01	3.188342416562993664e-01
1.732421874999992562e-01	7.606986092787521025e-02
6.025390624999997780e-01	2.639420816420433580e-01
7.316406249999997113e-01	3.289071405720853103e-01
3.863281249999994671e-01	1.446199029005189596e-01
6.702148437499997335e-01	2.718090899332379351e-01
6.202148437499996891e-01	2.332722769394428852e-01
6.480468749999996891e-01	2.427775650318870215e-01
4.836914062499995115e-01	1.720444218082155807e-01
5.291992187499995337e-01	1.873468253166257202e-01
4.014648437499994671e-01	1.375962752067730055e-01
4.502929687499994671e-01	1.479379192806384857e-01
6.823242187499997113e-01	2.277433734983352887e-01
7.409179687499998224e-01	2.365265178507803823e-01
4.298828124999994338e-01	1.322175387683892644e-01
7.624999999999997335e-01	2.349060312259649563e-01
4.583007812499995115e-01	1.371963725561297642e-01
6.698242187499997558e-01	1.999661868062145575e-01
2.677734374999993783e-01	8.677614591933846544e-02
5.588867187499995115e-01	1.616017544859116306e-01
5.108398437499994671e-01	1.444406855798363587e-01
4.219726562499994671e-01	1.182361398762171029e-01
6.860351562499997780e-01	1.842115022849926120e-01
4.076171874999994782e-01	1.093390875895333819e-01
6.904296874999997780e-01	1.826939989411529852e-01
3.819335937499994671e-01	1.030836148039512706e-01
6.755859374999997335e-01	1.732621041605582335e-01
5.482421874999996447e-01	1.363768627965706859e-01
5.176757812499995781e-01	1.264646064139573478e-01
4.430664062499994893e-01	1.121018993816305515e-01
3.280273437499994227e-01	8.772495621109077657e-02
6.284179687499995559e-01	1.505617411758271573e-01
5.053710937499994449e-01	1.225567811042274080e-01
2.823242187499993561e-01	7.930031213806690293e-02
2.735351562499993561e-01	7.503036614789604375e-02
