1.400878906250000888e+00	9.270105959758938585e-01
5.278320312499995559e-01	2.333779538380032770e-01
4.731445312499995559e-01	2.000872033245111037e-01
3.895507812499994227e-01	1.537122900217673949e-01
5.181640624999996891e-01	2.046583192870000956e-01
5.427734374999995115e-01	2.056268449433517054e-01
4.886718749999995337e-01	1.781811065264996274e-01
7.238281249999997113e-01	2.762879073152611498e-01
4.723632812499996003e-01	1.593704943501856874e-01
5.720703124999997335e-01	1.928137655015856600e-01
3.348632812499994227e-01	1.155270923136565708e-01
3.443359374999994671e-01	1.118766161397171804e-01
7.980468749999998224e-01	2.771066053744985491e-01
4.531249999999995004e-01	1.377510917930253875e-01
2.629882812499994005e-01	8.439003442011923373e-02
4.642578124999994782e-01	1.378518013340015169e-01
4.192382812499995115e-01	1.223511126737268917e-01
4.850585937499996003e-01	1.389339335787018737e-01
1.703124999999992562e-01	6.639106629706059692e-02
3.802734374999994227e-01	1.052387161395904186e-01
3.982421874999994560e-01	1.059203028473763991e-01
6.968749999999996891e-01	1.999231735489816753e-01
4.723632812499996003e-01	1.243969673040905694e-01
3.867187499999994449e-01	1.011135505196295581e-01
6.593749999999996003e-01	1.776221351182352970e-01
3.530273437499994449e-01	9.081484058256895919e-02
4.952148437499995781e-01	1.244137143945541479e-01
6.960937499999997335e-01	1.826245579609227510e-01
4.196289062499994893e-01	1.032243511403390379e-01
7.469726562499997558e-01	1.914645148593647483e-01
6.409179687499997335e-01	1.572567570642235957e-01
4.281249999999994782e-01	1.009881807881203297e-01
5.458984374999995559e-01	1.269009651163835461e-01
4.840820312499996003e-01	1.092195807063316565e-01
5.027343749999996225e-01	1.141069919780431791e-01
