4.421874999999995115e-01	1.929044964567645515e-01
4.016601562499995115e-01	1.617529784269237658e-01
7.945312499999999112e-01	3.824646632305436778e-01
3.670898437499994227e-01	1.419001789555406623e-01
5.601562499999994671e-01	2.226677879895456180e-01
5.793945312499996225e-01	2.243878580449511217e-01
3.629882812499994893e-01	1.326676170324571080e-01
8.242187499999997780e-01	3.343289768832081732e-01
8.086914062499998002e-01	3.160140816304233269e-01
5.023437499999996447e-01	1.680550712039279859e-01
6.660156249999996669e-01	2.321332391658385286e-01
7.344726562499998002e-01	2.514946213213652970e-01
4.667968749999995559e-01	1.475960839780728340e-01
4.036132812499995115e-01	1.236933807720427686e-01
5.363281249999996003e-01	1.645487670846514094e-01
6.062499999999996225e-01	1.816623941185060154e-01
4.452148437499995337e-01	1.277668968469490018e-01
4.559570312499995337e-01	1.289734463575126777e-01
7.380859374999997335e-01	2.215260170485684743e-01
4.953124999999996003e-01	1.342595534951297742e-01
5.231445312499996003e-01	1.396877372398288852e-01
3.771484374999994338e-01	1.001324417968648128e-01
5.395507812499996669e-01	1.445344445243459397e-01
5.366210937499996669e-01	1.391827418518150894e-01
4.239257812499994671e-01	1.077733402264044182e-01
9.364257812499998668e-01	2.708758717078446621e-01
7.551757812499997335e-01	2.004451101279405012e-01
3.172851562499994227e-01	8.206018074535796625e-02
4.198242187499995337e-01	1.019123352012215877e-01
7.995117187499998224e-01	2.088699031551782270e-01
5.207031249999996003e-01	1.245026203008705312e-01
4.508789062499994893e-01	1.052680703393678724e-01
4.874023437499995781e-01	1.102961767701258894e-01
4.104492187499995115e-01	9.380705555542774576e-02
4.778320312499995115e-01	1.060909377214909050e-01
