4.998046874999995670e-01	2.124359048972328801e-01
3.394531249999993561e-01	1.337671698012325161e-01
4.173828124999994782e-01	1.619136604352114372e-01
4.041015624999994560e-01	1.513834892136106669e-01
2.720703124999993561e-01	9.885591924669603903e-02
7.631835937499996669e-01	3.136368203353350204e-01
6.191406249999996669e-01	2.325405957544132152e-01
2.802734374999993339e-01	9.856589988135136537e-02
6.104492187499995781e-01	2.168847156485465832e-01
6.644531249999996447e-01	2.321234350858731310e-01
5.929687499999996003e-01	1.983261781328637674e-01
2.484374999999993394e-01	8.434458592691004841e-02
3.622070312499994227e-01	1.126344696746308938e-01
8.237304687499997780e-01	2.796746060823468438e-01
4.199218749999995559e-01	1.246479600982757785e-01
5.175781249999995559e-01	1.524407027507871104e-01
5.123046874999994671e-01	1.496120786197135955e-01
5.644531249999995559e-01	1.632985481683983942e-01
2.854492187499994005e-01	8.442291233501394987e-02
4.313476562499994893e-01	1.172503722390779157e-01
4.205078124999995226e-01	1.132641001332673897e-01
5.086914062499995337e-01	1.342849440220019175e-01
4.401367187499994893e-01	1.140134661239417813e-01
5.210937499999996891e-01	1.338416096028179902e-01
6.089843749999995781e-01	1.525358367802615855e-01
6.187499999999996891e-01	1.585431020452262862e-01
4.503906249999994893e-01	1.116203236368394636e-01
5.170898437499995559e-01	1.252073836126029183e-01
3.883789062499994893e-01	9.504797614282260720e-02
4.712890624999995226e-01	1.100395192965450547e-01
4.508789062499994893e-01	1.052180243772413842e-01
5.625976562499995781e-01	1.316333000610234172e-01
3.538085937499994005e-01	8.366341084475488465e-02
7.339843749999998002e-01	1.743727851269656071e-01
6.121093749999996225e-01	1.364342400405606226e-01
