7.833007812499998002e-01	4.550234044080365692e-01
4.975585937499995559e-01	2.278565039315215424e-01
6.666992187499997113e-01	3.246289178036860235e-01
3.267578124999994116e-01	1.311821750473771975e-01
8.400390625000000444e-01	4.202595168457460839e-01
5.771484374999995559e-01	2.374078816959355465e-01
5.381835937499995781e-01	2.121536189478404333e-01
6.458984374999996447e-01	2.620401450692961265e-01
4.969726562499995337e-01	1.822268341998880270e-01
4.110351562499995337e-01	1.402889938346520426e-01
5.042968749999995337e-01	1.725262233376217702e-01
4.321289062499994449e-01	1.400954807923360801e-01
5.858398437499996447e-01	2.029778176385750310e-01
4.781249999999995226e-01	1.512763328869347057e-01
2.300781249999993283e-01	6.836166023214751419e-02
6.047851562499996225e-01	2.005702426287526707e-01
5.235351562499995781e-01	1.615286494824384189e-01
7.142578124999996447e-01	2.409568665485344874e-01
6.515624999999997113e-01	2.095184253405934505e-01
3.104492187499994227e-01	8.396569543032354754e-02
6.742187499999996447e-01	2.122977397974760427e-01
4.003906249999994449e-01	1.085371951688277048e-01
3.610351562499994893e-01	9.416112000732047849e-02
6.104492187499995781e-01	1.795410153212811388e-01
5.599609374999994227e-01	1.543887040011624190e-01
6.791015624999996447e-01	1.998677888993833918e-01
5.476562499999995115e-01	1.462620083853788111e-01
3.704101562499995115e-01	9.158104687756846163e-02
6.287109374999995115e-01	1.703205320307291659e-01
2.986328124999993450e-01	7.175049538226374590e-02
4.315429687499994227e-01	1.049151050260869050e-01
6.444335937499997558e-01	1.712915780643465835e-01
6.019531249999996447e-01	1.550188690544846704e-01
5.664062499999995559e-01	1.410717410485879675e-01
5.540039062499996225e-01	1.350786541134658125e-01
