6.586914062499996669e-01	2.929464418980735618e-01
6.685546874999996891e-01	2.822290124228538089e-01
2.559570312499993561e-01	1.033796767864310351e-01
5.530273437499996225e-01	2.116066765641863856e-01
2.618164062499993561e-01	9.687408293896213052e-02
7.212890624999999112e-01	2.858343387691646420e-01
3.298828124999993450e-01	1.116649341209264429e-01
3.337890624999994005e-01	1.097088641964656386e-01
4.511718749999995559e-01	1.483001033247686451e-01
6.709960937499998002e-01	2.366439603700692396e-01
4.353515624999995115e-01	1.354514541447685017e-01
5.519531249999996003e-01	1.763481425235301492e-01
3.177734374999994227e-01	9.512479284368471899e-02
4.583007812499995115e-01	1.354340516992114662e-01
7.159179687499996891e-01	2.346941453488421425e-01
5.845703124999996891e-01	1.743615755267916567e-01
4.090820312499995337e-01	1.140456653884093785e-01
5.107421874999995559e-01	1.442636744475175037e-01
4.243164062499994449e-01	1.148808030030632477e-01
5.238281249999995337e-01	1.454497457162169938e-01
3.597656249999994227e-01	9.210304061980753576e-02
4.635742187499994893e-01	1.210065222195162299e-01
7.714843749999998890e-01	2.285065157554156678e-01
3.508789062499994005e-01	8.703704606750217732e-02
3.122070312499993783e-01	7.655210756763594637e-02
3.183593749999994449e-01	7.647607546317698735e-02
4.714843749999995115e-01	1.157014436337696212e-01
6.707031249999997335e-01	1.792061136153079992e-01
8.612304687499997558e-01	2.497758938933686279e-01
6.649414062499997558e-01	1.731198461312745129e-01
4.876953124999995337e-01	1.156854375236011367e-01
5.695312499999996003e-01	1.389355162940288657e-01
3.755859374999994671e-01	8.452006548124502139e-02
4.387695312499995115e-01	9.776002041074038917e-02
5.505859374999995115e-01	1.266164140080493494e-01
