3.369140624999993894e-01	1.002762757044198122e-01
7.657226562499998002e-01	2.187924563440089010e-01
4.328124999999994893e-01	1.052518862789549731e-01
7.159179687499996891e-01	1.859491224161877176e-01
4.801757812499994893e-01	1.077658236000443859e-01
4.634765624999995226e-01	9.359085608142941881e-02
6.041015624999996891e-01	1.335749663952220112e-01
3.408203124999993894e-01	7.288912513605967647e-02
4.923828124999995448e-01	9.883174938162644918e-02
4.342773437499994893e-01	8.340888684218276949e-02
3.720703124999994449e-01	7.192110626522850436e-02
4.728515624999995448e-01	8.976406014670250400e-02
5.160156249999995337e-01	9.541369402389639209e-02
6.606445312499996669e-01	1.423738105061885806e-01
4.161132812499994671e-01	7.287248237543741958e-02
6.463867187499996447e-01	1.301045679727126647e-01
6.576171874999996447e-01	1.320312379295912053e-01
5.337890624999996891e-01	9.310488024724317135e-02
4.980468749999995559e-01	8.359219541440958412e-02
5.752929687499995781e-01	9.991425159510169962e-02
5.086914062499995337e-01	8.297155117727894602e-02
4.789062499999995337e-01	7.004651513217902137e-02
4.617187499999995115e-01	7.022433524225765722e-02
4.289062499999994893e-01	6.283607150131756414e-02
5.677734374999996447e-01	9.273902651288935817e-02
4.767578124999995448e-01	7.032152896610688320e-02
5.173828124999995115e-01	7.613401083641885281e-02
4.243164062499994449e-01	5.843701068652731173e-02
7.647460937499998002e-01	1.565151605641087185e-01
4.609374999999995559e-01	6.384077601833515470e-02
4.944335937499996225e-01	7.018242930664268797e-02
4.839843749999995781e-01	6.679180830813129244e-02
5.568359374999996003e-01	8.355408215393360372e-02
5.255859374999996003e-01	7.460629452627369484e-02
4.016601562499995115e-01	5.058030615989370093e-02
