4.791992187499994893e-01	2.076920490071397507e-01
4.493164062499994671e-01	1.855076540266870078e-01
5.437499999999996225e-01	2.251272193927556509e-01
3.068359374999993783e-01	1.130623309557115541e-01
2.846679687499993339e-01	1.026245918798931317e-01
2.423828124999993228e-01	8.449877294254876103e-02
3.342773437499994005e-01	1.145567848451563009e-01
6.565429687499996225e-01	2.623114996819829736e-01
3.196289062499994005e-01	1.062305848605280684e-01
5.643554687499995337e-01	2.024388060766487973e-01
4.855468749999996003e-01	1.639390567849793312e-01
5.091796874999994227e-01	1.700163787789449599e-01
4.973632812499996225e-01	1.614357279260986155e-01
4.985351562499995559e-01	1.565634674674641902e-01
5.776367187499995559e-01	1.873002406175816592e-01
4.546874999999994671e-01	1.348551886332690630e-01
7.844726562499998446e-01	2.751842708355792255e-01
8.268554687499998224e-01	2.901373228679970384e-01
4.373046874999995115e-01	1.223283686508587070e-01
5.219726562499996669e-01	1.487504285438255580e-01
3.396484374999994005e-01	8.995161666722074900e-02
5.206054687499995781e-01	1.459373965734178935e-01
4.164062499999994782e-01	1.087798393634731020e-01
5.754882812499996225e-01	1.616471140039070775e-01
6.869140624999998668e-01	2.011577469055894074e-01
4.012695312499995337e-01	1.008940950410751880e-01
4.138671874999994560e-01	1.014001878124975581e-01
2.956054687499993783e-01	6.998937845978710215e-02
5.305664062499996225e-01	1.365481213654484438e-01
7.389648437499998224e-01	2.089441395808889212e-01
6.055664062499995781e-01	1.581976703512888438e-01
3.695312499999994782e-01	8.450535715924781255e-02
3.600585937499994893e-01	8.102476749383896726e-02
6.305664062499997113e-01	1.607521667139258648e-01
5.033203124999996447e-01	1.183042548797387794e-01
