3.836914062499994227e-01	1.552211973765800224e-01
6.162109374999995559e-01	2.700136254097606492e-01
5.702148437499996447e-01	2.317126639769685470e-01
3.693359374999994893e-01	1.419462152398034693e-01
6.888671874999998668e-01	2.735834072140987394e-01
3.085937499999993894e-01	1.122328749793412572e-01
6.953124999999997780e-01	2.545518686542557196e-01
4.629882812499995781e-01	1.638723983917498295e-01
3.223632812499994671e-01	1.150105092234046666e-01
3.167968749999994227e-01	1.115901318131256592e-01
4.241210937499995115e-01	1.372709955550193150e-01
5.350585937499995337e-01	1.645534411103133365e-01
4.295898437499994227e-01	1.335523416878278413e-01
6.013671874999997335e-01	1.872396407231684823e-01
5.255859374999996003e-01	1.595989949392527252e-01
2.656249999999993339e-01	8.957629930014798791e-02
1.457031249999992395e-01	7.018548601097361617e-02
8.861328124999998668e-01	2.786411503903411524e-01
3.962890624999994560e-01	1.164452561797208324e-01
4.043945312499994671e-01	1.179471562277501079e-01
4.569335937499995337e-01	1.260069665402271111e-01
5.525390624999997335e-01	1.462857924605389659e-01
5.245117187499995781e-01	1.398737032768667399e-01
4.618164062499995337e-01	1.215436587242424149e-01
4.752929687499994893e-01	1.208220903495071247e-01
3.983398437499994227e-01	1.061298891514903947e-01
4.163085937499995115e-01	1.086629818862513558e-01
4.853515624999995559e-01	1.191083849700040193e-01
4.935546874999995892e-01	1.193134465688375223e-01
5.423828124999996447e-01	1.310578662858577215e-01
4.906249999999995337e-01	1.165930567811221258e-01
4.875976562499995115e-01	1.142586231596186552e-01
6.051757812499996003e-01	1.417550731210948101e-01
2.245117187499993117e-01	7.122860057076038642e-02
5.611328124999994671e-01	1.288134327597696693e-01
