3.520507812499994449e-01	1.493584001042964071e-01
4.560546874999995004e-01	1.894756795364949120e-01
9.740234374999998668e-01	4.922042731497149326e-01
4.774414062499995337e-01	1.836694285822399464e-01
6.364257812499997113e-01	2.538111936610418784e-01
9.991210937500000222e-01	4.486766536238903091e-01
8.546874999999998224e-01	3.504443826294925124e-01
5.083007812499995559e-01	1.786636880104658376e-01
4.504882812499995115e-01	1.534166805541464507e-01
5.630859374999994671e-01	1.910371561225405190e-01
4.041015624999994560e-01	1.295823659537877204e-01
4.285156249999995115e-01	1.360082131608739697e-01
3.833984374999994671e-01	1.173200264043686297e-01
5.452148437499996225e-01	1.684831889688876427e-01
3.779296874999994449e-01	1.109475068107183132e-01
4.591796874999995448e-01	1.332743052528082284e-01
5.793945312499996225e-01	1.697594299046978339e-01
4.470703124999995115e-01	1.273391260510010059e-01
5.938476562499996891e-01	1.688599819468797059e-01
6.014648437499996447e-01	1.675078290857194285e-01
3.453124999999994671e-01	9.315931510139233152e-02
4.631835937499995115e-01	1.221497873038791537e-01
5.866210937499997113e-01	1.564674154507194048e-01
5.249999999999995781e-01	1.354162011109621977e-01
6.083007812499996447e-01	1.574429482347696196e-01
4.909179687499994893e-01	1.189392947090231883e-01
3.835937499999994560e-01	9.562769054289127491e-02
7.257812499999998224e-01	1.860418422573673070e-01
4.259765624999994893e-01	1.012233571538492249e-01
5.430664062499995781e-01	1.295996825638362215e-01
4.403320312499995337e-01	1.029625436689386025e-01
5.206054687499995781e-01	1.207042550082452620e-01
4.110351562499995337e-01	9.388301450812122639e-02
5.577148437499995781e-01	1.277030394166194238e-01
4.336914062499994671e-01	9.761401293268406887e-02
