-1.518554687500010270e-01	8.112280571590048395e-02
4.910156249999995115e-01	2.014032477756579897e-01
-1.449218750000010048e-01	7.506465537300892332e-02
3.223632812499994671e-01	1.206663356683050359e-01
6.557617187499996669e-01	2.641766267610591301e-01
4.792968749999995115e-01	1.774839186765377053e-01
3.070312499999993672e-01	1.111390843958785235e-01
5.429687499999995559e-01	1.910824489450101971e-01
5.475585937499994893e-01	1.894318775383055931e-01
4.914062499999995448e-01	1.644472006652176466e-01
4.514648437499995115e-01	1.488399058058630375e-01
8.123046874999997335e-01	2.801381520104454514e-01
4.708007812499995781e-01	1.481540620259894359e-01
1.084570312500000133e+00	3.922463478214310295e-01
5.449218749999996669e-01	1.699891718789841299e-01
5.101562499999994227e-01	1.538118763969930358e-01
5.375976562499996669e-01	1.571333995755110902e-01
6.887695312499998446e-01	2.040155598369185752e-01
4.207031249999995115e-01	1.260949754865914041e-01
2.441406249999993339e-01	8.557738171183630616e-02
5.654296874999995559e-01	1.588492048055072103e-01
6.922851562499997558e-01	1.918112287576793640e-01
3.413085937499994449e-01	9.953115509741047862e-02
5.084960937499994893e-01	1.348574150738703070e-01
3.198242187499994449e-01	9.269365362691424359e-02
3.270507812499994227e-01	9.249393631500761603e-02
5.029296874999995559e-01	1.285111295540251608e-01
3.838867187499994671e-01	9.998320767729892977e-02
6.726562499999997335e-01	1.674554495324867831e-01
4.681640624999995337e-01	1.158782240995650664e-01
4.726562499999995559e-01	1.141653540095338704e-01
4.537109374999995226e-01	1.096685918558340522e-01
4.018554687499994449e-01	9.752049941571783176e-02
5.204101562499996447e-01	1.222552806294108230e-01
4.403320312499995337e-01	1.040456443885060533e-01
