4.433593749999995559e-01	1.886319730003644390e-01
5.111328124999994227e-01	2.123636458523693871e-01
4.107421874999995226e-01	1.585854179939566733e-01
1.183984375000000533e+00	6.390722540669798724e-01
5.882812499999996447e-01	2.327617048136496336e-01
6.334960937499997113e-01	2.450168055635136288e-01
4.310546874999994782e-01	1.502176163837425915e-01
3.758789062499994227e-01	1.271280331479624770e-01
4.266601562499995337e-01	1.423671957683269040e-01
5.699218749999996891e-01	1.930747390044887934e-01
4.999023437499995337e-01	1.612295512594871250e-01
6.081054687499996003e-01	2.001228599913867645e-01
7.145507812499997113e-01	2.384831268974153262e-01
6.901367187499998224e-01	2.245240881539284084e-01
4.382812499999995115e-01	1.276059672428120351e-01
4.503906249999994893e-01	1.294664585442437121e-01
4.044921874999994338e-01	1.128917465985754404e-01
5.697265624999996447e-01	1.628254293582777901e-01
5.536132812499996447e-01	1.542937613657771601e-01
4.919921874999995670e-01	1.322228162461197842e-01
5.320312499999995115e-01	1.441637069297468099e-01
4.836914062499995115e-01	1.263020412745766707e-01
3.940429687499994449e-01	9.930901388202965918e-02
4.789062499999995337e-01	1.201262169840107419e-01
5.053710937499994449e-01	1.249998944787823335e-01
5.054687499999994671e-01	1.261377327337136200e-01
3.979492187499994449e-01	9.734624689240456430e-02
5.437499999999996225e-01	1.335292711431940449e-01
6.134765624999996003e-01	1.508845036133309170e-01
5.031249999999996003e-01	1.189766659626881468e-01
6.179687499999997335e-01	1.490493273489361392e-01
4.533203124999994893e-01	1.041246252706538034e-01
2.874999999999993672e-01	6.726460165964519289e-02
4.536132812499995559e-01	1.001048359302711827e-01
3.973632812499995337e-01	8.660880352935541870e-02
