-1.362304687500010270e-01	7.125163195909557656e-02
1.039453125000000089e+00	5.927721776429741851e-01
6.318359374999995559e-01	2.828059537512255250e-01
5.161132812499995559e-01	2.118426320189471246e-01
4.867187499999995337e-01	1.909596130102514666e-01
3.985351562499994671e-01	1.452147261105649068e-01
2.736328124999993228e-01	9.812289626262021836e-02
7.370117187499998224e-01	3.124747991376028433e-01
6.163085937499995781e-01	2.382664774225287108e-01
3.761718749999994893e-01	1.278172913356581952e-01
8.458984374999998224e-01	3.565307855662245839e-01
9.283203124999999112e-01	3.963101800486680815e-01
5.517578124999995559e-01	1.858749025066029903e-01
4.041015624999994560e-01	1.274685566862422403e-01
3.036132812499994227e-01	9.154394491718551019e-02
5.956054687499996447e-01	2.022482856923328576e-01
6.321289062499996225e-01	2.088770621200987665e-01
4.320312499999994782e-01	1.282868138103830935e-01
6.064453124999995559e-01	1.936364720402048989e-01
2.798828124999993006e-01	7.775042332403130085e-02
5.654296874999995559e-01	1.723576861280065875e-01
5.631835937499994893e-01	1.677644159315652972e-01
4.115234374999994782e-01	1.132363519254210027e-01
5.959960937499996225e-01	1.777714664797539479e-01
7.023437499999998224e-01	2.216980650684586274e-01
3.946289062499994671e-01	1.030880108154107050e-01
8.561523437499998224e-01	2.885711743674843066e-01
3.521484374999994116e-01	8.672227248594623072e-02
3.051757812499993339e-01	7.431087774399731949e-02
5.534179687499996003e-01	1.508290261317066783e-01
4.174804687499994449e-01	1.047576534276111887e-01
5.516601562499996447e-01	1.465978285341176524e-01
6.248046874999997335e-01	1.730650029847634053e-01
5.016601562499996003e-01	1.253722106144682102e-01
3.869140624999994338e-01	9.111562202907676211e-02
