3.333984374999994227e-01	1.414328120816183421e-01
3.762695312499995115e-01	1.505677581910645491e-01
3.636718749999994227e-01	1.402688761481550861e-01
7.220703124999998668e-01	3.228825549638169035e-01
3.915039062499994227e-01	1.441017321466377399e-01
6.092773437499995337e-01	2.384329720529584362e-01
4.994140624999995337e-01	1.816707564652924600e-01
5.827148437499996003e-01	2.120556164171321922e-01
7.723632812499998668e-01	2.956074838599861976e-01
5.221679687499996003e-01	1.798098582420683544e-01
4.951171874999996114e-01	1.638723303560942479e-01
5.285156249999994893e-01	1.707830187567950242e-01
6.862304687499997113e-01	2.263826956952464664e-01
5.091796874999994227e-01	1.560375493079242948e-01
4.607421874999995670e-01	1.356371379116216858e-01
6.965820312499997335e-01	2.151899184162553713e-01
4.492187499999995004e-01	1.268265562956681913e-01
4.160156249999994449e-01	1.196332143149267391e-01
4.977539062499996003e-01	1.404856151020886235e-01
5.490234374999996003e-01	1.536749524501094255e-01
5.533203124999996891e-01	1.518803371908268307e-01
4.054687499999994338e-01	1.110106353988521560e-01
6.416015624999997780e-01	1.715714671678722492e-01
5.218749999999996447e-01	1.351206542606919747e-01
3.614257812499994671e-01	9.604580063285478309e-02
3.833984374999994671e-01	9.753899826904352532e-02
7.404296874999998224e-01	1.899122377001431772e-01
6.148437499999996891e-01	1.538422843994835254e-01
3.808593749999994449e-01	9.475961608217205179e-02
5.255859374999996003e-01	1.265003482029046777e-01
3.450195312499995115e-01	8.476215613343053568e-02
5.412109374999996003e-01	1.264141137446322671e-01
4.985351562499995559e-01	1.155651538734950301e-01
6.939453124999996891e-01	1.608809723424942384e-01
4.270507812499995115e-01	9.807648795698006849e-02
