5.005859374999994671e-01	2.266093189252580686e-01
1.131640625000000178e+00	6.839015824295633372e-01
3.690429687499994227e-01	1.472810183875905843e-01
5.263671874999995559e-01	2.165596676563335543e-01
7.054687499999996447e-01	3.019941661465979643e-01
5.984374999999996225e-01	2.345587907535491845e-01
3.957031249999994893e-01	1.377286811583647852e-01
8.521484374999999112e-01	3.618043240525281590e-01
8.354492187499998890e-01	3.389161278008755995e-01
5.524414062499997113e-01	1.916132570396904544e-01
7.146484374999997335e-01	2.578085925463453609e-01
2.945312499999994116e-01	9.323906887872335236e-02
4.692382812499995559e-01	1.471682286682026441e-01
3.860351562499995115e-01	1.184836922122457226e-01
3.533203124999994005e-01	1.064878236333103162e-01
5.496093749999996225e-01	1.693790540054660176e-01
5.139648437499995115e-01	1.516132526066208963e-01
9.683593750000000222e-01	3.444070549312043816e-01
3.809570312499994671e-01	1.061952475050649825e-01
6.755859374999997335e-01	2.034906687470211806e-01
7.775390624999998224e-01	2.391598793268308598e-01
2.445312499999993117e-01	6.985333508397230384e-02
4.272460937499994449e-01	1.128452129152603123e-01
6.693359374999996447e-01	1.857542730686041477e-01
2.885742187499993339e-01	7.583961420735362002e-02
6.767578124999997780e-01	1.869511623320304350e-01
3.390624999999993783e-01	8.435095736620500106e-02
5.240234374999994671e-01	1.320962431953708327e-01
5.018554687499995337e-01	1.261007336523698175e-01
4.841796874999995670e-01	1.155337470868322697e-01
6.956054687499997335e-01	1.798422064533200249e-01
4.657226562499995337e-01	1.103974699599062081e-01
3.763671874999994782e-01	8.664720315467762390e-02
2.439453124999993450e-01	5.955667337602893463e-02
6.065429687499995781e-01	1.460350054226250971e-01
