1.587792968750001865e+00	1.205128287651182850e+00
6.682617187499997335e-01	3.165523097582112477e-01
3.957031249999994893e-01	1.644104787712911131e-01
4.710937499999995337e-01	1.922962170589097575e-01
4.294921874999994560e-01	1.691024153997140178e-01
2.909179687499993117e-01	1.105884882149292259e-01
4.897460937499995559e-01	1.790642836883024891e-01
3.889648437499994005e-01	1.387881482479158546e-01
5.941406249999996447e-01	2.150345304583076156e-01
2.116210937499992950e-01	8.075745438045266178e-02
4.800781249999994671e-01	1.576785032058791169e-01
3.361328124999994338e-01	1.091934779313618042e-01
7.166015624999997335e-01	2.420673860296575219e-01
6.666992187499997113e-01	2.154612360891556833e-01
5.692382812499996447e-01	1.725026902594072042e-01
7.110351562499996891e-01	2.266681838750952693e-01
6.484374999999996669e-01	2.008220527651664311e-01
4.344726562499995337e-01	1.280804398574240666e-01
5.748046874999996891e-01	1.689057687090830817e-01
4.118164062499994893e-01	1.193054522097970332e-01
4.830078124999995226e-01	1.298312473963229019e-01
3.987304687499994005e-01	1.089738934892718336e-01
5.182617187499996003e-01	1.386647690151582291e-01
6.624023437499996225e-01	1.791594169552586935e-01
6.906249999999998224e-01	1.846853686230726654e-01
2.455078124999993117e-01	7.615374177441763814e-02
6.505859374999996003e-01	1.672997833435511950e-01
3.818359374999994449e-01	9.716681367805661551e-02
5.092773437499994449e-01	1.269516327216102802e-01
4.058593749999994671e-01	1.002579885410684601e-01
8.504882812499998668e-01	2.150194586612866054e-01
5.442382812499996225e-01	1.313744426815918187e-01
2.771484374999993450e-01	7.221489644786872886e-02
4.805664062499994671e-01	1.125032592617780797e-01
6.740234374999996003e-01	1.558673619132877330e-01
