2.738281249999993117e-01	1.154957328863693428e-01
5.372070312499996891e-01	2.352232990289905845e-01
8.258789062499999334e-01	4.058451404697153708e-01
3.657226562499994449e-01	1.459771951843508442e-01
4.923828124999995448e-01	1.941865556567300144e-01
3.467773437499994671e-01	1.278965666538999235e-01
5.648437499999996447e-01	2.141775987337935783e-01
2.701171874999994116e-01	9.783615089607941573e-02
6.984374999999997113e-01	2.629687406222434576e-01
5.841796874999996003e-01	2.027235965640719617e-01
3.177734374999994227e-01	1.067027030337166088e-01
3.672851562499994671e-01	1.185539517892829353e-01
7.062499999999997113e-01	2.385572895122939352e-01
8.938476562499999556e-01	3.181634983177519249e-01
4.395507812499994671e-01	1.352263978326312399e-01
4.695312499999995670e-01	1.410804009556489436e-01
4.683593749999995781e-01	1.356131546683978228e-01
4.896484374999995337e-01	1.390454056654163162e-01
6.756835937499997558e-01	1.967776207692117085e-01
3.649414062499993783e-01	1.040369078326169594e-01
4.837890624999995337e-01	1.339609241095317260e-01
5.082031249999995337e-01	1.367184940877252675e-01
4.218749999999995004e-01	1.108829973994174961e-01
3.712890624999994338e-01	1.002184356121603032e-01
5.807617187499996003e-01	1.499830155595452685e-01
4.431640624999995115e-01	1.105732310611408364e-01
4.764648437499995337e-01	1.162362441174727562e-01
5.865234374999996891e-01	1.436811707561096718e-01
5.653320312499996447e-01	1.392550541732859026e-01
3.556640624999993783e-01	8.506181760131178993e-02
4.815429687499994671e-01	1.144278197614713444e-01
5.256835937499996225e-01	1.231978008842680300e-01
4.385742187499994671e-01	1.008794692944383065e-01
4.082031249999994449e-01	9.314550969308933726e-02
4.744140624999995115e-01	1.069401330365309932e-01
