5.624023437499995337e-01	2.710457788649512922e-01
2.610351562499994005e-01	1.122785495232500597e-01
8.604492187499998002e-01	4.480659580413620113e-01
4.833984374999995559e-01	2.037450026415658366e-01
5.780273437499995337e-01	2.389009674865931743e-01
7.278320312499997335e-01	3.093683406544510683e-01
6.138671874999996891e-01	2.394071013382118307e-01
3.978515624999994782e-01	1.432618974730853756e-01
8.123046874999997335e-01	3.244774816581512122e-01
4.467773437499995559e-01	1.555314912664444160e-01
5.186523437499995781e-01	1.694324252168448453e-01
6.005859374999995559e-01	2.035998865570518845e-01
6.858398437499997335e-01	2.334739294900536610e-01
3.161132812499993783e-01	1.033881391126856147e-01
2.985351562499993783e-01	9.695938849639075541e-02
5.597656249999994893e-01	1.733948408326636548e-01
6.803710937499997113e-01	2.152551044614134101e-01
5.373046874999996003e-01	1.586105858913762212e-01
2.343749999999993339e-01	7.203790333823519021e-02
5.610351562499995559e-01	1.576843208372238903e-01
4.079101562499994893e-01	1.104815251806196968e-01
4.201171874999995448e-01	1.118418315869223328e-01
6.260742187499996891e-01	1.726692407206161517e-01
6.650390624999997780e-01	1.842093438863127153e-01
3.139648437499993339e-01	8.193541508139690066e-02
5.819335937499995337e-01	1.540638313871232901e-01
5.076171874999995115e-01	1.283023183078149387e-01
4.535156249999995337e-01	1.121148028766975752e-01
5.213867187499996447e-01	1.291026850397947456e-01
7.074218749999997558e-01	1.835602441232001558e-01
2.947265624999994005e-01	7.450118858939584754e-02
4.971679687499995781e-01	1.172254189864706669e-01
6.060546874999996891e-01	1.445518790753127225e-01
5.358398437499996003e-01	1.233645353791015531e-01
3.965820312499994671e-01	8.961588706779319291e-02
