4.280273437499995115e-01	1.991222418459810406e-01
2.772460937499993117e-01	1.200267517858317895e-01
2.434570312499993172e-01	9.990879858088692889e-02
1.123242187500000044e+00	6.510116769864512376e-01
3.885742187499994227e-01	1.530494811157492585e-01
2.511718749999993783e-01	9.897039633168516759e-02
3.491210937499994449e-01	1.302420740017313228e-01
3.837890624999994449e-01	1.408680232311136926e-01
5.070312499999996003e-01	1.850032387712781945e-01
4.291992187499994449e-01	1.484373272690970580e-01
4.920898437499995337e-01	1.696620383320294745e-01
3.826171874999994560e-01	1.237831223038265843e-01
4.707031249999995559e-01	1.547547343599988412e-01
6.445312499999997780e-01	2.154051453645269842e-01
1.243750000000000799e+00	5.071554829168476441e-01
4.621093749999994893e-01	1.408231586644987932e-01
4.944335937499996225e-01	1.526955315302032656e-01
4.737304687499994671e-01	1.423470632695254812e-01
2.754882812499993561e-01	8.371453127489775214e-02
3.588867187499994449e-01	1.039281947369604109e-01
6.611328124999995559e-01	1.933414562033527462e-01
3.128906249999994227e-01	8.957918707086033605e-02
4.451171874999995670e-01	1.224361949626055629e-01
4.619140624999995004e-01	1.241507504518787747e-01
4.193359374999995337e-01	1.099376793613076886e-01
4.066406249999994227e-01	1.059504794005491496e-01
4.894531249999994893e-01	1.252083887994986655e-01
4.956054687499995559e-01	1.226406933971181945e-01
5.879882812499996891e-01	1.488085458305272724e-01
4.021484374999994560e-01	9.923617209587433374e-02
4.463867187499994671e-01	1.076993467098754376e-01
4.824218749999995559e-01	1.152120244201664950e-01
5.618164062499996225e-01	1.346279279174505128e-01
4.642578124999994782e-01	1.083403339031589196e-01
4.610351562499995781e-01	1.042677589402406652e-01
