4.331054687499994449e-01	2.095154971441400005e-01
4.458984374999995226e-01	2.070604006678521680e-01
9.148437499999999556e-01	5.519926319514618651e-01
3.314453124999993672e-01	1.310413224629191353e-01
1.267480468750000977e+00	7.993541013902109027e-01
4.236328124999994560e-01	1.695275874288619811e-01
1.222460937500000400e+00	6.741688797094437247e-01
7.930664062499998002e-01	3.324405851463878570e-01
3.846679687499994227e-01	1.361727699815078740e-01
5.444335937499996669e-01	2.045917873566216461e-01
6.535156249999997113e-01	2.423291980307313298e-01
2.739257812499993339e-01	9.083623941632987253e-02
2.680664062499993339e-01	9.111014116039335697e-02
6.849609374999996447e-01	2.416542406848126157e-01
5.176757812499995781e-01	1.662348732381197514e-01
5.093749999999994671e-01	1.590473036191473732e-01
4.117187499999994671e-01	1.261335015076342492e-01
7.464843749999997558e-01	2.515077064767164972e-01
7.092773437499996225e-01	2.282452774663850936e-01
5.156249999999995559e-01	1.552415095009523349e-01
3.515624999999994449e-01	1.016744626795414858e-01
6.118164062499996669e-01	1.807178561638361769e-01
4.793945312499995337e-01	1.337136176547034649e-01
4.224609374999995226e-01	1.153100956209636707e-01
4.963867187499995115e-01	1.337422258411538611e-01
5.433593749999996447e-01	1.476082401059915783e-01
4.834960937499995781e-01	1.260680505088839776e-01
3.762695312499995115e-01	9.574344367830027458e-02
3.552734374999994005e-01	8.979884824318723480e-02
6.871093749999998002e-01	1.840879298767599259e-01
5.495117187499996003e-01	1.374016155331208022e-01
3.076171874999993894e-01	7.508003505707931680e-02
5.159179687499995115e-01	1.255211784431600197e-01
3.951171874999995226e-01	9.362860520911037154e-02
7.283203124999997335e-01	1.852432087843682296e-01
