7.152343749999997558e-01	3.640535876066194332e-01
8.011718749999998668e-01	4.028619600229922937e-01
7.712890624999999556e-01	3.669929011615779002e-01
3.078124999999993783e-01	1.290268278714350458e-01
7.184570312499998224e-01	3.112179419694233173e-01
7.341796874999997335e-01	3.060383896206551602e-01
2.396484374999993117e-01	1.035496252747201140e-01
3.382812499999994227e-01	1.310921755417865375e-01
1.791992187499992784e-01	7.949764816798626788e-02
2.720703124999993561e-01	1.011914772303609128e-01
6.401367187499997780e-01	2.301993879001462406e-01
8.736328124999999112e-01	3.139795319465438217e-01
8.423828124999999112e-01	2.845274670035166098e-01
5.036132812499996003e-01	1.606330066249596067e-01
4.279296874999994893e-01	1.435306709272238801e-01
2.844726562499994005e-01	9.737388288448874107e-02
7.494140624999998668e-01	2.363065408943640089e-01
5.080078124999996003e-01	1.570721525085072845e-01
5.646484374999996003e-01	1.722888626385086774e-01
8.352539062499998446e-01	2.518346570186743016e-01
4.438476562499995559e-01	1.317418560611341993e-01
4.666015624999995115e-01	1.384635998310909111e-01
5.840820312499996891e-01	1.662242628759384999e-01
5.574218749999996225e-01	1.573649789024676449e-01
6.202148437499996891e-01	1.697964303940105446e-01
2.486328124999993561e-01	8.655881983550206549e-02
2.487304687499993505e-01	8.190724473889794688e-02
5.118164062499995781e-01	1.341025383436117713e-01
4.083007812499994671e-01	1.099613847337042039e-01
3.182617187499994227e-01	9.088866712636441136e-02
7.857421874999999112e-01	1.969316137460143668e-01
5.813476562499996225e-01	1.447372688290324283e-01
5.152343749999995781e-01	1.284682673985959034e-01
5.732421874999995559e-01	1.380577184140832636e-01
3.109374999999994227e-01	8.615152247537377628e-02
