2.935546874999994116e-01	1.222993019710658380e-01
6.214843749999997558e-01	2.912155126017225704e-01
7.439453124999997335e-01	3.544766831655614681e-01
2.290039062499993061e-01	9.553542841014567299e-02
4.336914062499994671e-01	1.714771584005437000e-01
9.749023437499999556e-01	4.517732829466902800e-01
7.221679687499997780e-01	2.977200421893080318e-01
4.402343749999995115e-01	1.649411285088889512e-01
2.289062499999993117e-01	8.710962636056415742e-02
5.905273437499997113e-01	2.151728318030279585e-01
6.179687499999997335e-01	2.234485386971869769e-01
3.473632812499994893e-01	1.197004830716123930e-01
4.997070312499996003e-01	1.658750992120625323e-01
4.653320312499995559e-01	1.453167890472982504e-01
4.125976562499994449e-01	1.337320385541558576e-01
5.249023437499995559e-01	1.572430093485346070e-01
4.659179687499994671e-01	1.411860848976191907e-01
4.112304687499994671e-01	1.264339914601275705e-01
4.050781249999994005e-01	1.226000007536308944e-01
4.657226562499995337e-01	1.307408679339830126e-01
3.169921874999994116e-01	9.772015547319261308e-02
2.822265624999993339e-01	9.023412647852559199e-02
3.879882812499995115e-01	1.090552546146189294e-01
5.557617187499995781e-01	1.502781582876439870e-01
4.779296874999995337e-01	1.284414931756856226e-01
4.345703124999995004e-01	1.147718241203151551e-01
6.639648437499996447e-01	1.719008918845077727e-01
3.994140624999994449e-01	1.080499966756719304e-01
6.178710937499997113e-01	1.539097157415270367e-01
4.788085937499995115e-01	1.226368837657085820e-01
7.102539062499996225e-01	1.732121675331021182e-01
6.117187499999996447e-01	1.481137650724393129e-01
3.628906249999994671e-01	9.572539159460267955e-02
3.346679687499993783e-01	8.562521387951235741e-02
3.725585937499994449e-01	9.390376465650870919e-02
