4.477539062499995559e-01	1.831976449267061491e-01
4.960937499999995559e-01	2.010346586198013541e-01
3.468749999999994338e-01	1.318727672177364973e-01
2.402343749999993061e-01	9.674993347680634070e-02
3.470703124999994227e-01	1.245573475949964676e-01
2.728515624999993672e-01	1.013563680313041837e-01
7.305664062499998002e-01	2.811995272699976955e-01
5.412109374999996003e-01	1.881816146627052766e-01
5.662109374999995115e-01	1.938151333144342292e-01
7.960937499999998224e-01	2.820052615889749315e-01
5.135742187499995337e-01	1.613662831676591081e-01
5.900390624999998224e-01	1.835123664093734064e-01
6.829101562499997335e-01	2.170575734256649236e-01
6.632812499999996003e-01	2.091791065283059303e-01
4.820312499999995226e-01	1.393403121952933033e-01
6.829101562499997335e-01	2.036539117198584992e-01
2.616210937499993117e-01	8.636920619526060328e-02
6.033203124999997335e-01	1.742801635164602514e-01
6.636718749999996891e-01	1.846439412916328349e-01
5.384765624999996447e-01	1.505332419286905532e-01
6.264648437499996669e-01	1.719737887406034282e-01
5.807617187499996003e-01	1.542135869518241054e-01
5.425781249999995781e-01	1.422440503191391703e-01
4.326171874999995004e-01	1.132329932730130190e-01
4.764648437499995337e-01	1.227263012567099409e-01
3.772460937499994005e-01	9.869379795221394636e-02
4.485351562499995115e-01	1.138382338466626537e-01
4.645507812499994893e-01	1.123442040888940896e-01
3.127929687499994005e-01	8.413046156884894378e-02
4.077148437499994449e-01	1.017639889365944267e-01
5.456054687499996003e-01	1.286190066782102737e-01
3.017578124999993894e-01	7.954098777933062137e-02
7.344726562499998002e-01	1.727977970886560299e-01
5.913085937499996669e-01	1.348117294491762153e-01
3.096679687499993561e-01	7.777994866439309762e-02
