7.248046874999998224e-01	3.592418694138315161e-01
3.908203124999994338e-01	1.582028503402511110e-01
7.204101562499998224e-01	3.194953702980666277e-01
2.489257812499993394e-01	9.527415271939515540e-02
5.694335937499995781e-01	2.264737856575560204e-01
3.211914062499994227e-01	1.132620511302867283e-01
9.687500000000000000e-01	4.330053999833732292e-01
5.885742187499997113e-01	2.135534879199474378e-01
5.706054687499996225e-01	2.012588331731216540e-01
3.041015624999993672e-01	9.988193663909185338e-02
4.497070312499995559e-01	1.428802807239696326e-01
4.165039062499994449e-01	1.314560683694757093e-01
5.287109374999994227e-01	1.683458672794551914e-01
3.245117187499994005e-01	9.822173868241747263e-02
3.730468749999994449e-01	1.078830105357238972e-01
5.487304687499995337e-01	1.648311288843729849e-01
4.744140624999995115e-01	1.375985360637568822e-01
5.178710937499996225e-01	1.499254607386504290e-01
5.445312499999996891e-01	1.514376551765654888e-01
3.966796874999994893e-01	1.075010779204923078e-01
6.477539062499996225e-01	1.845743529085460966e-01
4.186523437499994893e-01	1.091646173530223390e-01
5.381835937499995781e-01	1.433996964826639853e-01
3.473632812499994893e-01	8.838983971454754396e-02
3.646484374999994227e-01	9.205322303117442762e-02
4.639648437499994671e-01	1.145387019516953403e-01
5.126953124999995559e-01	1.258955798603312026e-01
5.436523437499996003e-01	1.355546219130457641e-01
5.730468749999996225e-01	1.427529434503817252e-01
5.018554687499995337e-01	1.194471537769712099e-01
5.385742187499996669e-01	1.270818646774235783e-01
3.701171874999995004e-01	8.578621411051515211e-02
7.291015624999996891e-01	1.790034338604585551e-01
6.481445312499997113e-01	1.541372645860333290e-01
4.909179687499994893e-01	1.086433977628266379e-01
