1.069238281250000089e+00	6.148049393445517152e-01
3.510742187499994449e-01	1.441727023157106380e-01
4.938476562499996003e-01	2.023382185518292353e-01
5.010742187499995781e-01	1.924048136845646073e-01
4.886718749999995337e-01	1.872180567495356496e-01
5.909179687499996891e-01	2.217715076176876021e-01
6.807617187499996891e-01	2.579117257061008806e-01
1.280175781250000977e+00	5.854726790744240184e-01
1.046386718750000000e+00	4.260253483910775851e-01
6.893554687499997558e-01	2.457709326846131692e-01
3.192382812499994227e-01	1.070940662269338622e-01
4.653320312499995559e-01	1.522266780978234202e-01
2.815429687499992895e-01	9.398406853152725671e-02
4.563476562499995115e-01	1.420562590539170278e-01
2.806640624999993117e-01	9.220597960096363344e-02
5.134765624999995115e-01	1.513487495632727386e-01
6.708984374999997780e-01	2.015987380303714827e-01
3.289062499999994005e-01	9.926921601434587905e-02
4.048828124999994116e-01	1.153244278660520705e-01
5.249999999999995781e-01	1.485139911588827799e-01
6.140624999999996225e-01	1.692824505241578570e-01
7.231445312499997780e-01	2.039634754863840216e-01
6.135742187499996225e-01	1.653481645857277360e-01
3.248046874999994116e-01	9.011704085867899838e-02
4.145507812499994449e-01	1.074563535335222308e-01
6.601562499999995559e-01	1.743343422046369495e-01
4.418945312499995559e-01	1.127749002708297171e-01
3.975585937499994671e-01	1.015447338084258244e-01
6.371093749999997558e-01	1.598697565706720947e-01
8.715820312500000000e-01	2.259506021087933636e-01
4.880859374999995670e-01	1.151044685525389605e-01
5.239257812499995559e-01	1.217537110985122129e-01
3.724609374999994782e-01	9.208380933302474924e-02
3.916992187499994671e-01	9.061903409085744765e-02
4.429687499999995226e-01	1.025281619782771186e-01
