1.988281249999993006e-01	8.811828535580394639e-02
3.134765624999993894e-01	1.190362375513344118e-01
5.491210937499996225e-01	2.209045761161035626e-01
6.588867187499996003e-01	2.718024067312572178e-01
4.769531249999995337e-01	1.716783798083062196e-01
6.585937499999996447e-01	2.498372749000448423e-01
3.982421874999994560e-01	1.383453958247748139e-01
6.288085937499995337e-01	2.228784134382036375e-01
6.041992187499996003e-01	2.069248548096431772e-01
3.949218749999995337e-01	1.238185203882795626e-01
3.827148437499994227e-01	1.200738218104629579e-01
6.767578124999997780e-01	2.240681468320988579e-01
4.991210937499995781e-01	1.536918469872173565e-01
4.698242187499995781e-01	1.383414030272887008e-01
3.748046874999994560e-01	1.096175963546171667e-01
1.060644531249999911e+00	3.700495084873692830e-01
4.600585937499995781e-01	1.310152131681606158e-01
4.271484374999994782e-01	1.189158870586303762e-01
-1.443359375000010103e-01	6.446990256926381224e-02
7.078124999999997335e-01	2.021971540839803128e-01
6.747070312499997558e-01	1.880002061922036449e-01
3.894531249999994005e-01	1.032926437649797635e-01
3.041992187499993339e-01	8.364121873113114503e-02
6.290039062499995781e-01	1.665156360959600679e-01
3.775390624999994116e-01	9.568134011661885707e-02
3.914062499999994560e-01	9.853431198101976485e-02
6.439453124999996447e-01	1.628254902729369957e-01
6.247070312499997113e-01	1.568112641691746245e-01
4.129882812499995337e-01	1.000751735179799956e-01
3.543945312499994227e-01	8.395750718085455422e-02
4.064453124999994338e-01	9.314854548047823979e-02
2.765624999999993783e-01	6.847979406272254599e-02
5.229492187499995559e-01	1.214506888384865868e-01
6.346679687499996447e-01	1.462310385854695693e-01
5.508789062499995781e-01	1.243619479898677022e-01
