5.188476562499996225e-01	2.279371826506158549e-01
3.840820312499995115e-01	1.491001729550143484e-01
1.991210937500002220e+00	1.573432365038901271e+00
5.451171874999996003e-01	2.235505565044314247e-01
6.327148437499996447e-01	2.569186011399147151e-01
5.253906249999995559e-01	1.988834315646748896e-01
4.684570312499996003e-01	1.671185602814710125e-01
5.466796874999995115e-01	2.010071268025439006e-01
5.322265624999995559e-01	1.884970895589442308e-01
7.675781249999997780e-01	3.020533907277397345e-01
4.053710937499994671e-01	1.281016662733074074e-01
8.374023437499998890e-01	3.265144767914864854e-01
5.430664062499995781e-01	1.778133536629412925e-01
1.788085937499992728e-01	5.898029836382163299e-02
5.542968749999995781e-01	1.776776676982898262e-01
4.136718749999994671e-01	1.217373203456107444e-01
3.538085937499994005e-01	9.975180410990494573e-02
5.900390624999998224e-01	1.854627494520765252e-01
8.392578124999998668e-01	2.952399818926431108e-01
3.667968749999994671e-01	9.740721038829706913e-02
5.061523437499995115e-01	1.440894050529633597e-01
5.374023437499996225e-01	1.538299066047507380e-01
3.681640624999994449e-01	9.599503878764252540e-02
5.889648437499996891e-01	1.694111692109853129e-01
5.535156249999996225e-01	1.535141284907123871e-01
3.727539062499994893e-01	9.234022991825080462e-02
1.074316406250000355e+00	3.821511325356040656e-01
3.373046874999994227e-01	8.165480897179339115e-02
4.486328124999994782e-01	1.117579468983227742e-01
3.914062499999994560e-01	9.479399460435944391e-02
4.538085937499994893e-01	1.122281868195837695e-01
5.170898437499995559e-01	1.306539810318445571e-01
9.039062499999999112e-01	2.775084568798694140e-01
4.816406249999994893e-01	1.167739352873971431e-01
4.627929687499995337e-01	1.091068596459928430e-01
