8.886718750000000000e-01	4.500000720658721143e-01
4.283203124999994671e-01	1.777251372123299922e-01
5.254882812499995781e-01	2.102328362315951660e-01
5.198242187499996225e-01	2.051016190794537064e-01
5.024414062499996669e-01	1.842545655463188881e-01
7.363281249999997780e-01	2.874901246352784545e-01
7.151367187499997335e-01	2.657354612045825237e-01
3.365234374999994116e-01	1.226664351522788188e-01
6.158203124999996891e-01	2.064352171487368603e-01
8.616210937499998446e-01	3.126402954487443875e-01
6.468749999999996447e-01	2.150879379976630146e-01
4.944335937499996225e-01	1.610565898208794477e-01
4.698242187499995781e-01	1.491397325851776534e-01
3.518554687499994005e-01	1.129702497968972930e-01
3.624999999999994338e-01	1.147122113930834769e-01
1.823242187499992673e-01	7.609838405797159089e-02
3.553710937499994227e-01	1.078680696805497802e-01
4.674804687499994893e-01	1.342724417495639033e-01
4.474609374999995448e-01	1.247405731986119953e-01
5.451171874999996003e-01	1.490492259655062379e-01
7.635742187499997558e-01	2.163945673321748808e-01
2.998046874999993894e-01	8.593240813912328413e-02
5.262695312499996447e-01	1.392085034286962564e-01
5.075195312499996003e-01	1.307433324937040953e-01
6.290039062499995781e-01	1.616458089239804219e-01
6.396484374999997780e-01	1.633577290082647848e-01
6.826171874999997780e-01	1.716666084221883937e-01
4.980468749999995559e-01	1.215495673119650344e-01
6.293945312499996669e-01	1.521894874996300995e-01
6.637695312499997113e-01	1.604203596129806231e-01
7.145507812499997113e-01	1.695043464950406198e-01
4.481445312499995337e-01	1.069355663755015701e-01
5.323242187499995781e-01	1.237693297705845519e-01
6.005859374999995559e-01	1.383990814619802390e-01
5.848632812499996447e-01	1.328558929703689828e-01
