5.132812499999994671e-01	2.290978532975871118e-01
4.553710937499995115e-01	1.945176688315135849e-01
5.260742187499996003e-01	2.223745449133235352e-01
4.906249999999995337e-01	1.930409561004013119e-01
4.146484374999994671e-01	1.559832019702433459e-01
4.561523437499994671e-01	1.678612919355619293e-01
4.039062499999994671e-01	1.416812872522070499e-01
-1.680664062500010492e-01	6.637857325945180353e-02
4.755859374999995559e-01	1.663224636339541707e-01
4.139648437499994227e-01	1.369943586962128756e-01
9.681640625000000888e-01	4.216607185127665414e-01
4.161132812499994671e-01	1.272817092364592895e-01
4.803710937499995337e-01	1.533963553666931323e-01
4.313476562499994893e-01	1.327264121244684791e-01
5.753906249999996003e-01	1.850659528821608779e-01
6.764648437499997113e-01	2.266197732644422147e-01
3.206054687499994005e-01	9.224945160002372135e-02
3.199218749999994671e-01	8.833507800680406863e-02
5.082031249999995337e-01	1.483457513732387989e-01
4.323242187499994893e-01	1.188759105941239319e-01
4.808593749999995337e-01	1.315257823255541192e-01
3.957031249999994893e-01	1.048904425673699986e-01
7.045898437499996669e-01	2.131573716391088891e-01
5.232421874999995115e-01	1.414931331394075897e-01
4.133789062499995115e-01	1.049331861916267677e-01
4.759765624999995337e-01	1.217919899227822983e-01
4.180664062499994671e-01	1.037945226845439634e-01
2.604492187499993783e-01	6.320060120016328387e-02
4.565429687499994449e-01	1.119320966259842037e-01
3.489257812499994005e-01	8.167710443137089771e-02
5.075195312499996003e-01	1.250874923125120386e-01
4.056640624999994227e-01	9.412420757364876878e-02
5.949218749999997113e-01	1.487237038110021670e-01
5.296874999999995337e-01	1.273727771575210721e-01
6.333007812499996669e-01	1.579421197948630562e-01
