8.478515624999998224e-01	4.489220008551558783e-01
1.747656250000001688e+00	1.226897915873836009e+00
4.309570312499995115e-01	1.781529719921404742e-01
8.356445312499999334e-01	3.891869535282841408e-01
7.548828124999997780e-01	3.288675435802545510e-01
3.584960937499994671e-01	1.381366385516435424e-01
4.571289062499994671e-01	1.754118707331109028e-01
4.865234374999995448e-01	1.761483922283711701e-01
5.751953124999995559e-01	2.074891590790108598e-01
5.357421874999996891e-01	1.858609419467347756e-01
5.212890624999997335e-01	1.761336698312412075e-01
4.164062499999994782e-01	1.424615634924403795e-01
3.088867187499994005e-01	1.030165756559905665e-01
3.566406249999993783e-01	1.167741011705299009e-01
6.042968749999996225e-01	1.894555108403991606e-01
6.489257812499996669e-01	2.015189591548639247e-01
2.934570312499994449e-01	9.692485044098543556e-02
3.497070312499994671e-01	1.021415174448407487e-01
4.287109374999995004e-01	1.264617485567503252e-01
5.500976562499996225e-01	1.531191636162558267e-01
6.853515624999997335e-01	1.895622029516945972e-01
5.238281249999995337e-01	1.455777556510296222e-01
4.121093749999994449e-01	1.153366028443397889e-01
5.333984374999996003e-01	1.419669609424394074e-01
4.245117187499994893e-01	1.108906005645749343e-01
3.516601562499994671e-01	9.834235978765150377e-02
3.732421874999994338e-01	9.876116858727074233e-02
6.936523437499997335e-01	1.736038866715138018e-01
5.538085937499995781e-01	1.348976850925502069e-01
4.195312499999995226e-01	1.065599909515301813e-01
4.382812499999995115e-01	1.079193397396159687e-01
4.186523437499994893e-01	1.016824419710582461e-01
5.887695312499997558e-01	1.388889289191049814e-01
7.517578124999997335e-01	1.770983958603684905e-01
4.351562499999995226e-01	1.042062880239071482e-01
