4.372070312499994893e-01	1.846036677570325468e-01
4.118164062499994893e-01	1.697043635642716264e-01
8.710937500000000000e-01	4.204587621669880759e-01
6.924804687499996891e-01	2.937850309447560537e-01
5.423828124999996447e-01	2.101147652526926812e-01
1.165820312500000622e+00	5.816212706887686767e-01
2.592773437499993339e-01	9.166832217695970730e-02
2.576171874999993450e-01	9.487097948619389876e-02
4.152343749999994893e-01	1.405113049876020870e-01
3.770507812499994671e-01	1.280317924635120952e-01
3.132812499999994005e-01	1.004333912519911748e-01
5.901367187499997335e-01	2.084507467095163824e-01
2.842773437499993561e-01	9.061081930915926286e-02
5.056640624999995115e-01	1.625242274758912364e-01
2.935546874999994116e-01	9.012802286331124402e-02
8.329101562499998668e-01	3.107673147192540064e-01
2.788085937499993339e-01	8.124287112431657909e-02
3.276367187499993339e-01	9.332786902668749329e-02
6.220703124999997780e-01	2.008198043599935256e-01
4.941406249999995559e-01	1.451397574531783363e-01
6.011718749999996891e-01	1.814520349615542372e-01
8.016601562499998668e-01	2.674618522570297308e-01
6.125976562499996225e-01	1.804071730174311161e-01
6.431640624999996891e-01	1.923052750504627983e-01
5.916015624999997335e-01	1.666758171050618798e-01
7.494140624999998668e-01	2.296850711877097828e-01
9.085937499999998668e-01	2.970800217488692718e-01
4.971679687499995781e-01	1.305120223391884049e-01
3.034179687499993783e-01	7.299556333640780381e-02
4.154296874999994782e-01	1.013076555265777917e-01
4.312499999999994671e-01	1.061407446622700257e-01
3.555664062499993561e-01	8.534560888884257235e-02
5.947265624999997780e-01	1.542241876980496584e-01
4.213867187499994449e-01	9.863521749213620404e-02
4.566406249999994671e-01	1.087839805218197148e-01
