2.185546874999992895e-01	9.319027109274481691e-02
6.971679687499996447e-01	3.464061951204717160e-01
5.309570312499996003e-01	2.305170555395696652e-01
2.164257812500002487e+00	1.854034437377133804e+00
8.133789062499997558e-01	3.774312996559223143e-01
3.974609374999995004e-01	1.522242242030077131e-01
3.091796874999994116e-01	1.125769462397792492e-01
1.494140624999992228e-01	5.944350343772657891e-02
9.458984374999999112e-01	3.966363163604134656e-01
4.468749999999995226e-01	1.591089755412415929e-01
5.859374999999996669e-01	2.108917655739118435e-01
8.946289062500000222e-01	3.624042945379535308e-01
7.221679687499997780e-01	2.633636410369302183e-01
2.427734374999993561e-01	7.746298601599477252e-02
5.613281249999995115e-01	1.844992384968882904e-01
5.619140624999996447e-01	1.752362486089074078e-01
8.079101562499998446e-01	2.835430564893765548e-01
3.957031249999994893e-01	1.130184425116104729e-01
3.993164062499994227e-01	1.166937075253635103e-01
5.037109374999995115e-01	1.475381324453867160e-01
1.018164062499999911e+00	3.618455644317767339e-01
3.074218749999994005e-01	8.509067510609180651e-02
9.073242187499999112e-01	2.955782990176881730e-01
5.948242187499996891e-01	1.690492244353620499e-01
6.273437499999996447e-01	1.674238613766834416e-01
4.348632812499995115e-01	1.129659412923316175e-01
4.553710937499995115e-01	1.173216848129203793e-01
2.958007812499994227e-01	7.535831814991228450e-02
5.010742187499995781e-01	1.289730070236206894e-01
3.309570312499994227e-01	8.034249061614487375e-02
4.564453124999994782e-01	1.092988143983059518e-01
5.231445312499996003e-01	1.294572562292891638e-01
4.509765624999995115e-01	1.057664498145404891e-01
5.800781249999995559e-01	1.437315361006654413e-01
4.750976562499995559e-01	1.113641493690324807e-01
