1.131347656250000000e+00	7.423062983117678648e-01
4.144531249999994227e-01	1.767517483196681116e-01
3.638671874999994116e-01	1.466879970153417700e-01
3.166015624999993783e-01	1.207189943736530630e-01
3.816406249999994005e-01	1.456069841539842091e-01
5.062499999999995337e-01	1.993885493654024288e-01
6.076171874999996003e-01	2.421385294756695783e-01
6.269531249999996669e-01	2.421291120821834342e-01
5.416015624999996891e-01	1.976189923000852555e-01
5.863281249999996447e-01	2.091665989798444925e-01
4.515624999999995337e-01	1.508286253290163914e-01
8.254882812499998446e-01	3.116728258257506212e-01
7.594726562499997113e-01	2.688137109215013032e-01
7.186523437499997558e-01	2.452938221655071860e-01
6.969726562499997113e-01	2.289416130554746964e-01
5.981445312499996669e-01	1.852937400661419654e-01
6.124023437499995781e-01	1.881387946653224896e-01
3.458984374999994338e-01	9.946289246344817980e-02
7.511718749999998224e-01	2.318199903128809469e-01
4.143554687499994005e-01	1.133715773617688244e-01
5.032226562499996225e-01	1.353330290019940096e-01
4.476562499999995337e-01	1.173498174356450152e-01
4.991210937499995781e-01	1.324619452386501250e-01
5.698242187499996669e-01	1.527224109016238895e-01
6.585937499999996447e-01	1.798784913200175417e-01
4.342773437499994893e-01	1.093956074601874079e-01
3.887695312499994671e-01	9.581958128518737461e-02
4.086914062499994449e-01	1.004823336642427789e-01
8.007812499999997780e-01	2.171066958744934106e-01
3.430664062499994005e-01	8.352240056032129989e-02
4.468749999999995226e-01	1.056206778772429689e-01
6.111328124999995115e-01	1.484054245723899490e-01
7.322265624999997335e-01	1.838305421875385259e-01
5.040039062499995781e-01	1.169779520744943374e-01
5.069335937499995781e-01	1.137602988370307183e-01
