3.778320312499994227e-01	1.758354757652722256e-01
3.950195312499995559e-01	1.748809014650330451e-01
8.368164062499999778e-01	4.382470773111121765e-01
2.941406249999993783e-01	1.161741574411866984e-01
2.523437499999993117e-01	1.031984716837022337e-01
7.345703124999998224e-01	3.300543547230379571e-01
2.741210937499993783e-01	1.009267817112364796e-01
4.937499999999995781e-01	1.863126771942566207e-01
4.193359374999995337e-01	1.521287798905337219e-01
2.566406249999992895e-01	9.351013202280471226e-02
4.975585937499995559e-01	1.693303136823808841e-01
5.601562499999994671e-01	1.918940660631173745e-01
4.311523437499994449e-01	1.408357328153294064e-01
4.285156249999995115e-01	1.361328134053360062e-01
9.062499999999998890e-01	3.275145087770386931e-01
3.837890624999994449e-01	1.201711286684674918e-01
3.863281249999994671e-01	1.180780754313922459e-01
5.180664062499996669e-01	1.550146762754998631e-01
4.419921874999995226e-01	1.289928511774459940e-01
5.592773437499994893e-01	1.630421477500619831e-01
7.416015624999998668e-01	2.239682234555825380e-01
3.677734374999994671e-01	1.047658834431462044e-01
2.859374999999994005e-01	8.095436282894942492e-02
4.910156249999995115e-01	1.328478866783035228e-01
4.880859374999995670e-01	1.318391111355267653e-01
4.517578124999995226e-01	1.164021335878499680e-01
6.231445312499996891e-01	1.606149128205456300e-01
5.407226562499997113e-01	1.372522953856797068e-01
3.771484374999994338e-01	9.706515806121526757e-02
4.156249999999994671e-01	1.038875547792494358e-01
6.042968749999996225e-01	1.498047064606891909e-01
3.923828124999994560e-01	9.759356544102257280e-02
3.495117187499994227e-01	8.551344472517147244e-02
4.844726562499995781e-01	1.138649434306831659e-01
4.979492187499995337e-01	1.143010226586380351e-01
