7.860351562499998668e-01	4.109545892119280119e-01
5.562499999999995781e-01	2.446683951323369577e-01
3.741210937499994671e-01	1.447011980247807639e-01
2.156249999999992895e-01	8.601300064309777560e-02
6.488281249999996447e-01	2.693658853143691134e-01
3.371093749999993783e-01	1.187188454070963184e-01
4.865234374999995448e-01	1.737398497686104548e-01
7.849609374999997335e-01	3.204101470338946434e-01
5.553710937499994893e-01	1.975689006546445803e-01
4.644531249999994671e-01	1.563123349685336116e-01
4.155273437499994449e-01	1.315520864994901840e-01
3.906249999999994449e-01	1.225985337083442261e-01
5.788085937499994893e-01	1.843198129328731394e-01
5.250976562499996003e-01	1.629715202385510764e-01
5.312499999999995559e-01	1.626284689721703980e-01
6.630859374999995559e-01	2.053089643017151356e-01
5.874999999999996891e-01	1.756616193507067603e-01
6.392578124999996891e-01	1.891640761838123130e-01
3.198242187499994449e-01	8.982377151525300363e-02
3.784179687499994449e-01	1.015506894998579324e-01
5.580078124999996447e-01	1.535358824250412646e-01
6.164062499999996003e-01	1.683204267863342152e-01
5.923828124999996891e-01	1.578377615923288735e-01
3.841796874999994782e-01	9.987291939968119536e-02
4.416992187499995115e-01	1.108023961974065053e-01
3.980468749999994671e-01	9.828436823959044166e-02
4.200195312499995781e-01	1.036423161897970235e-01
4.961914062499995781e-01	1.214658559032502083e-01
5.977539062499995781e-01	1.490544966015096007e-01
2.870117187499993117e-01	7.166383218484634332e-02
7.065429687499996669e-01	1.776255634691638607e-01
6.045898437499995781e-01	1.457345595764386326e-01
4.494140624999994893e-01	1.009727664585506890e-01
5.503906249999995781e-01	1.256561641203267909e-01
5.231445312499996003e-01	1.181158074366497890e-01
