3.729492187499994227e-01	1.538322201323905347e-01
1.342773437499992506e-01	6.862735889602085415e-02
3.632812499999994449e-01	1.471126028752036685e-01
4.644531249999994671e-01	1.836057913184555024e-01
5.009765624999995559e-01	1.933772914163749690e-01
5.929687499999996003e-01	2.309192156167222953e-01
4.146484374999994671e-01	1.441791918578578247e-01
3.423828124999994116e-01	1.172019629893726184e-01
5.305664062499996225e-01	1.832491235875651492e-01
3.290039062499994227e-01	1.085561252039270175e-01
5.886718749999997335e-01	2.008994120991314802e-01
6.099609374999994671e-01	2.011406871677785813e-01
3.043945312499993783e-01	9.404450082611882922e-02
4.074218749999994893e-01	1.223129453635850711e-01
5.299804687499994893e-01	1.620700104836874933e-01
4.128906249999995115e-01	1.197544580943010750e-01
6.828124999999997113e-01	2.097509394139419336e-01
7.711914062499999334e-01	2.409895727214883820e-01
3.782226562499994005e-01	1.040032583424865265e-01
5.028320312499996447e-01	1.389208104457967385e-01
5.081054687499995115e-01	1.342716747309705416e-01
3.227539062499994449e-01	8.564991870451260647e-02
2.418945312499993228e-01	6.940895211966316425e-02
4.143554687499994005e-01	1.067073617834869981e-01
3.083984374999994005e-01	7.933784018876656463e-02
5.829101562499996447e-01	1.512516309328813535e-01
5.495117187499996003e-01	1.366856744192740392e-01
7.551757812499997335e-01	2.013953329968049544e-01
5.375976562499996669e-01	1.323132003551806823e-01
3.392578124999993672e-01	8.302151793818463021e-02
4.499999999999995115e-01	1.060725219130937425e-01
7.495117187499997780e-01	1.902217388786885954e-01
4.059570312499994893e-01	9.414789888177588217e-02
5.169921874999996447e-01	1.195733616320558274e-01
5.306640624999996447e-01	1.212433121001248587e-01
