3.598632812499994449e-01	9.162086651155285089e-02
5.841796874999996003e-01	1.347543437800161892e-01
3.597656249999994227e-01	8.415027034415052676e-02
4.138671874999994560e-01	9.142681819611378491e-02
2.888671874999993450e-01	6.876243799144617086e-02
4.354492187499995337e-01	8.999483846539912957e-02
4.368164062499995115e-01	8.868970482063576188e-02
4.832031249999995115e-01	9.715367628530809097e-02
5.703124999999996669e-01	1.142261894389177135e-01
5.082031249999995337e-01	1.010078972362311173e-01
5.839843749999996669e-01	1.210704693934262915e-01
6.015624999999996669e-01	1.232104550046990710e-01
5.124023437499994893e-01	9.513377147224320873e-02
5.226562499999996003e-01	9.567458601143183361e-02
4.403320312499995337e-01	7.484797009414725921e-02
3.982421874999994560e-01	6.514258328557812061e-02
3.363281249999994227e-01	5.300526950893919009e-02
5.169921874999996447e-01	8.686924930621360563e-02
5.169921874999996447e-01	8.810751508159667122e-02
6.268554687499996447e-01	1.202689040539807602e-01
4.614257812499995559e-01	7.220702002256242091e-02
4.627929687499995337e-01	7.157273875877197267e-02
5.455078124999996891e-01	8.963843034321818115e-02
5.711914062499997558e-01	9.668029077678846894e-02
4.533203124999994893e-01	6.431411698011940681e-02
5.151367187499995559e-01	7.969093381544622989e-02
4.220703124999994893e-01	5.751761780289190579e-02
5.504882812499996003e-01	8.762965719465073966e-02
4.184570312499995559e-01	5.624263482815628629e-02
5.210937499999996891e-01	7.643141430622023280e-02
5.979492187499996225e-01	9.675900586540735204e-02
5.018554687499995337e-01	7.130383093435720132e-02
4.118164062499994893e-01	5.285137956039305529e-02
6.114257812499995781e-01	9.762849888768496132e-02
5.369140624999997335e-01	7.694036718873834002e-02
