3.671874999999994449e-01	1.567343416266961942e-01
1.151855468750000444e+00	6.975727013444995572e-01
4.927734374999995781e-01	2.042059200167405664e-01
3.570312499999994116e-01	1.340930798289771686e-01
6.595703124999996447e-01	2.674831321071140522e-01
4.094726562499995115e-01	1.491456150872518538e-01
6.915039062499998002e-01	2.749931224694524556e-01
9.016601562499999556e-01	3.887223438815415877e-01
5.056640624999995115e-01	1.745951471876426575e-01
7.387695312499998890e-01	2.774616063844129177e-01
3.971679687499994893e-01	1.294847222608592197e-01
5.345703124999996447e-01	1.766167891965092496e-01
6.336914062499997558e-01	2.106450437484585769e-01
3.874023437499994893e-01	1.169650636694115481e-01
6.666015624999996891e-01	2.174414746896241035e-01
5.626953124999996003e-01	1.721817142257152933e-01
4.167968749999995115e-01	1.208011063552867498e-01
6.614257812499996225e-01	2.014822029536983139e-01
5.408203124999997335e-01	1.548473456394810488e-01
6.406249999999997780e-01	1.878264301780755430e-01
3.131835937499993783e-01	8.355590801448242733e-02
4.295898437499994227e-01	1.129207474796271871e-01
4.571289062499994671e-01	1.198567364779039024e-01
7.934570312499998890e-01	2.350616354737622982e-01
4.611328124999995448e-01	1.176646018740074573e-01
3.558593749999994227e-01	8.976958952682462245e-02
6.219726562499997558e-01	1.642468175377282680e-01
6.216796874999996891e-01	1.628328492338068090e-01
4.352539062499994893e-01	1.064716140872885436e-01
5.792968749999996003e-01	1.425453224088136239e-01
3.664062499999994338e-01	8.621460844693766556e-02
4.629882812499995781e-01	1.089970858792295022e-01
4.304687499999994560e-01	9.776743194860745834e-02
3.726562499999994671e-01	8.468455366970933929e-02
4.287109374999995004e-01	9.576368339694329990e-02
