4.476562499999995337e-01	1.944111576060505719e-01
4.314453124999994560e-01	1.777571762210701234e-01
4.469726562499994893e-01	1.778747830971961486e-01
3.064453124999993450e-01	1.199489217796910062e-01
3.231445312499994227e-01	1.205981236947073487e-01
5.906249999999997335e-01	2.188307266441639476e-01
3.807617187499994227e-01	1.347499795032595094e-01
5.129882812499995115e-01	1.817198174516297393e-01
6.132812499999995559e-01	2.113435366304136087e-01
6.545898437499996225e-01	2.286800218867592327e-01
6.408203124999998224e-01	2.175774602617683295e-01
5.292968749999995559e-01	1.737676881328639455e-01
4.921874999999995559e-01	1.521104684437055155e-01
4.518554687499994893e-01	1.358142273218774787e-01
4.695312499999995670e-01	1.424908517519696827e-01
4.516601562499995559e-01	1.372791577074939928e-01
4.335937499999995004e-01	1.255832993029267763e-01
6.253906249999996447e-01	1.777999916098291500e-01
5.794921874999996447e-01	1.638417498505523595e-01
5.872070312499997335e-01	1.614639591240253635e-01
3.652343749999994449e-01	1.059590565810941409e-01
5.476562499999995115e-01	1.479749359686620691e-01
5.854492187499996669e-01	1.544165017118850347e-01
4.370117187499994449e-01	1.167327234267033220e-01
5.430664062499995781e-01	1.418797529759330822e-01
3.880859374999994782e-01	1.026346991767301126e-01
5.262695312499996447e-01	1.309990523160620979e-01
7.631835937499996669e-01	1.919437006565578308e-01
3.440429687499994005e-01	9.387382630756972712e-02
5.211914062499997113e-01	1.268684938532854134e-01
4.295898437499994227e-01	1.051228341521837639e-01
6.279296874999995559e-01	1.493439949284500190e-01
5.166992187499995781e-01	1.186681737560436323e-01
4.445312499999995448e-01	1.062040771257756755e-01
5.120117187499995115e-01	1.171103194773027989e-01
