6.180664062499997558e-01	2.846838840971274709e-01
6.008789062499996225e-01	2.658496833728876130e-01
4.082031249999994449e-01	1.597003627842914497e-01
2.492187499999993228e-01	9.446675335524301609e-02
7.578124999999997780e-01	3.251333022199350276e-01
5.185546874999995559e-01	1.926552207708473741e-01
6.628906249999996225e-01	2.549509608957359341e-01
9.335937500000000000e-01	3.910099594237090304e-01
2.929687499999993894e-01	1.002932724308003842e-01
5.876953124999997335e-01	2.052564819201803670e-01
4.295898437499994227e-01	1.402303925733690837e-01
6.224609374999996447e-01	2.068008730931323313e-01
2.915039062499993339e-01	9.113373835926946720e-02
2.418945312499993228e-01	7.694828418415726456e-02
6.221679687499996891e-01	1.943406053962056790e-01
4.264648437499994893e-01	1.245159732415619253e-01
4.555664062499994449e-01	1.301365325404986728e-01
2.918945312499994227e-01	8.250392436778043737e-02
5.051757812499995115e-01	1.426667810091922783e-01
4.937499999999995781e-01	1.340770261140887820e-01
5.008789062499995337e-01	1.337533747533040385e-01
6.149414062499997113e-01	1.683971538843795634e-01
4.985351562499995559e-01	1.312766318941806509e-01
4.879882812499996003e-01	1.272825849032518664e-01
5.501953124999996447e-01	1.401743401974954728e-01
4.886718749999995337e-01	1.212034550983596554e-01
3.247070312499994449e-01	8.056974507868047697e-02
5.438476562499996447e-01	1.337524245653983479e-01
4.303710937499994893e-01	1.019830051177011837e-01
4.353515624999995115e-01	1.029940202738711952e-01
5.253906249999995559e-01	1.250739279317497898e-01
5.196289062499995781e-01	1.199888162091786309e-01
3.704101562499995115e-01	8.330010402561562055e-02
2.160156249999992950e-01	5.548455461564177904e-02
6.527343749999997558e-01	1.539629444286894078e-01
