3.242187499999993894e-01	1.371911598720218228e-01
3.072265624999993561e-01	1.237919535841456170e-01
2.668945312499994005e-01	1.067466617406538643e-01
2.097656249999993172e-01	8.352762596229912351e-02
1.090722656250000089e+00	5.885013647700114703e-01
5.379882812499996447e-01	2.052078472337202086e-01
5.066406249999995115e-01	1.853870986061683657e-01
4.767578124999995448e-01	1.721294503373866080e-01
4.563476562499995115e-01	1.589781792761381651e-01
4.382812499999995115e-01	1.488621880353109272e-01
4.035156249999994893e-01	1.282343024340244497e-01
3.069335937499994005e-01	9.889903139616866568e-02
5.374023437499996225e-01	1.738443596760537169e-01
5.156249999999995559e-01	1.607883823873499651e-01
4.525390624999994782e-01	1.354845670268374491e-01
3.704101562499995115e-01	1.074747847163077114e-01
5.118164062499995781e-01	1.507154622060322691e-01
5.313476562499995781e-01	1.539758587978130033e-01
5.222656249999996225e-01	1.496028110664722466e-01
3.559570312499994449e-01	9.425914425427796284e-02
6.888671874999998668e-01	2.030832121502923193e-01
4.615234374999995226e-01	1.218374669798630572e-01
8.716796874999999112e-01	2.656110610508145564e-01
4.289062499999994893e-01	1.084408372475078181e-01
4.164062499999994782e-01	1.047968943929155627e-01
4.612304687499995115e-01	1.140400948456196939e-01
6.828124999999997113e-01	1.842736850408785154e-01
5.039062499999995559e-01	1.247655422118472690e-01
3.693359374999994893e-01	8.960500002353465054e-02
6.333984374999996891e-01	1.575007314468861441e-01
4.766601562499995781e-01	1.114790536670244997e-01
4.275390624999994560e-01	9.879465308352140818e-02
4.436523437499995115e-01	1.009487755462655095e-01
3.425781249999994005e-01	7.640590627538777768e-02
3.080078124999993672e-01	6.973475750151894581e-02
