3.874999999999994560e-01	1.664086945105295312e-01
2.845703124999993672e-01	1.180216018313591103e-01
6.827148437499996891e-01	3.013010664145221451e-01
1.034082031250000089e+00	5.160659990675514619e-01
5.262695312499996447e-01	2.045286570530235049e-01
4.081054687499994227e-01	1.513410268061101682e-01
4.804687499999995004e-01	1.769314678550912290e-01
4.130859374999995004e-01	1.431913476649745998e-01
5.624999999999995559e-01	1.936467159243180358e-01
5.604492187499995337e-01	1.914574780450489511e-01
3.719726562499994227e-01	1.238528175649797475e-01
8.631835937499997558e-01	3.108591827461968937e-01
3.021484374999993672e-01	9.847575739696375063e-02
3.290039062499994227e-01	1.048498040628349920e-01
5.236328124999996003e-01	1.556606986480159882e-01
4.277343749999994449e-01	1.277650606535096212e-01
6.645507812499996669e-01	1.943671536741388428e-01
5.082031249999995337e-01	1.459781282500560995e-01
3.276367187499993339e-01	9.470061339429405867e-02
5.016601562499996003e-01	1.381182155707237902e-01
6.742187499999996447e-01	1.884262642128389509e-01
6.909179687499997780e-01	1.903875456612595940e-01
5.535156249999996225e-01	1.440373154731305338e-01
4.506835937499995559e-01	1.157615223065601717e-01
4.366210937499994671e-01	1.100085643106029076e-01
5.483398437499995559e-01	1.390102071000923201e-01
7.624023437499997113e-01	1.987107795434415181e-01
5.464843749999995781e-01	1.332330870540303913e-01
6.190429687499996447e-01	1.527831238038927786e-01
2.803710937499993561e-01	7.477778211305026457e-02
3.468749999999994338e-01	8.621593408155703298e-02
4.729492187499995115e-01	1.085178283517019976e-01
5.910156249999997113e-01	1.356174340398624001e-01
5.514648437499996003e-01	1.276109595027998811e-01
4.534179687499995115e-01	1.027772289210209244e-01
