3.882812499999994671e-01	1.616963621551555930e-01
3.136718749999993783e-01	1.251617721315975984e-01
7.982421874999998668e-01	4.027151718824020787e-01
4.860351562499996003e-01	1.955071566910569492e-01
4.088867187499994893e-01	1.541563118205586946e-01
8.051757812499997780e-01	3.664006463528042823e-01
2.298828124999993117e-01	8.312202324327644387e-02
1.073242187500000222e+00	5.245261467368120822e-01
6.227539062499997113e-01	2.343816232873388306e-01
4.205078124999995226e-01	1.410688792356846466e-01
5.189453124999996447e-01	1.774327152855729450e-01
5.166015624999995559e-01	1.727913683776574061e-01
2.911132812499993561e-01	8.954039563039768723e-02
4.107421874999995226e-01	1.270953151799690817e-01
9.145507812499998890e-01	3.501157304041599416e-01
4.181640624999994893e-01	1.254412052502227870e-01
5.240234374999994671e-01	1.596787500451036235e-01
4.428710937499995559e-01	1.240007114732105675e-01
4.893554687499994671e-01	1.390847120239619705e-01
5.977539062499995781e-01	1.788264933614729379e-01
4.566406249999994671e-01	1.266545677875320630e-01
6.298828124999995559e-01	1.823211604008985187e-01
5.270507812499996003e-01	1.460437466575746079e-01
4.687499999999995559e-01	1.205690181612220913e-01
5.659179687499995559e-01	1.537007423148046836e-01
4.471679687499995337e-01	1.119203299978260430e-01
4.324218749999995115e-01	1.076998561046951935e-01
4.728515624999995448e-01	1.182520239229894882e-01
4.078124999999994671e-01	9.920452217732909916e-02
6.754882812499997113e-01	1.809287926688948889e-01
5.781249999999995559e-01	1.426171544939241753e-01
5.471679687499995115e-01	1.329679582913910196e-01
4.053710937499994671e-01	9.325195549943232631e-02
4.540039062499995337e-01	1.035853131579945602e-01
3.643554687499993561e-01	8.178651235929358665e-02
