8.324218749999998668e-01	4.180306620397651884e-01
6.485351562499996891e-01	2.892267976514827366e-01
3.283203124999993783e-01	1.288595326937667929e-01
3.213183593750005063e+00	3.311644078175805195e+00
5.829101562499996447e-01	2.324709503437493163e-01
2.593750000000003109e+00	2.005217182694606137e+00
9.161132812499999112e-01	4.009876950167008403e-01
4.289062499999994893e-01	1.525264360276168962e-01
5.162109374999994671e-01	1.869460146038990911e-01
9.948242187500000444e-01	4.254985245735081745e-01
3.371093749999993783e-01	1.098896345121753854e-01
5.551757812499995559e-01	1.896247245421550931e-01
5.983398437499996003e-01	2.045924250799137645e-01
5.957031249999996669e-01	1.999296125583450434e-01
5.314453124999996003e-01	1.690062753619009928e-01
5.582031249999995781e-01	1.774688343581934113e-01
3.010742187499994005e-01	8.718450213161998974e-02
7.605468749999997335e-01	2.598572832175355396e-01
8.411132812499999556e-01	2.923524737068972090e-01
3.216796874999994227e-01	8.975764190043247770e-02
6.027343749999997113e-01	1.821722838089180618e-01
6.025390624999997780e-01	1.798703454123651568e-01
5.727539062499996669e-01	1.664097419492447938e-01
5.222656249999996225e-01	1.449715220213425027e-01
1.161035156250000533e+00	4.307671465424336432e-01
6.606445312499996669e-01	1.917888893560275310e-01
3.215820312499994005e-01	7.875116856013074373e-02
4.228515624999995004e-01	1.074717231908639964e-01
4.014648437499994671e-01	1.003221360975474485e-01
4.562499999999994893e-01	1.150150301783754159e-01
4.141601562499994671e-01	1.022175506042496407e-01
3.624023437499994671e-01	8.552980242768289110e-02
4.259765624999994893e-01	1.030576586613059092e-01
4.663085937499995559e-01	1.155922560902028634e-01
5.628906249999995337e-01	1.428541148558865048e-01
