5.184570312499996447e-01	2.328068814418123023e-01
3.858398437499994671e-01	1.569326901174519229e-01
3.650390624999994005e-01	1.457893154290735294e-01
4.508789062499994893e-01	1.762347618006200600e-01
4.512695312499995781e-01	1.693150665902084517e-01
2.780273437499993783e-01	9.747637783202434125e-02
4.617187499999995115e-01	1.681868922607530625e-01
6.145507812499996225e-01	2.340061823046685752e-01
5.551757812499995559e-01	2.010955961216824017e-01
4.471679687499995337e-01	1.485167109626438220e-01
7.764648437499998002e-01	3.057391433036590889e-01
3.688476562499994893e-01	1.128876060548644478e-01
7.477539062499997113e-01	2.755721894408856287e-01
4.324218749999995115e-01	1.303549840867934961e-01
5.556640624999995559e-01	1.769765881704997434e-01
4.546874999999994671e-01	1.348873247390177388e-01
3.327148437499993783e-01	9.306724264446004924e-02
3.192382812499994227e-01	8.794910453432534803e-02
4.243164062499994449e-01	1.201913363262396006e-01
5.638671874999996447e-01	1.668549183658253887e-01
4.281249999999994782e-01	1.163790820097949097e-01
4.293945312499994893e-01	1.149840452221163878e-01
4.668945312499995781e-01	1.248454377810016419e-01
4.116210937499994449e-01	1.055173674593555544e-01
3.627929687499994449e-01	9.083618413315019957e-02
6.072265624999997335e-01	1.683088501672937165e-01
4.708984374999995448e-01	1.197809256556707641e-01
5.490234374999996003e-01	1.446048076809029470e-01
4.444335937499995781e-01	1.079650806718318590e-01
7.904296874999998668e-01	2.320778739831008686e-01
5.111328124999994227e-01	1.267483203813783987e-01
5.562499999999995781e-01	1.385059793860361488e-01
7.609374999999997113e-01	2.112172945004053282e-01
6.088867187499995559e-01	1.534277306662106821e-01
4.723632812499996003e-01	1.082963779657685477e-01
