5.670898437499996003e-01	2.473745129150472510e-01
2.772460937499993117e-01	1.120430713542861223e-01
1.887695312499992617e-01	8.184621044885692642e-02
3.447265624999994449e-01	1.306377710757584687e-01
4.521484374999995004e-01	1.650151811207756225e-01
5.398437499999997335e-01	1.998766129619934384e-01
5.374023437499996225e-01	1.924986811555674526e-01
8.056640624999997780e-01	3.178030840455338679e-01
5.580078124999996447e-01	1.904081852942785535e-01
4.440429687499994893e-01	1.431326494124197379e-01
3.916992187499994671e-01	1.239979268882443197e-01
4.551757812499994671e-01	1.393915839250796929e-01
7.204101562499998224e-01	2.400794333201401731e-01
5.880859374999996003e-01	1.834357200907227314e-01
3.885742187499994227e-01	1.130883719792757508e-01
4.059570312499994893e-01	1.156672206789243623e-01
5.282226562499995337e-01	1.515452084518700560e-01
4.019531249999994671e-01	1.104991874334278479e-01
3.148437499999993672e-01	8.874825824493860760e-02
4.621093749999994893e-01	1.240048046754590183e-01
4.554687499999994782e-01	1.204775840004333742e-01
4.916015624999995337e-01	1.292500165688814651e-01
3.504882812499994227e-01	8.917581908664323764e-02
4.096679687499994449e-01	1.015390258317948047e-01
3.368164062499994227e-01	8.530273823162425051e-02
5.155273437499995337e-01	1.273983444319129743e-01
4.848632812499995559e-01	1.189942283519124927e-01
2.666015624999993339e-01	6.655000274497360757e-02
6.147460937499996669e-01	1.535274633792935162e-01
5.706054687499996225e-01	1.363959223160874368e-01
5.362304687499995781e-01	1.258332039004932124e-01
5.382812499999996003e-01	1.245328370127191664e-01
5.436523437499996003e-01	1.241624311801609176e-01
4.547851562499994893e-01	1.012543856875807724e-01
4.972656249999996003e-01	1.089272845474063972e-01
