6.295898437499996003e-01	2.956702204051367966e-01
9.810546874999999112e-01	5.287556637983692465e-01
4.833007812499995337e-01	1.994292442329080872e-01
2.991210937499994005e-01	1.169544648585166685e-01
4.217773437499995337e-01	1.611135138299204517e-01
1.027929687499999911e+00	4.798013790196602457e-01
4.410156249999994671e-01	1.555400879838294559e-01
5.718749999999996891e-01	2.091418309432306610e-01
8.785156249999998002e-01	3.432445574260364896e-01
3.779296874999994449e-01	1.286776856191151619e-01
7.478515624999997335e-01	2.695676021425972846e-01
3.531249999999994116e-01	1.126231736807642853e-01
4.471679687499995337e-01	1.399280832584255951e-01
7.672851562499998224e-01	2.577284297140488567e-01
3.011718749999994227e-01	9.197180493083850772e-02
6.550781249999996225e-01	2.027300847590754740e-01
3.090820312499994449e-01	9.062535447428966828e-02
5.053710937499994449e-01	1.464715502540494263e-01
9.003906249999998890e-01	2.906035808675761500e-01
4.774414062499995337e-01	1.348990208704530236e-01
7.248046874999998224e-01	2.068456469422562671e-01
5.071289062499996225e-01	1.332406338583387029e-01
5.030273437499995781e-01	1.331598365760182645e-01
5.578124999999996003e-01	1.466709060824742394e-01
5.537109374999995559e-01	1.441844264065426651e-01
5.804687499999996447e-01	1.507058446038427313e-01
5.121093749999995337e-01	1.269478960639298382e-01
5.642578124999995115e-01	1.381781827789418937e-01
5.070312499999996003e-01	1.240768408176455562e-01
7.975585937499997113e-01	2.079941343888880301e-01
4.945312499999995892e-01	1.179048004185709597e-01
6.164062499999996003e-01	1.461941259958224604e-01
4.436523437499995115e-01	1.011517106421126050e-01
5.554687499999995115e-01	1.286575898312479205e-01
4.342773437499994893e-01	9.766653109778032638e-02
