1.155761718750000444e+00	6.598708136099459276e-01
6.279296874999995559e-01	2.639468163147369872e-01
2.291015624999993006e-01	9.191624387913199801e-02
1.018554687499999778e+00	4.779594776166756209e-01
4.813476562499995337e-01	1.810239444072762049e-01
7.674804687499997558e-01	3.101388461637164529e-01
3.152343749999994005e-01	1.110309574886733236e-01
3.530273437499994449e-01	1.208872739780756655e-01
3.598632812499994449e-01	1.198993895610656335e-01
6.705078124999996891e-01	2.382232289703889727e-01
4.141601562499994671e-01	1.275993771278221001e-01
6.243164062499996225e-01	2.019667174609104110e-01
5.335937499999996447e-01	1.666994440807860745e-01
4.679687499999995448e-01	1.393467088538107301e-01
2.881835937499993561e-01	8.458242826447988361e-02
4.920898437499995337e-01	1.416487772633495124e-01
3.384765624999994116e-01	9.619375569230621814e-02
5.257812499999996447e-01	1.526677511244159124e-01
3.331054687499993561e-01	8.918899570355488804e-02
6.578124999999996891e-01	1.923641734392222968e-01
2.796874999999993117e-01	7.402272388098786460e-02
4.566406249999994671e-01	1.221706477918234474e-01
5.680664062499997113e-01	1.549719990592152430e-01
5.649414062499996669e-01	1.512397949414806542e-01
3.801757812499994005e-01	9.547394619280932804e-02
3.620117187499993783e-01	8.817037974747463092e-02
8.859374999999999334e-01	2.628404774207124817e-01
6.279296874999995559e-01	1.623534225959178123e-01
6.226562499999996891e-01	1.574546968519811019e-01
7.056640624999996891e-01	1.852759170118823406e-01
3.478515624999994338e-01	7.995975826219692273e-02
4.579101562499995337e-01	1.065374138494517287e-01
4.907226562499995559e-01	1.130006177835983089e-01
4.085937499999994782e-01	9.204227603431970606e-02
4.010742187499994893e-01	8.906214719680866088e-02
