1.072460937500000044e+00	6.731156148628604230e-01
3.898437499999994338e-01	1.672101654546969685e-01
2.551757812499992895e-01	1.056613566828663586e-01
3.857421874999995004e-01	1.511478438766696297e-01
3.674804687499994005e-01	1.383930919104729151e-01
5.666015624999996003e-01	2.315705886068966102e-01
4.682617187499995559e-01	1.759805561653876305e-01
3.145507812499993561e-01	1.084421555802394799e-01
2.333984374999993339e-01	8.071118448952836755e-02
5.532226562499996669e-01	2.007722258887987277e-01
4.499999999999995115e-01	1.510687266965944908e-01
2.607421874999993894e-01	8.275059391628099281e-02
7.016601562499997780e-01	2.586367345771766746e-01
5.270507812499996003e-01	1.749341371675671997e-01
4.969726562499995337e-01	1.585470619090842137e-01
4.579101562499995337e-01	1.403441984683920507e-01
6.032226562499997113e-01	1.926180973390101692e-01
6.732421874999996447e-01	2.186258510615613215e-01
8.095703124999997780e-01	2.757847322099358789e-01
3.499023437499994005e-01	9.501503620734386146e-02
3.430664062499994005e-01	9.178758462162560361e-02
5.360351562499996447e-01	1.521899322895323148e-01
5.344726562499996225e-01	1.490042980248325877e-01
4.371093749999994671e-01	1.161647878044829441e-01
3.828124999999994449e-01	9.897160731704333914e-02
5.322265624999995559e-01	1.418197154815283301e-01
4.537109374999995226e-01	1.157825398098721176e-01
2.498046874999993450e-01	6.312151430542464747e-02
5.041992187499995115e-01	1.276357623644674422e-01
4.214843749999994671e-01	1.015787493236601918e-01
6.271484374999996003e-01	1.645205147874408136e-01
3.965820312499994671e-01	9.310689460269108708e-02
6.839843749999997558e-01	1.778791098012893479e-01
4.954101562499996225e-01	1.163440737900058863e-01
4.648437499999995004e-01	1.066961396973144238e-01
