4.017578124999994782e-01	1.766543444480165870e-01
5.180664062499996669e-01	2.267928753405439868e-01
9.875976562500000666e-01	5.137669942930228606e-01
3.459960937499994005e-01	1.395753055435760281e-01
4.688476562499995781e-01	1.837258210571418304e-01
1.185742187500000488e+00	5.996123569325076952e-01
8.259765624999999556e-01	3.461931047354470659e-01
1.068652343750000178e+00	4.689531206343520164e-01
6.077148437499996225e-01	2.238803204160405569e-01
4.942382812499995781e-01	1.757722446909114611e-01
2.506835937499993783e-01	9.643731167392688430e-02
4.437499999999995337e-01	1.519697817706392173e-01
3.824218749999994671e-01	1.285767757958437285e-01
5.598632812499995115e-01	1.827082389968412990e-01
3.763671874999994782e-01	1.179295113993291955e-01
2.405273437499993172e-01	8.093345862781721467e-02
7.325195312499998002e-01	2.342663767925767526e-01
5.400390624999997780e-01	1.621942997650360208e-01
8.208007812499998890e-01	2.573372348239006957e-01
6.924804687499996891e-01	2.039905545744758741e-01
5.995117187499996447e-01	1.720607960250950808e-01
3.424804687499993783e-01	1.003455959887905174e-01
4.986328124999995226e-01	1.386769448237721025e-01
5.164062499999995115e-01	1.359721799180557134e-01
4.927734374999995781e-01	1.337585547620125936e-01
3.170898437499993783e-01	8.932926933147791737e-02
5.991210937499996669e-01	1.550518183205617240e-01
5.693359374999995559e-01	1.448753713552783651e-01
3.190429687499993783e-01	8.902487105112825982e-02
4.374999999999995004e-01	1.089756444239380756e-01
4.553710937499995115e-01	1.098953796233013286e-01
5.616210937499995781e-01	1.348726877127628399e-01
4.202148437499995115e-01	1.011901312283095267e-01
7.065429687499996669e-01	1.711709932287954761e-01
3.999023437499994449e-01	9.607046095925657336e-02
