4.693359374999995781e-01	2.026818511484761443e-01
5.784179687499995115e-01	2.588269141457352762e-01
4.165039062499994449e-01	1.675400969230364523e-01
5.315429687499995115e-01	2.167997234957478314e-01
5.708984374999996891e-01	2.214534539720992290e-01
6.498046874999996447e-01	2.530883303737122558e-01
7.094726562499996669e-01	2.744442402008009929e-01
4.831054687499994893e-01	1.747048374316274022e-01
5.351562499999995559e-01	1.840232596669140186e-01
6.216796874999996891e-01	2.071201368153357536e-01
6.963867187499996891e-01	2.400910564421292470e-01
3.886718749999994449e-01	1.303106545398400040e-01
4.550781249999994449e-01	1.419348757533776539e-01
4.331054687499994449e-01	1.352374922540918178e-01
7.724609374999997780e-01	2.462994072714123073e-01
7.016601562499997780e-01	2.107123797428285539e-01
5.471679687499995115e-01	1.626138186536221220e-01
7.586914062499997558e-01	2.230812406558489724e-01
3.433593749999994671e-01	1.060829213491429057e-01
4.419921874999995226e-01	1.239130035406073027e-01
3.659179687499993783e-01	1.092768098869644072e-01
3.916015624999994449e-01	1.085491662068919644e-01
5.023437499999996447e-01	1.357514824719393276e-01
5.161132812499995559e-01	1.388039668660815962e-01
5.491210937499996225e-01	1.416063823235451102e-01
6.827148437499996891e-01	1.762743822986539421e-01
5.334960937499996225e-01	1.338460349941887340e-01
4.331054687499994449e-01	1.088115474784586284e-01
8.162109374999997335e-01	2.043603918003458475e-01
5.642578124999995115e-01	1.364714412049876924e-01
5.174804687499995337e-01	1.249747271481726207e-01
2.577148437499993117e-01	7.610101274552627526e-02
4.230468749999994893e-01	1.015441831480271978e-01
3.662109374999994449e-01	8.998473615795936353e-02
4.995117187499995559e-01	1.155888040743274087e-01
