6.986328124999996447e-01	3.479636050518029045e-01
2.454101562499993172e-01	1.078536105450899618e-01
3.785156249999994671e-01	1.519778100696221323e-01
2.907226562499993783e-01	1.142113605435598062e-01
3.571289062499993783e-01	1.360487243774709532e-01
4.478515624999995226e-01	1.678511567632643697e-01
5.309570312499996003e-01	1.957663412064749031e-01
2.751953124999993450e-01	1.005240189085918057e-01
5.079101562499995781e-01	1.761137437270396677e-01
4.601562499999995448e-01	1.555027668557211473e-01
7.143554687499996669e-01	2.482431886033147628e-01
5.377929687499996003e-01	1.746700227026675989e-01
7.724609374999997780e-01	2.586155924504646708e-01
4.192382812499995115e-01	1.296633798466529097e-01
4.575195312499995559e-01	1.404737836881181368e-01
4.953124999999996003e-01	1.516235942470337550e-01
7.587890624999997780e-01	2.350863671850977332e-01
3.461914062499994449e-01	1.082974930279207992e-01
5.473632812499995559e-01	1.537252623236470273e-01
4.343749999999995115e-01	1.249805855707200736e-01
7.216796874999997780e-01	2.049145946123866191e-01
6.057617187499996225e-01	1.669096833323193418e-01
2.143554687499993061e-01	7.798890692453977480e-02
3.524414062499994227e-01	9.891581294019985426e-02
5.573242187499996003e-01	1.444080686788031809e-01
4.791992187499994893e-01	1.249848450771678943e-01
8.095703124999997780e-01	2.132507369061561464e-01
6.726562499999997335e-01	1.683577038283215199e-01
5.818359374999995115e-01	1.483713936401961919e-01
4.971679687499995781e-01	1.217857820574016064e-01
3.385742187499993783e-01	9.021719598532590423e-02
6.293945312499996669e-01	1.536044061203574451e-01
3.898437499999994338e-01	9.757672621731765250e-02
4.690429687499995115e-01	1.112506081203806646e-01
4.149414062499994227e-01	9.799784699752824013e-02
