5.474609374999994671e-01	2.637056495509270126e-01
6.736328124999997335e-01	3.304712255812213839e-01
5.428710937499995337e-01	2.350892505957611900e-01
3.549804687499993339e-01	1.382016818073492359e-01
4.562499999999994893e-01	1.810380594773187690e-01
4.814453124999995004e-01	1.850318080819370881e-01
4.275390624999994560e-01	1.582596818790881765e-01
2.453124999999993228e-01	8.033190898585385042e-02
5.849609374999995559e-01	2.261344780385074194e-01
5.083007812499995559e-01	1.843081956479550865e-01
6.028320312499997335e-01	2.285588860832274971e-01
6.735351562499997113e-01	2.602413252411311384e-01
1.172265625000000533e+00	5.792406136832725094e-01
5.579101562499996225e-01	1.843763427711864189e-01
5.875976562499997113e-01	1.997965663043829443e-01
3.827148437499994227e-01	1.122972285444624740e-01
4.738281249999994893e-01	1.443093086002295578e-01
9.042968749999998890e-01	3.490454228072856768e-01
3.449218749999994893e-01	9.493023737174301202e-02
7.149414062499998002e-01	2.400455055697931495e-01
5.606445312499995781e-01	1.697993935474986227e-01
5.784179687499995115e-01	1.722691990256878802e-01
3.522460937499993783e-01	9.163527348493366587e-02
9.751953124999999112e-01	3.546255248634692103e-01
7.913085937499998446e-01	2.558499174188477165e-01
3.468749999999994338e-01	8.755268147650123456e-02
4.398437499999994782e-01	1.135256476354518790e-01
3.645507812499994005e-01	9.087906646403141886e-02
8.519531249999998668e-01	2.736725756967963163e-01
3.554687499999993894e-01	8.579376513074797594e-02
6.738281249999996669e-01	1.892327222462182046e-01
4.675781249999995115e-01	1.132806413300467829e-01
4.931640624999995559e-01	1.226384268682545187e-01
4.889648437499994893e-01	1.190007796900031251e-01
3.533203124999994005e-01	8.041418070269217011e-02
