4.163085937499995115e-01	1.680397414965734693e-01
4.700195312499996225e-01	1.894547198051412251e-01
3.539062499999994227e-01	1.325917817989060443e-01
3.817382812499994227e-01	1.368284776327827745e-01
5.583007812499996003e-01	2.126026041070917527e-01
2.958007812499994227e-01	1.028331917732019651e-01
4.018554687499994449e-01	1.356644253804163425e-01
5.958984374999996003e-01	2.188518426200028455e-01
4.264648437499994893e-01	1.394882723206730124e-01
6.598632812499996003e-01	2.365179728960745409e-01
4.997070312499996003e-01	1.599108863995378771e-01
2.285156249999993061e-01	7.109316393448193716e-02
5.445312499999996891e-01	1.744714842398801813e-01
6.669921874999997780e-01	2.241561189402933307e-01
8.374023437499998890e-01	2.989450033634107329e-01
6.447265624999998224e-01	2.030476288545864372e-01
5.385742187499996669e-01	1.569723610566580441e-01
2.422851562499993283e-01	6.874954483606596223e-02
3.621093749999994005e-01	9.588560534295580140e-02
3.722656249999994893e-01	9.948223362268469872e-02
7.147460937499997558e-01	2.170289368279819109e-01
3.583007812499994227e-01	9.188425209936938731e-02
4.879882812499996003e-01	1.283637214449464548e-01
4.817382812499995115e-01	1.258104842730343731e-01
4.904296874999995448e-01	1.271985713010533314e-01
7.302734374999997335e-01	2.095171488252753345e-01
4.376953124999994893e-01	1.057016318765791052e-01
4.701171874999995892e-01	1.147743471307114127e-01
3.315429687499993339e-01	7.794144041342862539e-02
7.225585937499997558e-01	1.958519961599314574e-01
4.588867187499995337e-01	1.086224737732129492e-01
5.648437499999996447e-01	1.383930018857812971e-01
5.156249999999995559e-01	1.209969115886518620e-01
5.113281249999994671e-01	1.188105799251111122e-01
4.399414062499994449e-01	9.864749949944909280e-02
