7.843749999999998224e-01	4.152412098900645776e-01
2.188476562499993006e-01	9.100341174390018384e-02
2.870117187499993117e-01	1.121027290392193898e-01
4.890624999999995115e-01	1.977902229259506095e-01
4.132812499999994893e-01	1.553464838883000521e-01
5.528320312499996891e-01	2.138824802003580772e-01
5.790039062499995337e-01	2.208186800715550013e-01
4.553710937499995115e-01	1.638958652778352287e-01
6.606445312499996669e-01	2.410825274628932424e-01
5.908203124999997780e-01	2.058988784454889587e-01
4.770507812499995559e-01	1.556488188402668227e-01
3.115234374999993894e-01	1.061822231770520875e-01
6.418945312499997335e-01	2.116139971282914589e-01
6.346679687499996447e-01	2.050339807257939573e-01
4.701171874999995892e-01	1.440739970894215904e-01
2.431640624999993339e-01	8.666036407217060644e-02
6.512695312499997558e-01	1.982309475358838280e-01
3.927734374999994893e-01	1.176503738523660136e-01
7.713867187499998668e-01	2.269797106348588889e-01
2.899414062499993117e-01	9.374596684887376297e-02
5.359374999999996225e-01	1.517155466792436680e-01
6.320312499999996003e-01	1.722494464119121160e-01
4.467773437499995559e-01	1.264771813516815113e-01
4.747070312499995781e-01	1.311404285020839611e-01
3.810546874999994338e-01	1.040542619639570482e-01
5.169921874999996447e-01	1.337442324765368284e-01
5.313476562499995781e-01	1.360819553068300936e-01
4.694335937499996003e-01	1.198972730923150848e-01
4.866210937499995115e-01	1.230747751552835195e-01
5.388671874999997335e-01	1.313546754642376801e-01
4.669921874999995448e-01	1.184653606381603358e-01
6.059570312499996669e-01	1.467687145889474409e-01
3.127929687499994005e-01	8.552117939904811672e-02
3.219726562499993783e-01	8.695776033873810207e-02
2.402343749999993061e-01	7.301240958466399811e-02
