5.386718749999996891e-01	2.357114174429822684e-01
8.145507812499998002e-01	4.068863995983575954e-01
3.565429687499993561e-01	1.399406889106538932e-01
7.111328124999996003e-01	3.153118799876937772e-01
3.790039062499994671e-01	1.421391046965127247e-01
5.156249999999995559e-01	1.952811973020752156e-01
7.955078124999999112e-01	3.427011166042164270e-01
6.893554687499997558e-01	2.749870425079180558e-01
4.589843749999995559e-01	1.595900027934490373e-01
3.557617187499994005e-01	1.151615627246571349e-01
3.482421874999994116e-01	1.098623049412227604e-01
5.286132812499995115e-01	1.780742630824767581e-01
3.088867187499994005e-01	9.297135207824867853e-02
5.464843749999995781e-01	1.783254630712263755e-01
5.567382812499995781e-01	1.813641079156364799e-01
3.183593749999994449e-01	9.013937825322980435e-02
4.430664062499994893e-01	1.296607865438089424e-01
5.928710937499995781e-01	1.891821816805106804e-01
4.230468749999994893e-01	1.213319315597700537e-01
4.556640624999994671e-01	1.278513442126976707e-01
4.126953124999994671e-01	1.132994769443570748e-01
6.848632812499997335e-01	2.174818531754070805e-01
4.856445312499996225e-01	1.343942286437914413e-01
7.150390624999998224e-01	2.241878395014030578e-01
2.549804687499992450e-01	6.321499289306280189e-02
2.740234374999993561e-01	6.777976948977959548e-02
6.125976562499996225e-01	1.747523279856482703e-01
7.065429687499996669e-01	2.103524825779513330e-01
5.258789062499996669e-01	1.397143453278296144e-01
3.263671874999994338e-01	7.646147865814595379e-02
6.632812499999996003e-01	1.876297727120252168e-01
4.814453124999995004e-01	1.210171324959387479e-01
5.786132812499995559e-01	1.507551574580884290e-01
7.023437499999998224e-01	1.947763875343299922e-01
5.481445312499996225e-01	1.361615035056720213e-01
