4.898437499999995226e-01	2.174845665962018282e-01
4.198242187499995337e-01	1.827907032876792126e-01
4.060546874999994560e-01	1.698755977540009621e-01
3.086914062499993561e-01	1.243284916213262953e-01
3.027343749999993339e-01	1.132149017980930567e-01
4.513671874999995448e-01	1.656016408908551896e-01
8.833007812499998890e-01	3.850739600227954251e-01
4.602539062499995115e-01	1.647294947758984052e-01
4.400390624999994671e-01	1.429676316450121387e-01
5.394531249999996447e-01	1.857988067400805632e-01
5.204101562499996447e-01	1.722573227861316780e-01
1.425292968750001332e+00	6.235385862495241849e-01
4.667968749999995559e-01	1.530775386266476634e-01
2.221679687499993339e-01	8.109214549139297235e-02
8.200195312499999334e-01	2.777418403470913177e-01
5.213867187499996447e-01	1.646881191314753246e-01
6.105468749999996003e-01	1.881870050583931142e-01
5.731445312499996447e-01	1.686929587102030392e-01
3.531249999999994116e-01	1.083558047425614984e-01
5.869140624999997780e-01	1.692696617547814197e-01
5.464843749999995781e-01	1.553457668702734051e-01
6.207031249999996891e-01	1.697973427463438656e-01
4.238281249999994449e-01	1.178313810718628757e-01
6.669921874999997780e-01	1.817914952582256327e-01
6.863281249999997335e-01	1.852736210500534886e-01
4.471679687499995337e-01	1.188105614340434490e-01
3.404296874999994116e-01	9.599620084823828892e-02
5.914062499999996891e-01	1.491241062555711538e-01
5.080078124999996003e-01	1.297593581308754684e-01
3.555664062499993561e-01	9.507033611209858570e-02
4.815429687499994671e-01	1.187010916770752378e-01
3.562499999999994005e-01	9.393142035779138144e-02
3.702148437499994671e-01	9.328970464807533058e-02
4.822265624999995115e-01	1.144426998864305906e-01
4.995117187499995559e-01	1.153440317649172542e-01
