6.147460937499996669e-01	3.035756490693587994e-01
1.170410156250000444e+00	7.466928170312703283e-01
1.726562499999992895e-01	7.590192777891045794e-02
1.272460937500000666e+00	7.523447888252938753e-01
4.602539062499995115e-01	1.947378092647036041e-01
5.442382812499996225e-01	2.259384082775523495e-01
3.546874999999993783e-01	1.354243297054198159e-01
5.327148437499995559e-01	2.071173767420277367e-01
3.167968749999994227e-01	1.121907112715495175e-01
4.946289062499995559e-01	1.804761865769452522e-01
4.894531249999994893e-01	1.717722090318807016e-01
4.789062499999995337e-01	1.643337701734053080e-01
4.245117187499994893e-01	1.366169271365029747e-01
4.329101562499995115e-01	1.351336619952938634e-01
4.610351562499995781e-01	1.471905680352875445e-01
3.184570312499994671e-01	9.846207270695443714e-02
4.781249999999995226e-01	1.456936164082228702e-01
5.900390624999998224e-01	1.778930402039731740e-01
5.257812499999996447e-01	1.527010591340487999e-01
5.438476562499996447e-01	1.573782246228118686e-01
4.486328124999994782e-01	1.253826332416996814e-01
5.703124999999996669e-01	1.598281096325503692e-01
4.033203124999994449e-01	1.091242276199269612e-01
6.494140624999997780e-01	1.780675474748179277e-01
6.773437499999996891e-01	1.843014226291072311e-01
8.467773437499998002e-01	2.404287374379094899e-01
4.787109374999995448e-01	1.223733095985718722e-01
4.317382812499994671e-01	1.079173262947686618e-01
4.495117187499995115e-01	1.117991985081246142e-01
8.073242187499998224e-01	2.119632694291130326e-01
4.957031249999995781e-01	1.207304253010526573e-01
3.783203124999994227e-01	9.309940568371201375e-02
7.002929687499996891e-01	1.722630051617473623e-01
5.474609374999994671e-01	1.289214243234623192e-01
3.942382812499994893e-01	9.240556772170928357e-02
