7.492187499999998224e-01	3.535158756922131551e-01
4.197265624999995115e-01	1.664426638454649110e-01
4.944335937499996225e-01	1.885469563953296179e-01
1.383886718750001243e+00	7.536980585237067487e-01
5.703124999999996669e-01	2.175413570806476182e-01
4.783203124999995115e-01	1.754867600896232449e-01
4.272460937499994449e-01	1.501858121616072295e-01
3.747070312499994893e-01	1.254963267755669076e-01
3.485351562499994227e-01	1.182182745941008639e-01
2.793945312499993561e-01	9.514343915886720737e-02
3.932617187499994893e-01	1.235893927541901333e-01
4.515624999999995337e-01	1.403366131928881211e-01
5.799804687499995337e-01	1.834395917376084040e-01
4.672851562499995559e-01	1.340306517928520624e-01
6.958984374999996891e-01	2.215941160718596092e-01
5.546874999999995559e-01	1.618391079486426465e-01
4.958984374999995670e-01	1.399313584238145169e-01
2.300781249999993283e-01	7.131638820149102664e-02
4.187499999999995115e-01	1.153348865805517709e-01
5.535156249999996225e-01	1.539034120750819024e-01
3.513671874999994560e-01	9.484102201446809044e-02
6.975585937499996225e-01	1.984670684455628886e-01
3.985351562499994671e-01	1.005215413275312303e-01
2.822265624999993339e-01	7.363006984197710547e-02
5.375976562499996669e-01	1.369574755210873351e-01
7.303710937499997558e-01	1.984803173239372276e-01
4.725585937499995337e-01	1.141841563312259444e-01
5.311523437499995337e-01	1.301517924733719411e-01
7.675781249999997780e-01	2.036711338318113462e-01
5.637695312499996225e-01	1.363928086111774463e-01
4.418945312499995559e-01	1.030423668022116129e-01
4.720703124999995337e-01	1.094340561472979950e-01
6.043945312499996447e-01	1.425215199806941224e-01
4.209960937499994671e-01	9.339876583476365568e-02
4.099609374999995115e-01	9.145022733501118051e-02
