3.987304687499994005e-01	1.065750444521223056e-01
5.067382812499995337e-01	1.286390208392088064e-01
5.259765624999996891e-01	1.291760240252753655e-01
3.793945312499994449e-01	8.801763363642683968e-02
3.254882812499994005e-01	7.221018346340159211e-02
5.789062499999995115e-01	1.398332996538043382e-01
4.931640624999995559e-01	1.050098951985277418e-01
5.146484374999995559e-01	1.100312786523815756e-01
5.208007812499996225e-01	1.075107540984780591e-01
7.160156249999997113e-01	1.765832604020849128e-01
3.291015624999993894e-01	6.135030228025096372e-02
3.983398437499994227e-01	7.013923076480375884e-02
6.042968749999996225e-01	1.252213332055738260e-01
5.418945312499996447e-01	1.013437043069651683e-01
5.084960937499994893e-01	9.176767699240769016e-02
5.837890624999997335e-01	1.113736067558302872e-01
4.320312499999994782e-01	6.872224210365350527e-02
4.827148437499995115e-01	7.917416418066482164e-02
4.157226562499994893e-01	6.462056800276026747e-02
6.665039062499996669e-01	1.325932835550442390e-01
4.902343749999995559e-01	7.679707899419399575e-02
6.546874999999996447e-01	1.218395979855644851e-01
3.986328124999994338e-01	5.781901530714878695e-02
4.511718749999995559e-01	6.569138528392176601e-02
4.799804687499994449e-01	6.897114537538226453e-02
5.183593749999996225e-01	7.781856430323978724e-02
4.173828124999994782e-01	5.499667368050039501e-02
4.670898437499995115e-01	6.522941322592025470e-02
5.208984374999996447e-01	7.348206560003008037e-02
6.577148437499996669e-01	1.110594225778016864e-01
5.246093749999996003e-01	7.277105267318607906e-02
4.922851562499995781e-01	6.589404948965832398e-02
4.795898437499994671e-01	6.284319437015825627e-02
6.792968749999996891e-01	1.143263687424010827e-01
5.551757812499995559e-01	7.753517234125935353e-02
