4.859374999999995781e-01	2.016408656040364622e-01
6.024414062499997558e-01	2.554602574942788640e-01
5.294921874999996003e-01	2.061438273039274127e-01
1.611328124999992784e-01	7.900063666300120857e-02
3.634765624999994338e-01	1.278409797101693335e-01
5.498046874999995559e-01	2.020737310535784259e-01
8.148437499999998668e-01	3.252299547865265539e-01
5.858398437499996447e-01	2.048761110597330515e-01
8.269531249999998446e-01	3.124014336492326738e-01
5.027343749999996225e-01	1.636673661263773616e-01
5.495117187499996003e-01	1.771175464786461096e-01
6.484374999999996669e-01	2.073180154546711840e-01
4.847656249999995337e-01	1.421685245485870830e-01
8.670898437499998668e-01	2.921462670702416053e-01
8.176757812499998446e-01	2.650027322963228182e-01
8.619140624999999112e-01	2.780319208862765956e-01
3.772460937499994005e-01	1.097844651408045880e-01
5.498046874999995559e-01	1.549272453382402603e-01
5.454101562499996669e-01	1.464044173044059816e-01
5.182617187499996003e-01	1.406190210723759770e-01
5.123046874999994671e-01	1.370107350738138385e-01
4.480468749999995115e-01	1.173018495197547112e-01
3.379882812499994671e-01	8.908401355603136340e-02
5.272460937499995337e-01	1.347727417990099430e-01
3.964843749999994449e-01	1.001583956752303550e-01
4.490234374999995115e-01	1.098728538225584722e-01
4.173828124999994782e-01	1.014430416455422701e-01
5.992187499999996891e-01	1.484022940568870130e-01
3.840820312499995115e-01	9.092703732101738157e-02
3.338867187499994227e-01	7.932676183960717109e-02
6.223632812499997335e-01	1.482779218026341883e-01
6.313476562499996669e-01	1.476064290865120032e-01
6.148437499999996891e-01	1.430644677468141390e-01
5.310546874999995115e-01	1.186286860094427492e-01
5.637695312499996225e-01	1.245082363417114590e-01
