6.970703124999997335e-01	3.383258581220249805e-01
5.252929687499995337e-01	2.233143682193790558e-01
6.107421874999996447e-01	2.605115866307834427e-01
4.463867187499994671e-01	1.706909888456970836e-01
5.018554687499995337e-01	1.901336454533418263e-01
6.935546874999998224e-01	2.804060134918262559e-01
2.723632812499994227e-01	9.770383899847503995e-02
6.967773437499996669e-01	2.684512808161169106e-01
2.576171874999993450e-01	8.591178051558776008e-02
4.917968749999995781e-01	1.666746111458080881e-01
5.374023437499996225e-01	1.788215284571662012e-01
3.916992187499994671e-01	1.214591197022616975e-01
3.884765624999994560e-01	1.177178921135679651e-01
6.341796874999996447e-01	2.084193881393520131e-01
3.138671874999993672e-01	9.159764134376492672e-02
5.070312499999996003e-01	1.521542700468109521e-01
4.867187499999995337e-01	1.426651018856433528e-01
5.278320312499995559e-01	1.538851722636494779e-01
8.193359374999997780e-01	2.684947190691583940e-01
6.397460937499998002e-01	1.855540832721359334e-01
6.277343749999996225e-01	1.807427602587600990e-01
4.909179687499994893e-01	1.300813397095674229e-01
5.948242187499996891e-01	1.603176080627947420e-01
5.282226562499995337e-01	1.381109390621928779e-01
5.042968749999995337e-01	1.294101461767386829e-01
2.465820312499993339e-01	6.525289050112371980e-02
3.791015624999994338e-01	9.190404941986568543e-02
6.556640624999996447e-01	1.738617021250450367e-01
5.085937499999995115e-01	1.226128918317802990e-01
3.579101562499994449e-01	8.490506455466440006e-02
5.511718749999996447e-01	1.347603154372914169e-01
5.586914062499995781e-01	1.353253443101880560e-01
3.615234374999994338e-01	8.134822244005013303e-02
3.725585937499994449e-01	8.313403095509694363e-02
9.356445312499999112e-01	2.594493864528285010e-01
