5.097656249999994449e-01	2.149370880332646949e-01
6.885742187499998002e-01	3.115536270145651265e-01
3.396484374999994005e-01	1.296259039471405194e-01
1.110156249999999956e+00	5.628245263389786146e-01
7.642578124999996891e-01	3.207581204878581227e-01
7.273437499999997335e-01	2.901076571476879917e-01
3.178710937499994449e-01	1.142784752040303525e-01
4.057617187499994449e-01	1.387400637308576767e-01
6.180664062499997558e-01	2.157704718261451438e-01
4.416015624999994893e-01	1.409281857325964116e-01
9.624999999999999112e-01	3.709970213389250371e-01
3.142578124999993450e-01	1.030736241347931376e-01
2.462890624999993228e-01	8.129876647107329990e-02
5.673828124999995559e-01	1.795248106669477539e-01
5.976562499999995559e-01	1.842371294265549575e-01
3.320312499999993894e-01	9.810997301184182229e-02
4.666992187499995337e-01	1.300738718647591052e-01
5.808593749999996225e-01	1.692618565576061718e-01
7.915039062499998890e-01	2.413306435656825955e-01
3.665039062499994005e-01	1.021704782420840701e-01
5.108398437499994671e-01	1.388058967101869767e-01
3.914062499999994560e-01	1.038359857733892055e-01
4.688476562499995781e-01	1.208636381574399038e-01
5.931640624999996447e-01	1.584482358943179459e-01
5.403320312499997335e-01	1.385379731802730274e-01
6.916015624999998224e-01	1.842679415647745511e-01
6.526367187499997335e-01	1.680956541891562572e-01
3.582031249999994005e-01	8.670075784479008840e-02
5.074218749999995781e-01	1.227951069813102564e-01
4.443359374999995559e-01	1.049304277834452043e-01
4.844726562499995781e-01	1.132294043615336282e-01
2.815429687499992895e-01	6.721526921904678875e-02
4.379882812499995559e-01	1.007150211831264741e-01
4.097656249999994671e-01	9.229163777450809236e-02
4.643554687499994449e-01	1.055500851745887758e-01
