2.819335937499993783e-01	1.135971158274984710e-01
4.721679687499995559e-01	2.004535496728153676e-01
6.847656249999997113e-01	3.108923383990365719e-01
4.433593749999995559e-01	1.737527510221170135e-01
5.085937499999995115e-01	1.953470846556720486e-01
4.174804687499994449e-01	1.557368604226886666e-01
4.719726562499995115e-01	1.711185749296873781e-01
6.509765624999996891e-01	2.414677276792659144e-01
4.942382812499995781e-01	1.716147757906831828e-01
4.342773437499994893e-01	1.419725577191818522e-01
2.988281249999993339e-01	9.348348106173126615e-02
2.366210937499993172e-01	7.863340377729750863e-02
3.734374999999994227e-01	1.109336830174547789e-01
3.664062499999994338e-01	1.101280508962730331e-01
7.541992187499997335e-01	2.511762547119147371e-01
7.603515624999996891e-01	2.503709181208880752e-01
2.687499999999993783e-01	8.012829022811455981e-02
8.301757812499998002e-01	2.684383792550152359e-01
3.551757812499993783e-01	9.989272501808947602e-02
5.033203124999996447e-01	1.422769371903082058e-01
4.792968749999995115e-01	1.298610222107564049e-01
4.650390624999994893e-01	1.252886940598527121e-01
5.085937499999995115e-01	1.356250847909979407e-01
4.437499999999995337e-01	1.157896952938763380e-01
4.655273437499994893e-01	1.175526005551898595e-01
3.810546874999994338e-01	9.550960005165899658e-02
7.919921874999997780e-01	2.188882906998841638e-01
6.568359374999996891e-01	1.703552171711131269e-01
3.891601562499994449e-01	9.341153482626921023e-02
3.932617187499994893e-01	9.410888292166595670e-02
4.524414062499995115e-01	1.067186289980881359e-01
5.605468749999995559e-01	1.329566643798876235e-01
4.339843749999995337e-01	1.003513923448706990e-01
5.069335937499995781e-01	1.145091502090819224e-01
3.990234374999994671e-01	9.014503168108677078e-02
