7.266601562499998002e-01	4.328159798720825902e-01
3.497070312499994671e-01	1.534156183327406164e-01
2.455078124999993117e-01	1.055265591540292119e-01
6.188476562499997113e-01	2.963824367800703685e-01
5.133789062499994893e-01	2.266942510841381542e-01
7.044921874999996447e-01	3.221744884092485051e-01
8.531249999999999112e-01	3.789996234718192025e-01
2.358398437499993339e-01	9.588611020767737192e-02
4.296874999999994449e-01	1.638873395378482589e-01
2.978515624999993894e-01	1.129512525277257678e-01
6.633789062499996225e-01	2.554782834751544440e-01
6.593749999999996003e-01	2.352410098068813682e-01
6.447265624999998224e-01	2.319757632546663728e-01
6.010742187499996669e-01	2.109733190250046853e-01
4.888671874999995226e-01	1.662439442726420802e-01
4.675781249999995115e-01	1.563242735635920200e-01
4.139648437499994227e-01	1.336445466413321848e-01
3.552734374999994005e-01	1.179207156316222638e-01
2.551757812499992895e-01	8.908291533565283749e-02
5.586914062499995781e-01	1.634625242821429458e-01
3.482421874999994116e-01	1.090082814347368562e-01
5.786132812499995559e-01	1.697157103278637558e-01
4.208007812499995337e-01	1.211899242840137059e-01
5.416992187499996003e-01	1.528458338983817721e-01
3.211914062499994227e-01	9.454173488049835705e-02
5.395507812499996669e-01	1.441507623249014824e-01
5.752929687499995781e-01	1.500043153443486044e-01
4.407226562499995115e-01	1.180629687730176403e-01
6.310546874999996003e-01	1.630349728731258219e-01
7.201171874999998668e-01	1.869864122338401602e-01
7.654296874999997335e-01	1.964894076659604860e-01
6.892578124999997335e-01	1.718338084186795123e-01
5.519531249999996003e-01	1.369013872474423021e-01
5.669921874999996891e-01	1.393966639433955601e-01
6.314453124999996891e-01	1.537212761557983365e-01
