1.423730468750001421e+00	9.211337734135185418e-01
3.018554687499993561e-01	1.281699755640493266e-01
8.032226562499998890e-01	3.718256389844692422e-01
5.909179687499996891e-01	2.454425126521247169e-01
7.601562499999996447e-01	3.237120238482986134e-01
6.305664062499997113e-01	2.511098295693873772e-01
7.446289062499998890e-01	2.948669497566596687e-01
2.915039062499993339e-01	1.174634163999595110e-01
6.265624999999996891e-01	2.300259616977798904e-01
5.260742187499996003e-01	1.886108471860556968e-01
5.897460937499997558e-01	1.977620755963056809e-01
7.472656249999997113e-01	2.536519149001228435e-01
3.948242187499995115e-01	1.371561227273867256e-01
3.028320312499993561e-01	1.111513174830636719e-01
4.334960937499995337e-01	1.400449374671339231e-01
5.539062499999996003e-01	1.723435296116079263e-01
5.784179687499995115e-01	1.790800622982252899e-01
3.126953124999993783e-01	1.061319790642614169e-01
6.754882812499997113e-01	1.997349407102759489e-01
3.941406249999994671e-01	1.198853845222660336e-01
3.733398437499994005e-01	1.146434153354913277e-01
4.705078124999995670e-01	1.328293068701478230e-01
4.917968749999995781e-01	1.348183417402990525e-01
4.938476562499996003e-01	1.359525282944822333e-01
5.099609374999993783e-01	1.347576084472546232e-01
7.405273437499998446e-01	1.902014313468150808e-01
6.415039062499997558e-01	1.657469351242672473e-01
6.836914062499998002e-01	1.701649210045534100e-01
2.769531249999993561e-01	9.019766667893001910e-02
5.737304687499995559e-01	1.452142936457105071e-01
5.328124999999995781e-01	1.344440776495027245e-01
4.370117187499994449e-01	1.138831152834636345e-01
5.093749999999994671e-01	1.227455729841140791e-01
5.045898437499994893e-01	1.219663439216989581e-01
1.012597656250000089e+00	2.406993783045261459e-01
