5.108398437499994671e-01	2.218527511316940593e-01
8.712890625000000444e-01	4.330021065649900525e-01
6.852539062499997113e-01	2.993673976410546889e-01
2.117187499999992895e-01	8.502077184055027714e-02
7.951171874999998224e-01	3.440267482261306076e-01
2.023437499999992673e-01	7.894452634831262972e-02
6.761718749999997558e-01	2.666800722087608877e-01
4.195312499999995226e-01	1.454873024085312494e-01
4.889648437499994893e-01	1.687189253417464563e-01
2.828124999999993561e-01	9.566675386105716328e-02
3.753906249999994227e-01	1.218506067854313868e-01
2.017578124999993006e-01	7.186435364440617313e-02
3.906249999999994449e-01	1.208076198521448041e-01
5.814453124999996447e-01	1.840183004594097282e-01
7.464843749999997558e-01	2.525013287960851671e-01
3.723632812499995115e-01	1.082311122818219312e-01
6.402343749999998002e-01	1.979165375289697604e-01
8.031249999999998668e-01	2.579001761752882094e-01
7.797851562499997780e-01	2.444528118577228848e-01
4.509765624999995115e-01	1.249167129781152824e-01
5.539062499999996003e-01	1.505854049644108628e-01
4.174804687499994449e-01	1.123250455037105577e-01
7.902343749999999334e-01	2.317326056874558504e-01
7.171874999999997558e-01	1.987353090828299085e-01
6.748046874999997780e-01	1.804900789365924407e-01
5.804687499999996447e-01	1.472941310469715603e-01
5.863281249999996447e-01	1.470553372682037174e-01
4.583007812499995115e-01	1.140949565586893838e-01
4.297851562499994671e-01	1.063562974865968902e-01
5.944335937499997113e-01	1.480080157314827560e-01
5.231445312499996003e-01	1.232166853782925980e-01
3.619140624999994116e-01	8.691373818633314763e-02
3.794921874999994116e-01	8.870186949606456706e-02
5.166992187499995781e-01	1.191596601164840452e-01
4.696289062499995337e-01	1.055464707900569260e-01
