5.561523437499995559e-01	2.574230893679164689e-01
5.941406249999996447e-01	2.670534532184552501e-01
4.030273437499994893e-01	1.574544007638951637e-01
3.991210937499994893e-01	1.495425658353806697e-01
7.392578124999997780e-01	3.222103988844547406e-01
4.649414062499994671e-01	1.712760922641517747e-01
5.125976562499995337e-01	1.865718546126478583e-01
3.202148437499994227e-01	1.053303732123582470e-01
4.379882812499995559e-01	1.470537143234239563e-01
3.245117187499994005e-01	1.059507588864195132e-01
4.796874999999994893e-01	1.556666500092237782e-01
2.692382812499993783e-01	8.400629981847150540e-02
5.647460937499996225e-01	1.890305047132078697e-01
6.062499999999996225e-01	2.009932099699260621e-01
3.538085937499994005e-01	1.012112436431618079e-01
5.831054687499995781e-01	1.839907047763075232e-01
4.890624999999995115e-01	1.447064656165911456e-01
4.365234374999995004e-01	1.255118238119217189e-01
8.041015624999998668e-01	2.702093836029764717e-01
7.670898437499997780e-01	2.471149236585329922e-01
4.315429687499994227e-01	1.173589235406244380e-01
3.515624999999994449e-01	8.855520646983919275e-02
4.657226562499995337e-01	1.220531547018818413e-01
6.236328124999996891e-01	1.755706432737774159e-01
4.846679687499995115e-01	1.245773316640786804e-01
3.975585937499994671e-01	9.849338381359347416e-02
4.123046874999994893e-01	1.013652881802021150e-01
3.805664062499993783e-01	9.194229066441547693e-02
4.475585937499995115e-01	1.097075311319353347e-01
4.149414062499994227e-01	9.842459027581634823e-02
4.848632812499995559e-01	1.162689476703681474e-01
3.334960937499994449e-01	7.607413718825595250e-02
6.668945312499997558e-01	1.725088966909321953e-01
4.739257812499995115e-01	1.094982139149593275e-01
6.116210937499996225e-01	1.492107046982627250e-01
