7.827148437499997780e-01	3.757314171456738183e-01
3.559570312499994449e-01	1.387122405023836769e-01
6.390624999999997558e-01	2.680424116460094486e-01
4.747070312499995781e-01	1.767162166937879253e-01
4.719726562499995115e-01	1.698846946849716655e-01
4.853515624999995559e-01	1.721632993691579738e-01
5.024414062499996669e-01	1.729470302178134355e-01
4.196289062499994893e-01	1.372606080810884477e-01
5.397460937499997113e-01	1.847599897865835616e-01
6.222656249999997113e-01	2.121806655114485962e-01
8.346679687499998224e-01	3.100597192790627288e-01
4.544921874999994782e-01	1.394008985574010651e-01
2.523437499999993117e-01	7.671209279964118222e-02
5.858398437499996447e-01	1.831486486264359281e-01
4.794921874999995004e-01	1.410500349943689113e-01
3.939453124999994782e-01	1.115585405862909857e-01
3.913085937499994893e-01	1.085080684142046975e-01
4.889648437499994893e-01	1.373015516152154281e-01
5.150390624999996447e-01	1.432603828466726681e-01
7.419921874999997335e-01	2.270861383152021629e-01
6.549804687499996003e-01	1.873274256709951957e-01
8.490234374999998668e-01	2.632415508532791604e-01
3.076171874999993894e-01	7.735231838045529551e-02
3.958984374999994782e-01	9.763318725663229503e-02
4.434570312499995781e-01	1.096098323075124920e-01
6.332031249999996447e-01	1.696552373147164061e-01
6.678710937499997558e-01	1.766366688792398998e-01
4.734374999999995115e-01	1.121498159944642747e-01
5.492187499999996447e-01	1.334550560594676416e-01
5.131835937499994449e-01	1.230992822672405118e-01
3.870117187499994005e-01	8.854219197332305336e-02
5.201171874999996891e-01	1.220879080791734267e-01
5.138671874999996003e-01	1.183211770153693304e-01
5.133789062499994893e-01	1.164292945840460086e-01
3.700195312499995337e-01	8.061627656482774074e-02
