7.135742187499997113e-01	3.447525690807939358e-01
3.734374999999994227e-01	1.500505055797423104e-01
4.490234374999995115e-01	1.801903190217065132e-01
4.653320312499995559e-01	1.815914956475682129e-01
8.405273437499999334e-01	3.655239573444333256e-01
7.068359374999997335e-01	2.662346056250662896e-01
5.222656249999996225e-01	1.929281999569603112e-01
9.315429687499998668e-01	3.673100181480887794e-01
4.815429687499994671e-01	1.702319441282228729e-01
6.218749999999997335e-01	2.172713141021657135e-01
7.695312499999997780e-01	2.670683337385514333e-01
7.202148437499997780e-01	2.434264019077410079e-01
5.909179687499996891e-01	1.871733303395313186e-01
5.074218749999995781e-01	1.621098963748869859e-01
5.044921874999994671e-01	1.598338967772404973e-01
6.649414062499997558e-01	2.014773301609595613e-01
-1.410156250000010048e-01	7.103573150225916955e-02
4.582031249999994893e-01	1.390467683368805385e-01
4.937499999999995781e-01	1.443689897809984080e-01
2.117187499999992895e-01	8.013662773984420173e-02
3.970703124999994671e-01	1.186252526006564695e-01
3.985351562499994671e-01	1.150579747083814441e-01
4.450195312499996003e-01	1.222227305900272509e-01
2.857421874999994116e-01	8.721899218168177592e-02
3.753906249999994227e-01	1.024921049395561418e-01
3.988281249999994227e-01	1.057147139635594840e-01
3.848632812499994671e-01	1.044414841080371498e-01
6.807617187499996891e-01	1.734640693154800850e-01
4.423828124999995004e-01	1.084325951645048886e-01
7.545898437499997113e-01	1.868963371877628565e-01
4.511718749999995559e-01	1.093529433494630498e-01
6.553710937499995781e-01	1.588686896958142469e-01
5.502929687499995559e-01	1.277890103883673190e-01
5.278320312499995559e-01	1.227559691228702621e-01
5.111328124999994227e-01	1.187603665630913991e-01
