5.796874999999995781e-01	2.592472347623152595e-01
2.623046874999993561e-01	1.064240322352185131e-01
3.555664062499993561e-01	1.402278744051705661e-01
4.554687499999994782e-01	1.779344668241279181e-01
3.170898437499993783e-01	1.166743170821832043e-01
9.907226562500001110e-01	4.434701775633926868e-01
4.392578124999994560e-01	1.546099202695253583e-01
3.056640624999993339e-01	1.076100190705177179e-01
8.918945312499999556e-01	3.512509518088712257e-01
2.987304687499993117e-01	1.026706409895496025e-01
4.179687499999995004e-01	1.379328153094379339e-01
5.904296874999996891e-01	1.956404637717423789e-01
5.530273437499996225e-01	1.770885931355632437e-01
5.445312499999996891e-01	1.705217340388153480e-01
5.388671874999997335e-01	1.631798937035630337e-01
3.986328124999994338e-01	1.191153080197642211e-01
5.496093749999996225e-01	1.590313085466811271e-01
4.600585937499995781e-01	1.336547267655888438e-01
4.984374999999995337e-01	1.398901145357902831e-01
3.504882812499994227e-01	1.007404539413902234e-01
5.548828124999996003e-01	1.525478297841131037e-01
4.652343749999995337e-01	1.229073232093647605e-01
4.678710937499995781e-01	1.234224237054731971e-01
6.807617187499996891e-01	1.808987353756987548e-01
4.224609374999995226e-01	1.094193428336827922e-01
3.436523437499994227e-01	9.218830446322631711e-02
4.748046874999995448e-01	1.195800844526128531e-01
7.048828124999997335e-01	1.734875315430076115e-01
4.110351562499995337e-01	1.039281575500600185e-01
4.167968749999995115e-01	1.011462051671143392e-01
7.161132812499997335e-01	1.737287182671522212e-01
5.704101562499996891e-01	1.354208671108069473e-01
5.032226562499996225e-01	1.174264859994803428e-01
5.356445312499996669e-01	1.229530240617948689e-01
2.901367187499993561e-01	7.588710750955041107e-02
