2.861328124999993894e-01	1.245435196245531506e-01
3.953124999999995115e-01	1.681503611571159296e-01
9.464843749999999334e-01	4.884490905366560831e-01
4.776367187499994671e-01	1.902068557471404409e-01
5.791992187499995781e-01	2.315375556194793905e-01
6.763671874999996891e-01	2.733214702985033995e-01
5.780273437499995337e-01	2.145321378173624949e-01
2.932617187499994005e-01	1.027812507491291938e-01
5.421874999999996003e-01	1.923730024493290891e-01
4.987304687499994893e-01	1.670182798096142562e-01
3.653320312499994671e-01	1.199383873264306677e-01
1.045214843750000178e+00	4.194563266375380128e-01
7.305664062499998002e-01	2.477590122204965106e-01
7.774414062499998002e-01	2.669930457738305396e-01
5.110351562499995115e-01	1.570524144305618097e-01
4.201171874999995448e-01	1.241214728166238346e-01
5.127929687499994671e-01	1.536499077938073554e-01
4.023437499999994449e-01	1.153102251697818714e-01
5.904296874999996891e-01	1.712337117069860359e-01
6.593749999999996003e-01	1.925543553695771015e-01
4.132812499999994893e-01	1.120780205552160819e-01
4.589843749999995559e-01	1.220500432908531163e-01
4.962890624999995448e-01	1.310097471701274496e-01
6.886718749999998224e-01	1.878754806479051576e-01
4.008789062499994449e-01	1.011717241735403394e-01
2.725585937499993561e-01	7.350964812789861913e-02
3.868164062499994671e-01	9.688616111072291537e-02
6.427734374999996003e-01	1.662080751224115083e-01
4.900390624999995115e-01	1.192974544829055045e-01
4.479492187499994893e-01	1.075403129279533937e-01
7.595703124999997335e-01	1.951299480055231628e-01
3.363281249999994227e-01	7.874232536068120902e-02
5.371093749999996669e-01	1.260831709977887627e-01
5.677734374999996447e-01	1.301441045918584616e-01
4.858398437499995559e-01	1.101652023172511041e-01
