5.577148437499995781e-01	2.597650291367135100e-01
5.855468749999996891e-01	2.675240080781018381e-01
8.158203124999998668e-01	3.910826514771599260e-01
6.124023437499995781e-01	2.597703002392822147e-01
3.246093749999994227e-01	1.317658883776608725e-01
5.027343749999996225e-01	1.822352777578833405e-01
1.175390625000000355e+00	5.393138631152398776e-01
4.853515624999995559e-01	1.797885540568569807e-01
8.319335937499997558e-01	3.180628058112742740e-01
4.260742187499995115e-01	1.487552915580794555e-01
4.890624999999995115e-01	1.660091302812043423e-01
4.445312499999995448e-01	1.480725209195618841e-01
4.762695312499996003e-01	1.543517952170604945e-01
3.291992187499993561e-01	1.130078513035673027e-01
6.223632812499997335e-01	1.969008197256974513e-01
7.008789062499997113e-01	2.189806751730718759e-01
5.586914062499995781e-01	1.646064882262184004e-01
6.802734374999996891e-01	2.037092884335953979e-01
6.245117187499996669e-01	1.804728143847966759e-01
3.633789062499994671e-01	1.099729389921501044e-01
4.358398437499995115e-01	1.217804290986768401e-01
4.505859374999995337e-01	1.221329130822604442e-01
3.234374999999993783e-01	9.289629062553525496e-02
3.968749999999994782e-01	1.061535176669662767e-01
4.171874999999994893e-01	1.116258615403554616e-01
6.451171874999996891e-01	1.658054681310361378e-01
4.757812499999995448e-01	1.217139306628014922e-01
4.986328124999995226e-01	1.268064642757045779e-01
5.814453124999996447e-01	1.422512472101878367e-01
5.409179687499996447e-01	1.305211950383461661e-01
7.258789062499998446e-01	1.767590968574806742e-01
7.034179687499997335e-01	1.689675929523809517e-01
5.101562499999994227e-01	1.217327395697364312e-01
7.099609374999995559e-01	1.650698097040506351e-01
4.110351562499995337e-01	9.832576491296163290e-02
