7.678710937499998446e-01	4.010956518275785587e-01
4.711914062499995559e-01	2.090327992918691036e-01
3.280273437499994227e-01	1.307348421106849790e-01
6.990234374999997335e-01	3.071854427702689905e-01
3.424804687499993783e-01	1.343108031311952000e-01
1.240820312500000799e+00	6.213749299798576597e-01
5.119140624999996003e-01	1.943389281172047400e-01
2.794921874999993228e-01	1.095277622846019538e-01
6.369140624999998224e-01	2.364928959213366544e-01
7.709960937499998890e-01	2.918788349783842939e-01
4.995117187499995559e-01	1.709929463954664997e-01
4.646484374999995115e-01	1.587849908291860124e-01
5.354492187499996225e-01	1.765861447864053857e-01
3.278320312499993783e-01	1.102028937286612248e-01
9.318359374999998224e-01	3.171823384789474454e-01
2.493164062499993172e-01	8.577121694211609082e-02
6.852539062499997113e-01	2.136284381937290922e-01
6.333007812499996669e-01	1.920142252883470790e-01
6.708984374999997780e-01	1.966544847005779195e-01
5.772460937499995781e-01	1.661061261467542960e-01
5.540039062499996225e-01	1.607135138078914782e-01
4.799804687499994449e-01	1.382532900026021416e-01
6.324218749999996891e-01	1.730768264413448110e-01
3.684570312499995115e-01	1.045102184117648880e-01
6.220703124999997780e-01	1.662776345468630901e-01
3.122070312499993783e-01	9.294794622420134156e-02
6.712890624999998668e-01	1.747641905305342691e-01
5.272460937499995337e-01	1.314307748065575709e-01
5.363281249999996003e-01	1.332245110992687775e-01
5.482421874999996447e-01	1.358252725978265074e-01
5.631835937499994893e-01	1.337856641608121122e-01
5.794921874999996447e-01	1.369729380248669026e-01
5.907226562499997558e-01	1.415603057457646974e-01
4.870117187499994893e-01	1.158702730567721106e-01
3.383789062499994449e-01	9.035221120977893206e-02
