6.998046874999996891e-01	3.066261108848731820e-01
7.689453124999998668e-01	3.371706347114499236e-01
5.440429687499995781e-01	2.130105975732649037e-01
2.668945312499994005e-01	1.093366569317657244e-01
9.104492187499998446e-01	3.809802052788830440e-01
2.572265624999993117e-01	1.027102485567235046e-01
4.285156249999995115e-01	1.498591275654879706e-01
3.330078124999993894e-01	1.166308434166863361e-01
6.681640624999998224e-01	2.338607599944688975e-01
3.600585937499994893e-01	1.176589262550193221e-01
8.648437499999999112e-01	2.945202860205034523e-01
4.965820312499995559e-01	1.527720424864361382e-01
6.564453124999996003e-01	2.055809382806474128e-01
4.670898437499995115e-01	1.412304678326556651e-01
5.365234374999996447e-01	1.592722322124460466e-01
3.415039062499993783e-01	1.025055118045992975e-01
4.406249999999994893e-01	1.266206425702219029e-01
5.896484374999997335e-01	1.623832731831573173e-01
6.073242187499996447e-01	1.653885175341622826e-01
5.226562499999996003e-01	1.403302092538635526e-01
5.108398437499994671e-01	1.336238240222956120e-01
5.957031249999996669e-01	1.590392705104734516e-01
5.178710937499996225e-01	1.303872508321253787e-01
4.403320312499995337e-01	1.125151546140367165e-01
5.552734374999994671e-01	1.368574343811090610e-01
3.659179687499993783e-01	9.256642444571526462e-02
4.108398437499994893e-01	1.006567278972666651e-01
6.253906249999996447e-01	1.507895808053163200e-01
4.154296874999994782e-01	9.870682038880260190e-02
6.405273437499997558e-01	1.497022583442901289e-01
4.919921874999995670e-01	1.155879087030601965e-01
4.507812499999995226e-01	1.058920681943418124e-01
4.761718749999995781e-01	1.077524629955970148e-01
5.202148437499996003e-01	1.169196724310608421e-01
5.919921874999996003e-01	1.311156617689398785e-01
