5.409179687499996447e-01	2.305663740883701074e-01
4.929687499999995670e-01	2.000446709512536669e-01
6.032226562499997113e-01	2.481939251441351024e-01
8.204101562499999112e-01	3.596908356415226549e-01
3.609374999999994671e-01	1.334959449454362068e-01
7.026367187499997780e-01	2.682062793696917691e-01
2.972656249999994227e-01	1.068921672050412025e-01
4.894531249999994893e-01	1.704129025323310176e-01
8.341796874999998224e-01	3.112144502767995036e-01
4.193359374999995337e-01	1.343487868623631232e-01
4.416015624999994893e-01	1.444085298090078129e-01
4.885742187499995115e-01	1.558304760064158634e-01
4.138671874999994560e-01	1.277420875559729940e-01
3.285156249999994227e-01	1.044044782303647639e-01
5.058593749999995559e-01	1.475858144092985491e-01
3.540039062499994449e-01	1.058041957582650655e-01
2.848632812499993783e-01	8.540449725117262025e-02
5.665039062499995781e-01	1.616308422369144571e-01
6.723632812499997780e-01	1.908637678599425513e-01
3.226562499999994227e-01	8.833604467021323459e-02
5.807617187499996003e-01	1.583468531980929406e-01
5.083007812499995559e-01	1.345335211256409869e-01
3.746093749999994671e-01	1.001688601264103945e-01
3.607421874999994782e-01	9.579731833703916677e-02
6.659179687499996447e-01	1.743960232280106493e-01
4.824218749999995559e-01	1.213023382594973498e-01
3.628906249999994671e-01	9.022143686180671140e-02
2.492187499999993228e-01	6.966877107366167832e-02
7.361328124999997335e-01	1.881599973457051267e-01
6.960937499999997335e-01	1.728283322028416058e-01
6.157226562499996669e-01	1.464603684543428763e-01
5.457031249999996225e-01	1.287518647995066767e-01
3.018554687499993561e-01	7.481650216191892966e-02
8.325195312499998890e-01	2.012293851280214929e-01
7.124023437499996669e-01	1.658371334831721944e-01
