8.362304687499998446e-01	4.323713755777859324e-01
5.936523437499996447e-01	2.632676555265295870e-01
6.338867187499996891e-01	2.741815517419155523e-01
5.495117187499996003e-01	2.211664769055336766e-01
5.595703124999995559e-01	2.162807832634331684e-01
4.591796874999995448e-01	1.666573085166892509e-01
3.316406249999993561e-01	1.206594677557827483e-01
7.095703124999996891e-01	2.683372925032002643e-01
4.068359374999994671e-01	1.382617201382696503e-01
6.042968749999996225e-01	2.075524256153954694e-01
9.328124999999999334e-01	3.577979771591379698e-01
5.874999999999996891e-01	1.907976372991892211e-01
4.926757812499995559e-01	1.480935847593123078e-01
7.191406249999997558e-01	2.349123741358957740e-01
6.173828124999996003e-01	1.896579611878756733e-01
2.112304687499993172e-01	7.137246876818544028e-02
2.774414062499993561e-01	8.672829464593473370e-02
2.505859374999993561e-01	7.819488826106475721e-02
4.606445312499996003e-01	1.303865979092834748e-01
6.442382812499997113e-01	1.887665704755545348e-01
4.594726562499995559e-01	1.257751486607427693e-01
6.683593749999997558e-01	1.853888717050498625e-01
3.367187499999994005e-01	9.139311896075444364e-02
4.789062499999995337e-01	1.254997626724446425e-01
3.706054687499994449e-01	9.572306074465883330e-02
4.455078124999995448e-01	1.118335404232182334e-01
4.238281249999994449e-01	1.041943247845737858e-01
4.718749999999995448e-01	1.147383381103939254e-01
6.898437499999998668e-01	1.784645081125100230e-01
5.326171874999996447e-01	1.289765477047924713e-01
3.756835937499994893e-01	8.893661351473643173e-02
6.393554687499997113e-01	1.547987983442508930e-01
5.459960937499995781e-01	1.267744523093600195e-01
5.285156249999994893e-01	1.219857632424094784e-01
4.494140624999994893e-01	1.026193887978818359e-01
