1.203320312500000711e+00	7.792586165167636469e-01
7.671874999999998002e-01	3.814384347637014838e-01
3.963867187499994227e-01	1.650443417994764683e-01
6.943359374999997780e-01	3.073928802973142083e-01
5.376953124999996891e-01	2.012862872083916732e-01
4.371093749999994671e-01	1.720851838865050942e-01
3.717773437499994893e-01	1.405634282728480677e-01
7.075195312499997780e-01	2.708743416604026399e-01
2.484374999999993394e-01	9.544285930765618320e-02
3.787109374999994560e-01	1.337744059804866770e-01
3.466796874999994449e-01	1.220153669438674982e-01
4.227539062499995337e-01	1.427919807598450608e-01
8.545898437499998002e-01	2.884059720764299839e-01
5.165039062499995337e-01	1.660809679574395126e-01
5.107421874999995559e-01	1.608860493089932231e-01
4.063476562499994671e-01	1.300062888321310006e-01
6.998046874999996891e-01	2.093034787497163873e-01
5.870117187499996891e-01	1.757570175527389256e-01
2.551757812499992895e-01	8.288524230526390923e-02
3.372070312499994005e-01	1.014627276705776376e-01
5.123046874999994671e-01	1.481275564409729184e-01
6.551757812499996447e-01	1.831923164162080619e-01
8.280273437499997558e-01	2.380506135928603384e-01
6.541015624999997335e-01	1.794646922935742850e-01
4.246093749999995115e-01	1.185369655845566889e-01
6.781249999999996447e-01	1.746991579489823865e-01
6.179687499999997335e-01	1.610765930841434046e-01
7.357421874999998668e-01	1.884418303515364157e-01
4.234374999999994671e-01	1.159368172899135074e-01
3.166015624999993783e-01	9.026884742197800737e-02
4.118164062499994893e-01	1.101980708167384915e-01
2.384765624999993228e-01	7.831450720056126746e-02
4.181640624999994893e-01	1.059353194726230935e-01
6.412109374999996891e-01	1.545737540744753225e-01
4.045898437499994005e-01	1.018169769327568891e-01
