2.716796874999993783e-01	1.083654525093019211e-01
8.193359374999997780e-01	4.293875185258914096e-01
2.083007812499992895e-01	8.421374741257922625e-02
3.011718749999994227e-01	1.136758931099542264e-01
3.912109374999994671e-01	1.451393718594137516e-01
4.764648437499995337e-01	1.814575965734216700e-01
7.006835937499996669e-01	2.884296467476452075e-01
1.073828125000000355e+00	5.034786082710125399e-01
3.513671874999994560e-01	1.219712179534580415e-01
9.392578124999999556e-01	3.902445858512376686e-01
7.125976562499997113e-01	2.642847358909865552e-01
3.009765624999993783e-01	9.984704126807353308e-02
8.141601562499998224e-01	2.976179494668085290e-01
4.805664062499994671e-01	1.536547802215401937e-01
7.356445312499998446e-01	2.434010715606480801e-01
3.530273437499994449e-01	1.084877793784645023e-01
4.738281249999994893e-01	1.429290871762371462e-01
3.951171874999995226e-01	1.164481617599174706e-01
3.813476562499994449e-01	1.096512693823454704e-01
5.085937499999995115e-01	1.427293019328641777e-01
5.032226562499996225e-01	1.412261759193392530e-01
4.069335937499994893e-01	1.117701416648669427e-01
3.961914062499994893e-01	1.056411150618712241e-01
2.588867187499993561e-01	7.181739136136774948e-02
4.472656249999995559e-01	1.177505209208991738e-01
5.218749999999996447e-01	1.350729403469148882e-01
4.685546874999995670e-01	1.198582386968362890e-01
4.879882812499996003e-01	1.237964566391913518e-01
4.533203124999994893e-01	1.122906273746606814e-01
6.122070312499996447e-01	1.532772729245381604e-01
4.145507812499994449e-01	9.912788515990930693e-02
3.853515624999994671e-01	9.139968793886235621e-02
5.384765624999996447e-01	1.280052296652223476e-01
5.509765624999996003e-01	1.299163945932291508e-01
6.104492187499995781e-01	1.420684138903541838e-01
