5.365234374999996447e-01	2.462922672488767895e-01
6.465820312499996891e-01	3.023720676407358754e-01
4.312499999999994671e-01	1.774502779319607204e-01
3.573242187499994227e-01	1.414514646588779234e-01
6.684570312499997780e-01	2.828137122015849103e-01
3.474609374999994560e-01	1.225844213135349470e-01
6.228515624999997335e-01	2.413046586695012374e-01
5.434570312499996669e-01	1.954591439343223713e-01
1.838867187499992895e-01	6.862700866796843380e-02
5.280273437499994893e-01	1.796857831221494173e-01
5.032226562499996225e-01	1.673132788885518807e-01
3.345703124999994116e-01	1.044203397904111125e-01
4.774414062499995337e-01	1.519419922188784966e-01
6.603515624999996003e-01	2.209734743807440505e-01
2.147460937499992839e-01	7.207710131244418617e-02
3.570312499999994116e-01	1.034275398536239482e-01
4.348632812499995115e-01	1.278261698140244484e-01
3.349609374999994449e-01	9.674653439575507663e-02
3.544921874999993894e-01	9.834573407827187919e-02
4.594726562499995559e-01	1.278111735023590989e-01
6.534179687499996891e-01	1.910022910214806691e-01
5.993164062499997113e-01	1.662628749236827186e-01
5.210937499999996891e-01	1.404697774163740365e-01
4.103515624999994893e-01	1.062496054402467527e-01
5.392578124999996003e-01	1.412668985818783529e-01
4.575195312499995559e-01	1.151218648679287332e-01
4.096679687499994449e-01	1.006194404713723484e-01
6.362304687499996669e-01	1.644316281077434772e-01
5.017578124999995115e-01	1.235174572123602516e-01
8.761718749999999334e-01	2.446763747854249493e-01
5.398437499999997335e-01	1.297677419849177782e-01
5.493164062499996669e-01	1.306316595571905825e-01
4.451171874999995670e-01	1.014561859084412293e-01
5.307617187499995559e-01	1.225507434247784244e-01
4.193359374999995337e-01	9.440135193618277853e-02
