5.403320312499997335e-01	2.424150157975586695e-01
3.580078124999994116e-01	1.451382010144865176e-01
7.389648437499998224e-01	3.406073914688155790e-01
4.966796874999995781e-01	1.961678807367454869e-01
5.003906249999995337e-01	1.898014263217447928e-01
6.945312499999998224e-01	2.730225429825216543e-01
-1.367187500000009992e-01	6.624181561180783606e-02
3.836914062499994227e-01	1.299287592045279827e-01
4.977539062499996003e-01	1.709472975075831125e-01
2.169921874999993228e-01	7.586380558363438331e-02
6.003906249999996225e-01	2.077035138979745621e-01
5.203124999999996225e-01	1.656800720584915565e-01
4.623046874999995337e-01	1.429970250087109485e-01
2.999023437499993561e-01	9.136872404723679619e-02
9.935546875000000888e-01	3.690572057977025699e-01
3.917968749999994893e-01	1.145892362165037703e-01
4.332031249999994671e-01	1.230183814682821730e-01
3.323242187499994005e-01	9.277370866735940025e-02
5.945312499999997335e-01	1.744002288762646624e-01
4.739257812499995115e-01	1.321450846824220593e-01
5.940429687499996225e-01	1.669032510528585811e-01
3.478515624999994338e-01	9.142354005767337755e-02
5.281249999999995115e-01	1.412321637044018918e-01
8.225585937499998446e-01	2.424995905417329234e-01
4.690429687499995115e-01	1.193797444822116416e-01
7.541992187499997335e-01	2.082155506065531125e-01
7.243164062499997113e-01	1.972761147665483827e-01
4.468749999999995226e-01	1.086319629419479349e-01
3.500976562499994449e-01	8.418633262316647936e-02
7.141601562499997335e-01	1.813248389431372232e-01
4.511718749999995559e-01	1.071780113984985017e-01
4.550781249999994449e-01	1.053262117859939812e-01
4.510742187499995337e-01	1.026722476706703052e-01
5.441406249999996003e-01	1.266811569598631504e-01
3.981445312499994893e-01	9.076714625773547873e-02
