7.559570312499998002e-01	4.064812328698688693e-01
4.494140624999994893e-01	1.985037110334706978e-01
4.326171874999995004e-01	1.806615189643664132e-01
8.326171874999999112e-01	3.949363512048831848e-01
6.200195312499997558e-01	2.574209202964168886e-01
5.291015624999995115e-01	1.970983915289415411e-01
3.818359374999994449e-01	1.456380022525589346e-01
3.246093749999994227e-01	1.230874862583619112e-01
5.909179687499996891e-01	2.190791412209540656e-01
3.614257812499994671e-01	1.312863685016733839e-01
6.365234374999997335e-01	2.180965344978681719e-01
4.165039062499994449e-01	1.427957122473056395e-01
4.643554687499994449e-01	1.520310030270433099e-01
2.602539062499993339e-01	9.634067627277746737e-02
4.828124999999995337e-01	1.536336282006647291e-01
3.697265624999994671e-01	1.191791684303959292e-01
5.506835937499995337e-01	1.670181184871386837e-01
6.516601562499997335e-01	1.940728861068924394e-01
7.481445312499998002e-01	2.255078375368914645e-01
3.331054687499993561e-01	1.019911793647733655e-01
7.762695312499998668e-01	2.191479997998977136e-01
3.842773437499994449e-01	1.120962906287510386e-01
4.869140624999995226e-01	1.377402235095931404e-01
2.988281249999993339e-01	9.239646564752873603e-02
4.149414062499994227e-01	1.152114868197247621e-01
7.466796874999996891e-01	2.001653863698580338e-01
6.230468749999996669e-01	1.593947740976530136e-01
4.770507812499995559e-01	1.246307065715277357e-01
3.038085937499993561e-01	9.041042044116967547e-02
5.610351562499995559e-01	1.404526347481203086e-01
5.327148437499995559e-01	1.311198183941601203e-01
6.370117187499997335e-01	1.538537131437260896e-01
5.460937499999996003e-01	1.325253995038822852e-01
4.181640624999994893e-01	1.023508390183961725e-01
7.446289062499998890e-01	1.748247859596388232e-01
