3.779296874999994449e-01	1.565210940421887242e-01
3.933593749999995115e-01	1.566714054054896554e-01
5.012695312499996225e-01	2.031605557587465860e-01
5.444335937499996669e-01	2.158890735802628247e-01
6.944335937499998002e-01	2.852382258172641016e-01
3.933593749999995115e-01	1.436600258541309294e-01
2.969726562499993561e-01	1.071989151369547311e-01
5.608398437499995115e-01	2.013580859260873657e-01
9.004882812499999112e-01	3.434639561073171143e-01
2.015624999999992839e-01	7.877010583783886077e-02
3.886718749999994449e-01	1.291899686209834752e-01
1.827148437499992728e-01	7.608303639157046327e-02
2.706054687499993561e-01	9.210678819746451196e-02
2.728515624999993672e-01	9.231577946464745998e-02
6.404296874999997335e-01	2.039296829648406251e-01
6.009765624999996447e-01	1.850086057305189713e-01
3.792968749999994227e-01	1.132413656592478751e-01
5.649414062499996669e-01	1.610772968247115577e-01
3.975585937499994671e-01	1.123885970531692674e-01
4.644531249999994671e-01	1.300325251105801661e-01
5.627929687499995115e-01	1.553897000965281661e-01
4.465820312499995115e-01	1.227981869633519435e-01
4.791992187499994893e-01	1.291079229706063036e-01
5.554687499999995115e-01	1.448487831510653356e-01
4.497070312499995559e-01	1.184985453046842330e-01
5.248046874999996447e-01	1.322305314074964100e-01
4.717773437499995781e-01	1.203585303727458811e-01
2.967773437499994227e-01	8.270817177183603652e-02
3.545898437499993561e-01	9.089121916763318043e-02
4.403320312499995337e-01	1.091748026750424261e-01
6.191406249999996669e-01	1.494370660410113405e-01
6.084960937499995781e-01	1.434769041753757857e-01
7.664062499999997335e-01	1.850857020247078377e-01
6.327148437499996447e-01	1.460322004644681593e-01
4.597656249999995115e-01	1.057576968729579403e-01
