2.693359374999994005e-01	1.154404738679860043e-01
4.631835937499995115e-01	1.879454406875666339e-01
5.555664062499995337e-01	2.315369133585152006e-01
5.966796874999995559e-01	2.432165329124595377e-01
3.347656249999994005e-01	1.216865308454165434e-01
1.018847656249999734e+00	4.944176223702302364e-01
5.791992187499995781e-01	2.172741725537009339e-01
2.101562499999993228e-01	7.662040503675628111e-02
6.147460937499996669e-01	2.233334171907420951e-01
6.821289062499996669e-01	2.522125302597883478e-01
3.905273437499994227e-01	1.228614483638702376e-01
2.888671874999993450e-01	8.987727612912820019e-02
5.191406249999995781e-01	1.670727984533444399e-01
8.381835937499998446e-01	3.097304800493327903e-01
3.941406249999994671e-01	1.173810571992358609e-01
7.680664062499998890e-01	2.637975778238568769e-01
6.361328124999996447e-01	1.984915484084809056e-01
4.419921874999995226e-01	1.244393195894838711e-01
2.958984374999993894e-01	8.134496481235654886e-02
4.770507812499995559e-01	1.311457245157777729e-01
7.766601562499998446e-01	2.434873083322469101e-01
5.796874999999995781e-01	1.641236336050301281e-01
5.446289062499997113e-01	1.494340501426200951e-01
3.976562499999994893e-01	1.030741759909826333e-01
5.664062499999995559e-01	1.530808834447545674e-01
3.039062499999993783e-01	7.526946180465828029e-02
6.320312499999996003e-01	1.720090257427462077e-01
6.862304687499997113e-01	1.890004511900994222e-01
6.462890624999997335e-01	1.707178373975531960e-01
4.706054687499995337e-01	1.129574595358301681e-01
9.287109374999997780e-01	2.782209627322096979e-01
5.536132812499996447e-01	1.345018186953658157e-01
5.892578124999996447e-01	1.452068129384646300e-01
4.029296874999994671e-01	9.121850623599613017e-02
3.344726562499994449e-01	7.421918063045918057e-02
