5.380859374999995559e-01	2.516396213759057310e-01
4.394531249999994449e-01	1.877829343557737285e-01
8.425781249999998446e-01	4.245346288315045569e-01
6.917968749999997558e-01	3.094061265592063514e-01
4.031249999999994560e-01	1.554599592398264729e-01
4.672851562499995559e-01	1.743933304778959303e-01
2.658203124999993228e-01	9.653204010394196566e-02
-1.239257812500010048e-01	5.825911032961252761e-02
7.797851562499997780e-01	3.165953938896656772e-01
4.659179687499994671e-01	1.577827938137769670e-01
5.930664062499996225e-01	2.051160725516041616e-01
7.583007812499997780e-01	2.745239669558905415e-01
5.163085937499994893e-01	1.669685849999004157e-01
5.253906249999995559e-01	1.627027373575005431e-01
5.053710937499994449e-01	1.532976010722233995e-01
4.080078124999994560e-01	1.209227603556491393e-01
4.036132812499995115e-01	1.169220764812099883e-01
5.660156249999995781e-01	1.670349477379102221e-01
3.756835937499994893e-01	1.027362783495787413e-01
3.203124999999994449e-01	8.930961748067531292e-02
4.996093749999995781e-01	1.378429786722856765e-01
8.789062499999997780e-01	2.783014360358780914e-01
5.228515624999996447e-01	1.412587809983112119e-01
6.955078124999998224e-01	1.967078362118409307e-01
5.131835937499994449e-01	1.315882728435491256e-01
9.390624999999999112e-01	2.794469195230662728e-01
6.111328124999995115e-01	1.578801924018897462e-01
4.860351562499996003e-01	1.189372820576314188e-01
4.331054687499994449e-01	1.075968369614231229e-01
5.598632812499995115e-01	1.354851218332414065e-01
3.721679687499994671e-01	8.933517697622876674e-02
3.985351562499994671e-01	9.446472008350545457e-02
3.413085937499994449e-01	8.121687567251460738e-02
4.377929687499995115e-01	1.002211234092443837e-01
5.026367187499996003e-01	1.143712039169636069e-01
