1.554394531250001599e+00	1.001270436447895706e+00
6.743164062499996669e-01	2.971731373516117158e-01
4.328124999999994893e-01	1.714832820125068991e-01
4.230468749999994893e-01	1.627487693459375162e-01
6.834960937499997558e-01	2.721432757439317673e-01
5.597656249999994893e-01	2.091630083385475902e-01
5.376953124999996891e-01	1.975118345028435973e-01
4.027343749999994227e-01	1.439711535235158324e-01
5.335937499999996447e-01	1.856309037917853455e-01
5.468749999999116679e-03	nan
-1.688476562500010325e-01	8.638828192745320877e-02
2.280273437499993061e-01	8.937576440209692163e-02
2.878906249999994005e-01	1.043321822858021691e-01
7.840820312499998668e-01	2.575652021445181128e-01
4.059570312499994893e-01	1.286900991202979960e-01
5.942382812499996669e-01	1.763089821601542539e-01
4.302734374999994671e-01	1.309404129735156075e-01
6.025390624999997780e-01	1.795212806074438228e-01
6.795898437499996447e-01	1.971772961554106307e-01
4.084960937499995115e-01	1.198961647465634078e-01
5.282226562499995337e-01	1.463838556464823470e-01
3.486328124999993894e-01	1.014251704355958877e-01
3.510742187499994449e-01	1.031968955051727338e-01
5.034179687499995559e-01	1.341897724192345764e-01
3.653320312499994671e-01	1.025177052596832339e-01
2.963867187499993339e-01	8.973278829841258020e-02
4.043945312499994671e-01	1.085790321091937710e-01
7.415039062499998446e-01	1.862155999298267806e-01
6.660156249999996669e-01	1.656829710819908985e-01
4.773437499999995115e-01	1.207052556359213685e-01
7.527343749999998446e-01	1.817031978546166382e-01
5.583007812499996003e-01	1.351485943143731772e-01
4.544921874999994782e-01	1.131361401953916435e-01
4.888671874999995226e-01	1.162036705004578091e-01
5.025390624999996891e-01	1.201729509811702706e-01
