5.129882812499995115e-01	2.315322400135540193e-01
7.525390624999999112e-01	3.626619388275287292e-01
6.278320312499996447e-01	2.767455359013258898e-01
4.186523437499994893e-01	1.700294501392209945e-01
4.340820312499995559e-01	1.697824750010538397e-01
5.342773437499995781e-01	2.050518458139594380e-01
3.437499999999994449e-01	1.299548971039420076e-01
7.807617187499997780e-01	2.907824978080647549e-01
6.500976562499997113e-01	2.329529231748943552e-01
4.037109374999994782e-01	1.386164426954039908e-01
3.957031249999994893e-01	1.381888244025116508e-01
7.726562499999998224e-01	2.678249860109225833e-01
4.229492187499994671e-01	1.385911294286955031e-01
3.013671874999994116e-01	1.035941905342629143e-01
3.868164062499994671e-01	1.219890453622202026e-01
4.508789062499994893e-01	1.335181072792180346e-01
4.476562499999995337e-01	1.364003201608182392e-01
4.238281249999994449e-01	1.228264967694373266e-01
5.458007812499996447e-01	1.576442022893927986e-01
6.183593749999997113e-01	1.717235188710039273e-01
5.520507812499996225e-01	1.505605603577351015e-01
6.331054687499996225e-01	1.763509980092465845e-01
4.244140624999994671e-01	1.153975161544099209e-01
3.955078124999995004e-01	1.082608417843604481e-01
5.098632812499994671e-01	1.317674839162605860e-01
6.026367187499996891e-01	1.541757328478722822e-01
5.601562499999994671e-01	1.416739317932494135e-01
7.574218749999998002e-01	1.934706473609247857e-01
4.010742187499994893e-01	1.059480396852394979e-01
4.856445312499996225e-01	1.178464757720428385e-01
4.112304687499994671e-01	1.044766321930488684e-01
4.381835937499994893e-01	1.106810111127651541e-01
5.529296874999996003e-01	1.289635176538902195e-01
3.547851562499994005e-01	9.120014127229787715e-02
6.357421874999997780e-01	1.461332765635346975e-01
