7.134765624999996891e-01	3.282510096696766855e-01
7.186523437499997558e-01	3.173940852933152534e-01
7.391601562499998668e-01	3.165273522253675975e-01
3.801757812499994005e-01	1.431408982188242529e-01
8.523437499999999556e-01	3.492062471334096418e-01
2.292968749999993172e-01	9.056664100046907251e-02
1.378906250000000888e+00	6.484334288410388281e-01
6.593749999999996003e-01	2.407324113101378393e-01
7.011718749999997780e-01	2.477154079938073683e-01
3.331054687499993561e-01	1.170061508075458945e-01
5.835937499999996891e-01	1.945832858891847761e-01
8.227539062499998890e-01	2.792985037433284301e-01
3.535156249999994449e-01	1.179520706775735173e-01
6.859374999999997558e-01	2.198979550991598531e-01
2.897460937499993783e-01	9.472742981709962595e-02
4.754882812499995337e-01	1.375233934063122276e-01
4.143554687499994005e-01	1.221504351464889337e-01
6.265624999999996891e-01	1.797663188881604424e-01
7.124023437499996669e-01	2.069890449063166438e-01
5.453124999999996447e-01	1.509315671338503362e-01
9.465820312499999556e-01	2.689772132331022525e-01
3.723632812499995115e-01	1.049041762344585793e-01
5.610351562499995559e-01	1.459195421080620447e-01
5.055664062499994893e-01	1.330234388586140626e-01
5.078124999999995559e-01	1.327116654198976509e-01
8.001953124999998668e-01	2.123408966110189033e-01
7.922851562499998446e-01	2.077466874784283657e-01
5.414062499999996447e-01	1.349540866194967603e-01
6.018554687499996225e-01	1.462616068691545979e-01
4.787109374999995448e-01	1.156942013779827666e-01
4.652343749999995337e-01	1.120401737913063744e-01
4.629882812499995781e-01	1.109491389404521633e-01
8.073242187499998224e-01	1.930094411124911868e-01
4.952148437499995781e-01	1.126976584296771194e-01
5.846679687499996003e-01	1.330807112100763911e-01
