7.315429687499996891e-01	4.053863951668618126e-01
9.224609374999999112e-01	5.070133159778252852e-01
4.215820312499994893e-01	1.798330974868603549e-01
4.769531249999995337e-01	2.029206596487888314e-01
7.225585937499997558e-01	3.235054585665187443e-01
1.973632812499993006e-01	7.830294486236261120e-02
6.896484374999998224e-01	2.899215113788257137e-01
5.281249999999995115e-01	2.012542979456227732e-01
3.409179687499993561e-01	1.246959357812200270e-01
4.657226562499995337e-01	1.646904973696508012e-01
4.825195312499995781e-01	1.686883458139560588e-01
4.956054687499995559e-01	1.704870292542959298e-01
4.060546874999994560e-01	1.302161097565059100e-01
3.898437499999994338e-01	1.269806187830953836e-01
5.759765624999997335e-01	1.802362676051937340e-01
4.136718749999994671e-01	1.298850604088329364e-01
5.958007812499996891e-01	1.827537739098619163e-01
3.892578124999994116e-01	1.136813381463925021e-01
7.210937499999998668e-01	2.200211133529490770e-01
6.692382812499997335e-01	1.935179895387488525e-01
3.145507812499993561e-01	9.239808496199680699e-02
4.250976562499995115e-01	1.185858701420970662e-01
3.988281249999994227e-01	1.075543751396624836e-01
4.884765624999995448e-01	1.331261228165371846e-01
5.094726562499994893e-01	1.329694673859930509e-01
6.873046874999997335e-01	1.817180972990919408e-01
6.580078124999997335e-01	1.672780285608084228e-01
4.540039062499995337e-01	1.160201281110880972e-01
2.521484374999993228e-01	7.423873038964881599e-02
6.526367187499997335e-01	1.627087328216841045e-01
4.738281249999994893e-01	1.130766838620319015e-01
4.435546874999995448e-01	1.095381962732057957e-01
4.066406249999994227e-01	9.849248319430790877e-02
5.576171874999995559e-01	1.306727687365096813e-01
4.397460937499995115e-01	1.047914210713134786e-01
