4.410156249999994671e-01	1.975714680195212736e-01
9.470703124999999556e-01	5.762444246564459860e-01
3.674804687499994005e-01	1.488633843910986410e-01
7.006835937499996669e-01	3.335782304509418150e-01
1.041796875000000178e+00	5.857633322301052381e-01
7.830078124999997335e-01	3.582246080230709895e-01
8.170898437499998224e-01	3.727670326262954026e-01
3.545898437499993561e-01	1.211778753474096054e-01
3.903320312499994893e-01	1.341132492968956647e-01
3.414062499999994116e-01	1.129915158571886680e-01
5.373046874999996003e-01	1.912058868969621628e-01
4.823242187499995337e-01	1.631292531137018831e-01
4.589843749999995559e-01	1.481558065601993324e-01
9.771484374999999112e-01	4.211050071027902519e-01
4.807617187499995115e-01	1.510513988518874806e-01
5.621093749999995781e-01	1.848325471419668964e-01
8.537109374999998224e-01	3.210587357159484512e-01
6.146484374999996447e-01	1.963083597953070025e-01
7.987304687499997558e-01	2.798473590010014944e-01
6.294921874999996891e-01	1.985485824924167197e-01
3.207031249999994227e-01	8.594221808635929549e-02
5.755859374999996447e-01	1.709591125952298341e-01
7.083984374999996447e-01	2.214517476241176508e-01
4.468749999999995226e-01	1.180421410034945967e-01
4.896484374999995337e-01	1.324072195288932829e-01
4.085937499999994782e-01	1.047165067043025477e-01
3.397460937499994227e-01	8.373690846253571685e-02
3.203124999999994449e-01	7.669130874865778824e-02
7.398437499999999112e-01	2.224108768493704702e-01
5.228515624999996447e-01	1.349194668654452589e-01
5.300781249999995115e-01	1.363087586493267611e-01
3.944335937499995337e-01	9.188802475580079565e-02
5.693359374999995559e-01	1.483006224748668056e-01
5.881835937499996225e-01	1.523033242647252039e-01
3.827148437499994227e-01	8.847177981211652720e-02
