3.250976562499994227e-01	1.373954669467305212e-01
3.484277343750005418e+00	4.478431694938191931e+00
3.454101562499994893e-01	1.395874947377966913e-01
1.497167968750001243e+00	9.759073792849913831e-01
8.564453124999997780e-01	4.259724765573764116e-01
5.590820312499995559e-01	2.392449143127104438e-01
4.261718749999995337e-01	1.657466213612959482e-01
8.192382812499998668e-01	3.421204536799113960e-01
4.331054687499994449e-01	1.664831370650715903e-01
9.124999999999998668e-01	3.739218010563333805e-01
3.396484374999994005e-01	1.219472359057459099e-01
3.639648437499993783e-01	1.314063643510016699e-01
4.203124999999995337e-01	1.449972229013197222e-01
2.874023437499994005e-01	1.057469856616002069e-01
6.837890624999998224e-01	2.337869421235721779e-01
3.621093749999994005e-01	1.198568981507810161e-01
7.447265624999999112e-01	2.415305567901949724e-01
2.927734374999994005e-01	9.538960758718030564e-02
5.655273437499995781e-01	1.743660417725505785e-01
4.001953124999994560e-01	1.258263233860199559e-01
5.748046874999996891e-01	1.691012904741982514e-01
4.078124999999994671e-01	1.189844460164104500e-01
3.379882812499994671e-01	1.027602485223512996e-01
4.868164062499995559e-01	1.398263099828889744e-01
4.444335937499995781e-01	1.246681124472584362e-01
4.929687499999995670e-01	1.355778089915117557e-01
4.662109374999995337e-01	1.278488774273807416e-01
4.391601562499994893e-01	1.205050946116837385e-01
4.504882812499995115e-01	1.176798918875888722e-01
3.645507812499994005e-01	9.756819556166619611e-02
6.470703124999996891e-01	1.613276170967929413e-01
5.916015624999997335e-01	1.443966302487171560e-01
4.927734374999995781e-01	1.229666328481382326e-01
4.891601562499995337e-01	1.207531754955572523e-01
3.972656249999995115e-01	1.004415917699920807e-01
