4.570312499999995004e-01	2.188675813633550460e-01
4.198242187499995337e-01	1.918621793933952824e-01
1.047851562500000000e+00	6.273445050287125291e-01
5.941406249999996447e-01	2.720853364862765300e-01
8.736328124999999112e-01	4.421299221003488489e-01
6.369140624999998224e-01	2.685861630092095109e-01
3.766601562499994893e-01	1.440889067187182682e-01
7.985351562499998224e-01	3.472458268668944248e-01
6.425781249999996669e-01	2.500831785704590859e-01
4.862304687499995337e-01	1.745148693430814413e-01
5.576171874999995559e-01	1.982246437853098786e-01
3.864257812499994893e-01	1.295183683604387292e-01
5.380859374999995559e-01	1.817401565913000228e-01
4.426757812499995115e-01	1.424515033802769837e-01
4.159179687499994227e-01	1.283737991574575854e-01
7.266601562499998002e-01	2.522699472864082249e-01
4.077148437499994449e-01	1.188941732195871875e-01
2.886718749999993561e-01	8.590826164873295590e-02
7.239257812499997335e-01	2.349078276795983911e-01
3.725585937499994449e-01	1.048630413993713734e-01
5.565429687499995337e-01	1.641116438309285497e-01
8.617187499999998668e-01	2.870786726674011136e-01
6.841796874999996891e-01	2.045072989750132408e-01
4.666015624999995115e-01	1.237915956830351327e-01
2.530273437499993561e-01	6.671027044808633399e-02
6.908203124999998668e-01	1.970415150199651688e-01
6.887695312499998446e-01	1.947782139917327848e-01
4.212890624999994782e-01	1.050062085393896477e-01
4.508789062499994893e-01	1.123902135169737859e-01
5.623046874999995115e-01	1.452116169022873160e-01
5.660156249999995781e-01	1.454741660449605789e-01
3.639648437499993783e-01	8.528540828633907056e-02
4.252929687499994449e-01	1.009155367755885518e-01
3.173828124999993894e-01	7.297663904199820639e-02
4.785156249999995559e-01	1.124094161195722252e-01
