4.664062499999995226e-01	2.102466673430068433e-01
4.367187499999994893e-01	1.898781999847611590e-01
5.977539062499995781e-01	2.753988350296441845e-01
3.839843749999994893e-01	1.499307610797853962e-01
3.852539062499994449e-01	1.419973042688521814e-01
7.833007812499998002e-01	3.675195265355477026e-01
9.078124999999999112e-01	4.395763083116975833e-01
5.154296874999995115e-01	1.926562909707126292e-01
4.111328124999995004e-01	1.420648723398492408e-01
2.685546874999993894e-01	8.996413553521677431e-02
2.709960937499993339e-01	8.848418816010809873e-02
6.805664062499997558e-01	2.613278142069759835e-01
2.018554687499992950e-01	6.562263751442563853e-02
7.944335937499998890e-01	3.170326123847361788e-01
4.477539062499995559e-01	1.424914369169791861e-01
6.210937499999997780e-01	2.134462788857874604e-01
5.085937499999995115e-01	1.595914498402466741e-01
6.218749999999997335e-01	2.081245609574485234e-01
4.167968749999995115e-01	1.202105666572471226e-01
4.882812499999995559e-01	1.469188874974288184e-01
6.130859374999995115e-01	1.930484316687097190e-01
3.197265624999994227e-01	8.249732816324287232e-02
4.497070312499995559e-01	1.262574243002642371e-01
6.278320312499996447e-01	1.918622307505470637e-01
4.938476562499996003e-01	1.382525814048525536e-01
5.770507812499996447e-01	1.649089416931807106e-01
3.476562499999994449e-01	8.661110425684553915e-02
6.690429687499996891e-01	1.972586190432935038e-01
4.535156249999995337e-01	1.167251327790318760e-01
3.808593749999994449e-01	9.306443797830975251e-02
5.199218749999996447e-01	1.360367601348514144e-01
5.076171874999995115e-01	1.305685195855012803e-01
7.839843749999998446e-01	2.362727282993666023e-01
6.789062499999996003e-01	1.891884055440116452e-01
5.379882812499996447e-01	1.361049068933186945e-01
