3.198242187499994449e-01	1.273920823208560538e-01
3.587890624999994227e-01	1.479274553557300975e-01
3.904296874999994560e-01	1.592282151582123662e-01
5.849609374999995559e-01	2.573108737795812839e-01
7.105468749999996891e-01	3.218377330046681695e-01
5.791015624999995559e-01	2.306087688358799126e-01
5.683593749999996669e-01	2.217340179030768410e-01
3.782226562499994005e-01	1.320486650085364033e-01
7.558593749999997780e-01	3.039215391890741635e-01
3.026367187499993117e-01	1.004660552248243799e-01
3.568359374999994227e-01	1.162627301664455881e-01
4.815429687499994671e-01	1.578777385153665169e-01
6.163085937499995781e-01	2.090368785566917575e-01
5.052734374999994227e-01	1.576119810177035729e-01
2.527343749999992895e-01	7.845322580790277389e-02
5.183593749999996225e-01	1.574620430204897448e-01
4.811523437499994893e-01	1.404396170853305092e-01
9.926757812500000000e-01	3.608145158214189352e-01
3.953124999999995115e-01	1.110413640493005533e-01
6.202148437499996891e-01	1.833879611930794573e-01
1.631347656250001776e+00	7.079020438712370078e-01
4.956054687499995559e-01	1.368173412136199918e-01
6.141601562499996447e-01	1.705748180205867159e-01
4.525390624999994782e-01	1.208844415688023755e-01
5.449218749999996669e-01	1.453459147299428766e-01
3.359374999999994449e-01	8.602441163038948568e-02
4.344726562499995337e-01	1.086970688556629233e-01
4.762695312499996003e-01	1.206050534207969982e-01
5.671874999999996225e-01	1.416187074491036813e-01
7.491210937499998002e-01	1.985097518913035430e-01
4.591796874999995448e-01	1.106156629191102914e-01
4.131835937499994671e-01	9.799810162004882197e-02
3.581054687499993783e-01	8.414105065258825622e-02
5.032226562499996225e-01	1.171403730292676498e-01
4.660156249999994893e-01	1.071766322742741806e-01
