1.501562500000001243e+00	1.112238339165648737e+00
7.343749999999997780e-01	3.616491898776182379e-01
3.333984374999994227e-01	1.367638750855899032e-01
3.476562499999994449e-01	1.362273788676668651e-01
4.496093749999995337e-01	1.749189381222480133e-01
4.301757812499994449e-01	1.635940485521840959e-01
3.683593749999994893e-01	1.338085769383963175e-01
4.518554687499994893e-01	1.633561072038409445e-01
6.238281249999996225e-01	2.309195526897721285e-01
3.618164062499994449e-01	1.238653764007239672e-01
4.262695312499995559e-01	1.408411197774412371e-01
4.497070312499995559e-01	1.447926864227968013e-01
3.654296874999994338e-01	1.136445656198212667e-01
6.231445312499996891e-01	2.011208099653116477e-01
1.051367187500000133e+00	3.871253560208177125e-01
8.488281249999998224e-01	2.845118225938361167e-01
4.408203124999994782e-01	1.315884615659635715e-01
8.403320312500000000e-01	2.629273833791417325e-01
7.441406249999997780e-01	2.223135351715601893e-01
5.198242187499996225e-01	1.468265032744104359e-01
4.544921874999994782e-01	1.260685187931537277e-01
3.083007812499993783e-01	8.847681485107398991e-02
3.404296874999994116e-01	9.621863417760175008e-02
4.148437499999994560e-01	1.108224011950357940e-01
5.093749999999994671e-01	1.350357407985333102e-01
3.675781249999994227e-01	9.494886822575471230e-02
3.842773437499994449e-01	9.756496779333209690e-02
4.300781249999994227e-01	1.054880615976306335e-01
4.986328124999995226e-01	1.207823388167154482e-01
5.157226562499995781e-01	1.250161596992582780e-01
5.295898437499995115e-01	1.260019372565099327e-01
5.149414062499996225e-01	1.208940234927309842e-01
5.902343749999997558e-01	1.408928920831729326e-01
4.071289062499994227e-01	9.620274259223068891e-02
5.643554687499995337e-01	1.297806725118674231e-01
