3.532226562499993783e-01	1.512110488614403503e-01
7.448242187499998224e-01	3.812035357875025454e-01
6.415039062499997558e-01	2.927254947507076932e-01
4.912109374999995559e-01	1.982022467252973763e-01
5.851562499999996003e-01	2.397218860693493547e-01
1.992187499999992784e-01	7.839793534197980751e-02
5.372070312499996891e-01	2.045402712957924418e-01
9.971679687499999112e-01	4.566629173414900045e-01
2.783203124999993339e-01	9.898518721443362589e-02
6.055664062499995781e-01	2.193158502489850337e-01
5.056640624999995115e-01	1.717088463891211225e-01
6.245117187499996669e-01	2.129639202184572533e-01
7.418945312499998224e-01	2.618071932609607466e-01
5.003906249999995337e-01	1.557282787556503734e-01
4.130859374999995004e-01	1.229271062356156324e-01
4.086914062499994449e-01	1.210127351514682786e-01
9.218750000000000000e-01	3.212979759612218933e-01
4.874023437499995781e-01	1.385384818685056751e-01
5.357421874999996891e-01	1.572077689014785840e-01
5.829101562499996447e-01	1.652344212266128320e-01
3.974609374999995004e-01	1.087796814676619123e-01
4.695312499999995670e-01	1.266492252877360891e-01
5.323242187499995781e-01	1.452410543234739781e-01
5.270507812499996003e-01	1.391346275702363133e-01
3.053710937499993783e-01	8.040909125861653295e-02
4.666015624999995115e-01	1.199289984709100559e-01
4.778320312499995115e-01	1.203533746476870558e-01
4.813476562499995337e-01	1.212271660870010426e-01
5.154296874999995115e-01	1.266470594187369680e-01
4.028320312499994449e-01	9.723581264332537000e-02
5.822265624999996003e-01	1.429836480052951164e-01
8.147460937499998446e-01	2.177512061373480245e-01
4.100585937499995337e-01	9.432741046813034047e-02
4.978515624999995670e-01	1.147255500626442881e-01
5.460937499999996003e-01	1.253433103594725762e-01
