2.887695312499993783e-01	1.144117876003029333e-01
3.044921874999993450e-01	1.208026766302035260e-01
2.236328124999993339e-01	9.071813253047372738e-02
3.355468749999994671e-01	1.272398375486731847e-01
4.485351562499995115e-01	1.663911971394699818e-01
3.895507812499994227e-01	1.388470006264434786e-01
4.976562499999995781e-01	1.778172110401314288e-01
6.197265624999996891e-01	2.201813846989356116e-01
2.378906249999993283e-01	8.688465344851070693e-02
4.481445312499995337e-01	1.497971718603527125e-01
4.586914062499994893e-01	1.492495818651928541e-01
3.813476562499994449e-01	1.201840093694026002e-01
6.349609374999996003e-01	2.029327763485393454e-01
5.903320312499997780e-01	1.856387899392427376e-01
4.333984374999995115e-01	1.302428654130790842e-01
4.491210937499995337e-01	1.349040916733570405e-01
3.953124999999995115e-01	1.179028868172554562e-01
6.475585937499995781e-01	1.904302043217337148e-01
3.856445312499995337e-01	1.119363905465218106e-01
5.367187499999996891e-01	1.446815372702592306e-01
5.058593749999995559e-01	1.375724135893185429e-01
3.348632812499994227e-01	9.655368977757680660e-02
4.420898437499994893e-01	1.186424034863016314e-01
4.333984374999995115e-01	1.113893496526926208e-01
6.900390624999999112e-01	1.766111139617381753e-01
4.354492187499995337e-01	1.119249048792374523e-01
4.528320312499994893e-01	1.142737352716322180e-01
5.027343749999996225e-01	1.255468157487812930e-01
6.801757812499996669e-01	1.687675110561107084e-01
3.563476562499994227e-01	9.191124730617859784e-02
7.202148437499997780e-01	1.745334226809709122e-01
5.382812499999996003e-01	1.283800443955705195e-01
6.834960937499997558e-01	1.578444717598286307e-01
6.697265624999997335e-01	1.568504495376899510e-01
4.945312499999995892e-01	1.139656203524316291e-01
