2.998046874999993894e-01	1.212832804093176980e-01
1.042675781250000266e+00	6.080872269364301363e-01
3.391601562499994005e-01	1.305592674385616936e-01
6.163085937499995781e-01	2.628527692033835184e-01
4.739257812499995115e-01	1.819684080018904582e-01
4.342773437499994893e-01	1.603057605140526254e-01
7.911132812499999112e-01	3.318174273487704551e-01
2.514648437499993339e-01	8.765026110091685141e-02
2.981445312499994005e-01	1.001512076578260774e-01
4.333984374999995115e-01	1.427042041384457283e-01
6.155273437499996225e-01	2.146572282855875591e-01
4.410156249999994671e-01	1.404293786161143753e-01
5.181640624999996891e-01	1.645873149235005661e-01
1.278613281250000622e+00	5.310284148943572591e-01
4.726562499999995559e-01	1.440985172211286247e-01
5.707031249999996447e-01	1.757472546304822691e-01
5.636718749999996003e-01	1.680808143442681091e-01
3.624023437499994671e-01	1.042112824186876008e-01
3.994140624999994449e-01	1.082958440498389130e-01
8.791015624999998224e-01	2.784079863685195999e-01
6.297851562499996447e-01	1.780218978571922739e-01
6.470703124999996891e-01	1.802727825642561343e-01
5.962890624999996891e-01	1.594968373250236215e-01
1.970703124999992895e-01	6.096987937470613877e-02
5.139648437499995115e-01	1.349139976954826792e-01
3.893554687499993783e-01	1.016473760910882873e-01
5.784179687499995115e-01	1.464873579385861380e-01
5.268554687499995559e-01	1.318806548589133709e-01
4.708984374999995448e-01	1.151769579359795820e-01
5.730468749999996225e-01	1.397704334610090915e-01
3.858398437499994671e-01	9.207131985447787603e-02
6.561523437499996447e-01	1.605290091698522714e-01
6.526367187499997335e-01	1.538218113872693582e-01
7.258789062499998446e-01	1.763128961338917833e-01
5.193359374999995115e-01	1.189411198634404976e-01
