2.333984374999993339e-01	9.947860266212102398e-02
6.357421874999997780e-01	2.895201269246203690e-01
6.738281249999996669e-01	2.970459213186961711e-01
5.780273437499995337e-01	2.358337395269941017e-01
3.982421874999994560e-01	1.497682866737436447e-01
5.812499999999996003e-01	2.209333110977111936e-01
3.830078124999994338e-01	1.307254491924276785e-01
3.012695312499994449e-01	1.058731327519231991e-01
5.834960937499996669e-01	2.070024688307666172e-01
6.179687499999997335e-01	2.139045364283468365e-01
7.724609374999997780e-01	2.765448028522262125e-01
5.922851562499996669e-01	1.937885945479954908e-01
2.835937499999993672e-01	9.402824572939730285e-02
5.549804687499995115e-01	1.742357092278655484e-01
3.935546874999995004e-01	1.208080133294876513e-01
6.045898437499995781e-01	1.814477863744192732e-01
5.061523437499995115e-01	1.489488059541293208e-01
6.633789062499996225e-01	1.951285922998871047e-01
3.978515624999994782e-01	1.139693466571617686e-01
5.768554687499996003e-01	1.596346185599486767e-01
3.317382812499993783e-01	9.243443009049247261e-02
5.882812499999996447e-01	1.596197650835127768e-01
6.517578124999996447e-01	1.740045850009036832e-01
4.021484374999994560e-01	1.077170807781658440e-01
5.336914062499996669e-01	1.378315633629222936e-01
4.998046874999995670e-01	1.239504606496831390e-01
3.675781249999994227e-01	9.263053433640809631e-02
4.333984374999995115e-01	1.037380583437342296e-01
4.532226562499994671e-01	1.078335408317995792e-01
6.057617187499996225e-01	1.447717074551024552e-01
5.917968749999996669e-01	1.399285128174023451e-01
5.254882812499995781e-01	1.206640175612403443e-01
4.090820312499995337e-01	9.394695299581257153e-02
7.028320312499998224e-01	1.644341471526020171e-01
4.040039062499994893e-01	9.317059174285151346e-02
