4.638671874999995004e-01	2.220994137271089242e-01
3.965820312499994671e-01	1.729748258424750051e-01
3.237304687499993339e-01	1.308634741724172823e-01
4.201171874999995448e-01	1.738366337620898261e-01
4.261718749999995337e-01	1.643608106580399797e-01
3.492187499999994116e-01	1.304106035162728994e-01
6.091796874999995115e-01	2.476545267372246006e-01
3.607421874999994782e-01	1.258107360937152641e-01
7.561523437499997335e-01	3.095861112876998056e-01
1.099414062500000178e+00	5.139923297660475843e-01
5.104492187499994893e-01	1.746117347094570393e-01
4.510742187499995337e-01	1.486162981286252571e-01
4.172851562499995115e-01	1.340167994092569537e-01
4.749023437499995115e-01	1.515307204447621237e-01
6.399414062499998446e-01	2.106942201695755912e-01
6.955078124999998224e-01	2.269872394053175924e-01
4.870117187499994893e-01	1.463279448064374599e-01
4.083984374999994893e-01	1.184690208026979719e-01
2.871093749999993339e-01	8.459843523118747155e-02
3.793945312499994449e-01	1.064880229831015601e-01
5.404296874999996447e-01	1.538950296035888621e-01
5.257812499999996447e-01	1.448099432604364467e-01
3.239257812499993783e-01	8.483237193980891488e-02
3.086914062499993561e-01	8.243631050468795685e-02
5.612304687499994893e-01	1.527487348067114725e-01
4.423828124999995004e-01	1.118306934187211082e-01
7.083007812499997335e-01	1.955043463754387867e-01
3.861328124999994782e-01	9.581808467966342058e-02
6.570312499999997335e-01	1.697864340429696139e-01
3.346679687499993783e-01	8.179139003670710117e-02
4.643554687499994449e-01	1.124123831555613046e-01
4.688476562499995781e-01	1.114675333429874377e-01
3.106445312499994671e-01	7.324092857101732745e-02
6.823242187499997113e-01	1.687980236344808205e-01
3.359374999999994449e-01	7.728906409584337944e-02
