3.370117187499993561e-01	1.397510618121529380e-01
7.224609374999997335e-01	3.321175693864998890e-01
4.364257812499995337e-01	1.690698279124830394e-01
3.529296874999994227e-01	1.287391610659404106e-01
6.368164062499998002e-01	2.545238520539438443e-01
8.445312499999999556e-01	3.642839930552855265e-01
5.672851562499996447e-01	2.064243967949228598e-01
9.739257812499999556e-01	4.219419608608346861e-01
2.507812499999993450e-01	8.487847604130051293e-02
4.423828124999995004e-01	1.426863532570757376e-01
6.365234374999997335e-01	2.174162703349340753e-01
5.775390624999996447e-01	1.880954310990916034e-01
5.518554687499995781e-01	1.757854622680594114e-01
6.344726562499997113e-01	2.034078566191568072e-01
7.557617187499997558e-01	2.535128333022986236e-01
5.633789062499995337e-01	1.688037733198035628e-01
7.395507812499998446e-01	2.377673170785711276e-01
4.412109374999995115e-01	1.231868732970587549e-01
6.117187499999996447e-01	1.767275587824566896e-01
2.847656249999993561e-01	7.744343935325752326e-02
4.024414062499994671e-01	1.046136056447237728e-01
3.467773437499994671e-01	9.012756968542028069e-02
4.391601562499994893e-01	1.144084652991851081e-01
5.353515624999996003e-01	1.419408081782630171e-01
3.912109374999994671e-01	9.632856885103353861e-02
4.586914062499994893e-01	1.164248581076071237e-01
3.311523437499993561e-01	8.101779918474517894e-02
3.984374999999994449e-01	9.551295869860708387e-02
3.722656249999994893e-01	8.856319963857903210e-02
4.377929687499995115e-01	1.048863986012408128e-01
9.324218749999999556e-01	2.796721347843220129e-01
3.638671874999994116e-01	8.349669612541120445e-02
4.059570312499994893e-01	9.230877270508884569e-02
4.210937499999994893e-01	9.422412822949098599e-02
3.888671874999994338e-01	8.699595071534453605e-02
