1.005273437500000089e+00	5.827114010291326585e-01
3.392578124999993672e-01	1.423254506240844153e-01
2.410156249999993172e-01	1.035721157889073207e-01
4.806640624999994893e-01	1.969520355787048038e-01
8.934570312499999778e-01	4.134724083004936435e-01
9.009765624999999112e-01	4.019797853677465893e-01
4.109374999999995115e-01	1.560771279878538920e-01
6.966796874999996447e-01	2.711057125500991871e-01
4.507812499999995226e-01	1.664056935053936648e-01
5.835937499999996891e-01	2.109370514229977622e-01
5.596679687499994671e-01	1.945317504396502084e-01
4.935546874999995892e-01	1.639519510092358190e-01
4.145507812499994449e-01	1.362184990585371958e-01
-1.264648437500009992e-01	6.345741870168868093e-02
4.854492187499995781e-01	1.518997915431141710e-01
4.295898437499994227e-01	1.343329973929517918e-01
2.614257812499993783e-01	9.159180986982058681e-02
4.537109374999995226e-01	1.328012835884959664e-01
4.807617187499995115e-01	1.406225932245234456e-01
3.859374999999994893e-01	1.121672664148972709e-01
5.919921874999996003e-01	1.639897533261489571e-01
4.684570312499996003e-01	1.315193462468144669e-01
4.870117187499994893e-01	1.355404101618462587e-01
2.253906249999993172e-01	7.624610240975772391e-02
4.416992187499995115e-01	1.173908581911057847e-01
4.181640624999994893e-01	1.077928765820726498e-01
5.519531249999996003e-01	1.449741583953468027e-01
3.360351562499994671e-01	9.081495522613981797e-02
4.801757812499994893e-01	1.211131303718652186e-01
3.471679687499994449e-01	8.997287319905815373e-02
3.566406249999993783e-01	9.066995582412265553e-02
8.416992187499998668e-01	2.095306823393154327e-01
5.878906249999996669e-01	1.397387900920683546e-01
4.273437499999994671e-01	1.029794203409955394e-01
3.876953124999994449e-01	9.262383860294387539e-02
