1.324511718750001066e+00	9.697381240501105060e-01
6.267578124999997335e-01	2.995504627313970158e-01
8.219726562499999334e-01	4.110682297385311879e-01
3.088867187499994005e-01	1.261843454314834356e-01
3.171874999999994005e-01	1.266996613560666674e-01
3.535156249999994449e-01	1.325178043437951758e-01
4.392578124999994560e-01	1.617104544568365998e-01
6.442382812499997113e-01	2.561412824199766347e-01
4.577148437499994893e-01	1.609861513746091988e-01
4.775390624999995004e-01	1.657739455014159147e-01
5.083007812499995559e-01	1.723324212134686728e-01
4.626953124999995115e-01	1.527715034086827850e-01
3.115234374999993894e-01	9.810530474444259519e-02
8.269531249999998446e-01	3.089976018723764595e-01
3.425781249999994005e-01	1.021385110671914342e-01
1.777148437500001732e+00	9.281421262221161150e-01
5.374023437499996225e-01	1.654746137743436651e-01
4.289062499999994893e-01	1.266715974123946709e-01
5.023437499999996447e-01	1.453893867206742518e-01
4.960937499999995559e-01	1.443118939915993826e-01
6.663085937499996225e-01	2.037340048790496905e-01
4.332031249999994671e-01	1.203654053197582285e-01
7.340820312499998224e-01	2.204773291830280646e-01
6.605468749999996447e-01	1.891843047834005920e-01
5.288085937499994449e-01	1.408382942950532624e-01
6.308593749999996669e-01	1.725054030034026686e-01
5.707031249999996447e-01	1.512643129563675248e-01
4.264648437499994893e-01	1.068125399809247422e-01
2.889648437499993117e-01	7.123620152023524277e-02
4.683593749999995781e-01	1.153206733248473420e-01
6.979492187499997113e-01	1.819624805290298297e-01
7.086914062499997113e-01	1.839704624420791801e-01
4.812499999999995115e-01	1.143103802862254909e-01
3.615234374999994338e-01	8.342066307979220663e-02
3.309570312499994227e-01	7.554813161151134604e-02
