1.123046875000000000e+00	6.938004806673264691e-01
-1.350585937500010381e-01	6.718017188536376527e-02
4.237304687499994227e-01	1.727098872257737672e-01
5.329101562499996003e-01	2.211971597249010879e-01
2.777343749999993117e-01	1.064514168073913691e-01
3.354492187499994449e-01	1.238528368418499725e-01
3.500976562499994449e-01	1.216925169388287653e-01
2.689453124999993672e-01	9.532215056264194131e-02
2.909179687499993117e-01	1.006193984208823694e-01
3.297851562499993783e-01	1.112084342502896173e-01
7.586914062499997558e-01	2.816328650258657085e-01
3.648437499999994116e-01	1.170540831261061149e-01
3.819335937499994671e-01	1.174138009831835056e-01
6.150390624999997335e-01	2.012363044396785483e-01
3.909179687499994005e-01	1.190910855524634770e-01
6.344726562499997113e-01	2.016374374534260216e-01
5.088867187499994671e-01	1.521765486415047886e-01
3.383789062499994449e-01	9.833651501476306511e-02
5.299804687499994893e-01	1.535588889561034787e-01
5.378906249999996225e-01	1.537399981526361703e-01
5.681640624999997335e-01	1.595367625034545267e-01
6.218749999999997335e-01	1.725918145027905692e-01
6.619140624999997335e-01	1.857820882762385994e-01
8.009765624999998224e-01	2.269834562116156140e-01
4.349609374999995337e-01	1.127829173979859184e-01
3.060546874999993672e-01	8.451678294247265411e-02
5.006835937499994893e-01	1.276129007645117053e-01
5.240234374999994671e-01	1.322350994606211194e-01
7.550781249999997113e-01	1.947428122029407349e-01
6.876953124999998224e-01	1.717699803500671030e-01
1.028320312500000000e+00	2.807565029568868109e-01
6.330078124999996003e-01	1.533425266078938531e-01
3.749999999999994449e-01	9.109519454340075928e-02
3.967773437499995115e-01	9.524556734807972103e-02
4.847656249999995337e-01	1.138338581333159655e-01
