8.243164062499998002e-01	4.759143230791856860e-01
2.032226562499992728e-01	8.324849490171962185e-02
1.216796874999992173e-01	5.721404017051729546e-02
5.706054687499996225e-01	2.547441016361138288e-01
7.796874999999997558e-01	3.696465588310186567e-01
1.886718749999992673e-01	7.270530094377659902e-02
4.162109374999994893e-01	1.599779728268261314e-01
2.748046874999993672e-01	9.655078889058427150e-02
4.289062499999994893e-01	1.550353055062352048e-01
6.076171874999996003e-01	2.214585305636613821e-01
5.757812499999996891e-01	2.102731746394843892e-01
4.005859374999994893e-01	1.358303792198360116e-01
6.570312499999997335e-01	2.315879932268384012e-01
2.358398437499993339e-01	8.048284396209026692e-02
4.852539062499995337e-01	1.561703420676693599e-01
5.504882812499996003e-01	1.742356968629132918e-01
3.127929687499994005e-01	9.883270361991039477e-02
3.291015624999993894e-01	1.008311940643239063e-01
4.306640624999994449e-01	1.283233317753685321e-01
3.633789062499994671e-01	1.079801979252427852e-01
4.564453124999994782e-01	1.300847146581623204e-01
3.257812499999994116e-01	9.218740835470398687e-02
5.047851562499995337e-01	1.355092707393488194e-01
6.954101562499998002e-01	1.964245809389837394e-01
5.666015624999996003e-01	1.549507916821305509e-01
6.258789062499997558e-01	1.695235583646027000e-01
5.672851562499996447e-01	1.490963057266137537e-01
3.620117187499993783e-01	9.635906352305663447e-02
4.307617187499994671e-01	1.080894457248825352e-01
3.327148437499993783e-01	8.817631904952885624e-02
3.263671874999994338e-01	8.470461130150580553e-02
5.585937499999995559e-01	1.363100118821612139e-01
4.406249999999994893e-01	1.081950246639503677e-01
6.873046874999997335e-01	1.676239659887770184e-01
6.625976562499996669e-01	1.603114082157392206e-01
