2.585937499999993450e-01	1.157640951141056390e-01
1.184960937500000311e+00	7.041456258023717218e-01
2.484374999999993394e-01	1.075722454590773564e-01
1.866210937499992728e-01	8.336850211349258744e-02
3.805664062499993783e-01	1.445901932729472816e-01
9.108398437499998224e-01	4.165130790838363350e-01
5.437499999999996225e-01	2.090673841623483520e-01
6.039062499999996447e-01	2.269665592643460017e-01
5.294921874999996003e-01	1.927725619410194102e-01
6.808593749999997113e-01	2.448287010421247856e-01
7.214843749999998446e-01	2.584926133698021711e-01
5.838867187499996447e-01	1.942092455991139277e-01
4.687499999999115985e-03	nan
5.444335937499996669e-01	1.801426451489074321e-01
3.958007812499995115e-01	1.280723552674652987e-01
7.926757812499998224e-01	2.588506851072705506e-01
3.337890624999994005e-01	1.073985507259381522e-01
5.165039062499995337e-01	1.562200656643504548e-01
4.841796874999995670e-01	1.441053671594844099e-01
4.421874999999995115e-01	1.292977404567026145e-01
3.633789062499994671e-01	1.096050239606410209e-01
5.233398437499995337e-01	1.431880547154887329e-01
5.555664062499995337e-01	1.538360979014009033e-01
2.960937499999993783e-01	8.602486049775748267e-02
4.540039062499995337e-01	1.206828510596210657e-01
3.292968749999993783e-01	9.263497036346583779e-02
4.516601562499995559e-01	1.185686281127342201e-01
8.960937499999999112e-01	2.429963091313683821e-01
6.306640624999997335e-01	1.609332135275528264e-01
3.560546874999994116e-01	9.158719503313667021e-02
5.046874999999995115e-01	1.245630416422220665e-01
6.349609374999996003e-01	1.564222235537427452e-01
3.395507812499993783e-01	8.721328593331909018e-02
7.110351562499996891e-01	1.702066999993048224e-01
4.728515624999995448e-01	1.119556195518986302e-01
