3.173828124999993894e-01	1.327906409440395286e-01
5.017578124999995115e-01	2.078411483185445552e-01
3.197265624999994227e-01	1.229996609817829850e-01
4.794921874999995004e-01	1.867208947950135534e-01
4.439453124999995226e-01	1.673599465961375377e-01
4.787109374999995448e-01	1.751445657206116557e-01
6.600585937499995337e-01	2.529175938838294502e-01
9.555664062499998890e-01	4.131198872180033566e-01
5.139648437499995115e-01	1.798577622822535860e-01
8.126953124999998224e-01	3.112830066222580516e-01
3.696289062499994449e-01	1.185592608988545321e-01
4.974609374999995892e-01	1.579938896918825220e-01
3.998046874999994782e-01	1.221578947653150504e-01
3.333007812499994005e-01	9.745749014085186568e-02
5.541992187499995559e-01	1.713594569209729301e-01
6.854492187499997558e-01	2.167087526244947382e-01
7.552734374999996447e-01	2.427053100953885378e-01
4.631835937499995115e-01	1.321812901021143516e-01
6.107421874999996447e-01	1.723340728091328766e-01
4.339843749999995337e-01	1.163049169580141068e-01
3.689453124999994560e-01	9.913279956852111274e-02
4.046874999999994227e-01	1.068308499131157552e-01
7.613281249999996891e-01	2.195697350603919573e-01
6.693359374999996447e-01	1.819149349026069895e-01
5.308593749999995781e-01	1.363263312205742483e-01
4.806640624999994893e-01	1.190531231874143864e-01
4.497070312499995559e-01	1.097405465364233168e-01
2.887695312499993783e-01	7.355401408412219622e-02
3.839843749999994893e-01	9.221565362715369862e-02
4.371093749999994671e-01	1.023963308441340203e-01
6.219726562499997558e-01	1.533156194367784053e-01
7.117187499999997335e-01	1.786124865587246369e-01
4.834960937499995781e-01	1.113137707019416917e-01
5.954101562499997113e-01	1.396658844679407041e-01
6.026367187499996891e-01	1.373416048990818705e-01
