4.384765624999995004e-01	1.969784991803693597e-01
3.864257812499994893e-01	1.595221535807250512e-01
5.471679687499995115e-01	2.364243501550490067e-01
3.456054687499994227e-01	1.288508681143586410e-01
4.126953124999994671e-01	1.560950128314678165e-01
3.836914062499994227e-01	1.461559709176018795e-01
4.489257812499994893e-01	1.660042101166517015e-01
6.493164062499997558e-01	2.368435852546016684e-01
3.434570312499994893e-01	1.210736614972549585e-01
4.157226562499994893e-01	1.406158657485909458e-01
6.167968749999996891e-01	2.043066119108421508e-01
4.739257812499995115e-01	1.546382124456499030e-01
6.834960937499997558e-01	2.250114777983744097e-01
3.874999999999994560e-01	1.227881117212981793e-01
4.709960937499995115e-01	1.475752546725206671e-01
4.910156249999995115e-01	1.439793739211300549e-01
3.720703124999994449e-01	1.175317082952010428e-01
4.816406249999994893e-01	1.386081483207390053e-01
7.077148437499997113e-01	2.045163653796447933e-01
5.413085937499996225e-01	1.494112416510922914e-01
4.958984374999995670e-01	1.357871675928304933e-01
7.276367187499996891e-01	2.006294646440198726e-01
4.719726562499995115e-01	1.304194232854504476e-01
6.333007812499996669e-01	1.695135687436038763e-01
6.763671874999996891e-01	1.768006294711264859e-01
3.361328124999994338e-01	9.881573543698667084e-02
4.185546874999995226e-01	1.131588220672011674e-01
3.822265624999994227e-01	1.037116914422282765e-01
5.491210937499996225e-01	1.345200237888980188e-01
5.713867187499996891e-01	1.413414288540598140e-01
4.722656249999995781e-01	1.166117530548761161e-01
3.355468749999994671e-01	9.072316136555574895e-02
4.355468749999995559e-01	1.039051656743094909e-01
4.450195312499996003e-01	1.078277287459309675e-01
5.144531249999995115e-01	1.194020509396874347e-01
