5.597656249999994893e-01	2.644316704698722043e-01
5.494140624999996891e-01	2.486069949143425439e-01
8.296874999999998002e-01	4.252557595904727927e-01
1.030175781250000089e+00	5.555978796878197068e-01
4.355468749999995559e-01	1.638285984067444634e-01
3.163085937499994227e-01	1.139138592004188821e-01
2.832031249999993339e-01	9.683292223482951877e-02
2.873046874999993783e-01	1.010550007736750328e-01
3.156249999999993783e-01	1.081310549873935739e-01
5.540039062499996225e-01	2.086285966975480466e-01
4.495117187499995115e-01	1.557007869744323481e-01
8.409179687499999112e-01	3.581442675497120143e-01
5.071289062499996225e-01	1.745321415452613378e-01
1.011328124999999911e+00	4.485528242117778897e-01
5.287109374999994227e-01	1.740852464878104300e-01
4.077148437499994449e-01	1.257775322220328340e-01
3.879882812499995115e-01	1.154999728537278170e-01
3.060546874999993672e-01	8.778962316102444097e-02
5.450195312499996891e-01	1.712689538283925783e-01
4.343749999999995115e-01	1.270869595494977244e-01
2.929687499999993894e-01	7.961531733590598847e-02
3.833984374999994671e-01	1.053625928183427318e-01
5.079101562499995781e-01	1.498227846591916324e-01
3.685546874999994782e-01	9.936887357298213042e-02
3.041992187499993339e-01	7.915438171530524147e-02
5.318359374999994671e-01	1.526003276995616664e-01
3.429687499999994338e-01	8.489495572280718327e-02
4.388671874999994782e-01	1.155363230945360142e-01
6.793945312499997113e-01	2.095332557850145272e-01
4.247070312499995337e-01	1.101079252512776746e-01
3.917968749999994893e-01	9.850034522181400076e-02
6.006835937499995781e-01	1.701100859883298844e-01
4.714843749999995115e-01	1.223737033092032328e-01
5.738281249999995781e-01	1.560335083693275560e-01
3.917968749999994893e-01	9.472749231319113616e-02
