4.730468749999995337e-01	2.090674233750479671e-01
2.974609374999994116e-01	1.235252189613989110e-01
4.222656249999995337e-01	1.696795159943033648e-01
5.262695312499996447e-01	2.108402954648461447e-01
4.134765624999994782e-01	1.513578602225338909e-01
1.052929687500000044e+00	5.107488924329245394e-01
7.789062499999996891e-01	3.226339017934433673e-01
3.856445312499995337e-01	1.310117059530838124e-01
4.599609374999995559e-01	1.535377512680249912e-01
4.776367187499994671e-01	1.606586587667751254e-01
4.492187499999995004e-01	1.452356256301164106e-01
3.981445312499994893e-01	1.242795297212292843e-01
5.106445312499995337e-01	1.617593028170430658e-01
5.190429687499995559e-01	1.623325117188313682e-01
4.201171874999995448e-01	1.256338044002916488e-01
7.317382812499997335e-01	2.361754249276379614e-01
6.251953124999996003e-01	1.893229408505892608e-01
2.023437499999992673e-01	6.388623145612538912e-02
6.291992187499996225e-01	1.860932307900532712e-01
4.235351562499994893e-01	1.141034304204120858e-01
5.368164062499997113e-01	1.473648626518301308e-01
3.768554687499994227e-01	9.997652871456305657e-02
6.473632812499996447e-01	1.784429889662494106e-01
4.701171874999995892e-01	1.188965967827504272e-01
5.525390624999997335e-01	1.451978314008703641e-01
7.658203124999998224e-01	2.115807241635861424e-01
3.797851562499994227e-01	9.435016725832222340e-02
5.281249999999995115e-01	1.305244732155890763e-01
4.752929687499994893e-01	1.146263085762803530e-01
5.506835937499995337e-01	1.323642398209157189e-01
7.387695312499998890e-01	1.884381646072553762e-01
5.505859374999995115e-01	1.312483558435413866e-01
4.126953124999994671e-01	9.493648309146408837e-02
7.193359374999996891e-01	1.761666466610220250e-01
3.756835937499994893e-01	8.428968492577196270e-02
