6.674804687499996669e-01	3.107239647835260410e-01
6.741210937499996225e-01	3.022759152400614213e-01
7.214843749999998446e-01	3.223792878350167923e-01
3.740234374999994449e-01	1.388417016110838065e-01
5.201171874999996891e-01	1.982714339539571602e-01
7.348632812499997780e-01	3.005032317683511978e-01
6.958984374999996891e-01	2.702511563701753827e-01
2.349609374999993561e-01	8.391205000592197316e-02
9.063476562499999112e-01	3.721990124286388979e-01
4.977539062499996003e-01	1.671854156524185675e-01
4.298828124999994338e-01	1.359597877915943998e-01
3.556640624999993783e-01	1.108215455655208181e-01
5.255859374999996003e-01	1.624671693694008934e-01
5.766601562499996669e-01	1.826783187967012667e-01
3.305664062499993339e-01	9.577758147232025288e-02
4.414062499999995004e-01	1.249942277163828136e-01
4.449218749999995781e-01	1.270246122778686260e-01
6.029296874999996447e-01	1.814554861218881376e-01
4.361328124999995226e-01	1.205390491666703950e-01
4.646484374999995115e-01	1.262727416671849956e-01
4.568359374999995115e-01	1.227475563762811112e-01
4.709960937499995115e-01	1.232330987817434054e-01
4.964843749999995337e-01	1.311930039544174087e-01
4.214843749999994671e-01	1.070629976696794855e-01
4.706054687499995337e-01	1.208934086520408457e-01
4.602539062499995115e-01	1.144515019316481030e-01
4.397460937499995115e-01	1.080578141504099227e-01
6.514648437499996891e-01	1.736260790605539117e-01
4.594726562499995559e-01	1.092252163933985637e-01
5.936523437499996447e-01	1.493076561131655711e-01
4.871093749999995115e-01	1.166328222006345616e-01
5.152343749999995781e-01	1.208950325319890495e-01
4.648437499999995004e-01	1.064394762923140392e-01
6.548828124999996891e-01	1.609928759050506253e-01
6.015624999999996669e-01	1.442352916617457570e-01
