9.365234374999997780e-01	5.485660679931304573e-01
7.660156249999997558e-01	3.880311559596748006e-01
3.724609374999994782e-01	1.528035053367965412e-01
5.437499999999996225e-01	2.263095657360019997e-01
5.624023437499995337e-01	2.325804532433782268e-01
2.942382812499994005e-01	1.106006406737184006e-01
2.716796874999993783e-01	1.003480226651674440e-01
4.216796874999995115e-01	1.512481559492964978e-01
1.129687500000000178e+00	5.425597069757760460e-01
4.739257812499995115e-01	1.633355231881068736e-01
5.278320312499995559e-01	1.846481008717007488e-01
4.784179687499995337e-01	1.582191539503833566e-01
5.833007812499996225e-01	1.968933673183244637e-01
4.522460937499994671e-01	1.381581405790300310e-01
4.681640624999995337e-01	1.447995895127983379e-01
6.889648437499997780e-01	2.295637098969856293e-01
4.958984374999995670e-01	1.457919649506556614e-01
1.692871093750001776e+00	8.084303994239703250e-01
4.193359374999995337e-01	1.209626301647010460e-01
5.569335937499996225e-01	1.586513030201819885e-01
4.119140624999994560e-01	1.140262627980146715e-01
3.691406249999994449e-01	9.889797658611700071e-02
8.152343749999998446e-01	2.549388792809011983e-01
3.752929687499994005e-01	9.531352253421079834e-02
6.981445312499997558e-01	2.006200099464946485e-01
4.031249999999994560e-01	1.032860644744703349e-01
4.822265624999995115e-01	1.225682869849914064e-01
4.545898437499994449e-01	1.140011731830408714e-01
4.603515624999995337e-01	1.131901625211523682e-01
5.547851562499995781e-01	1.392493948946108839e-01
5.086914062499995337e-01	1.253391829276380154e-01
3.755859374999994671e-01	8.810687163343351724e-02
4.449218749999995781e-01	1.050663908187341594e-01
3.982421874999994560e-01	9.141887929024050674e-02
6.673828124999996447e-01	1.643238377275034190e-01
