9.302734374999999112e-01	5.764102546054695742e-01
7.299804687499996669e-01	3.861537572106975014e-01
2.429687499999993450e-01	1.004311930505926709e-01
7.185546874999997335e-01	3.465772320259645767e-01
9.314453124999999556e-01	4.632045890655976939e-01
2.307617187499993172e-01	9.081448279843171156e-02
5.826171874999996891e-01	2.334724469404316216e-01
4.261718749999995337e-01	1.609099140164115260e-01
3.221679687499994227e-01	1.136694225296002586e-01
4.177734374999995115e-01	1.480845240024174780e-01
6.144531249999996003e-01	2.249384868560155570e-01
8.086914062499998002e-01	3.103771487255299055e-01
5.964843749999996225e-01	2.011550876682342837e-01
4.262695312499995559e-01	1.327618588377613151e-01
8.626953124999998668e-01	3.091680780552464314e-01
2.898437499999993450e-01	8.808117203661179617e-02
3.508789062499994005e-01	1.068362549040999948e-01
5.127929687499994671e-01	1.489148838985701884e-01
7.147460937499997558e-01	2.230765787125842392e-01
4.241210937499995115e-01	1.233050776490995787e-01
6.422851562499997113e-01	1.884543340916666754e-01
3.382812499999994227e-01	9.579593462418060923e-02
4.574218749999995337e-01	1.234389575963731334e-01
2.313476562499993117e-01	6.800874803808784619e-02
2.340820312499993228e-01	6.680966902771065530e-02
4.432617187499995337e-01	1.152954076304082420e-01
4.865234374999995448e-01	1.244900102690927463e-01
4.030273437499994893e-01	1.020550072891576732e-01
5.061523437499995115e-01	1.263465878026548972e-01
5.424804687499995559e-01	1.372728242917588826e-01
4.023437499999994449e-01	9.661053079406269062e-02
4.708007812499995781e-01	1.144953168238612845e-01
6.474609374999995559e-01	1.595526353726809399e-01
8.020507812499998446e-01	2.094975445779866108e-01
7.029296874999997335e-01	1.734199363250062409e-01
