3.788085937499994227e-01	1.612017494910770454e-01
1.104199218750000266e+00	6.278417269978263660e-01
1.566894531250001776e+00	9.548018787331735702e-01
3.100585937499994449e-01	1.257657759051518387e-01
1.095605468750000089e+00	5.048464435563496666e-01
3.010742187499994005e-01	1.183102215726509060e-01
1.918945312499992784e-01	8.242597843503371435e-02
1.024023437499999911e+00	4.511571638779870996e-01
5.070312499999996003e-01	1.903868003109250862e-01
1.690429687499992728e-01	7.048054694663667685e-02
5.919921874999996003e-01	2.143447104468043096e-01
6.450195312499997780e-01	2.299525824644532424e-01
3.676757812499994449e-01	1.264099054909049724e-01
8.182617187499998668e-01	2.881841360487789605e-01
3.004882812499993783e-01	1.025996439472869615e-01
3.937499999999994893e-01	1.262511456295333789e-01
4.354492187499995337e-01	1.361827428462017708e-01
3.754882812499994449e-01	1.130708361583914051e-01
6.108398437499995559e-01	1.857846654872727932e-01
5.736328124999996447e-01	1.668215214232866284e-01
3.415039062499993783e-01	1.004307439338989333e-01
4.295898437499994227e-01	1.207707405201647877e-01
4.154296874999994782e-01	1.160944405994157880e-01
5.137695312499995781e-01	1.425748326781736131e-01
1.291992187499992339e-01	5.954719890765078349e-02
6.117187499999996447e-01	1.631629220598299068e-01
2.474609374999993672e-01	7.268509904654293918e-02
3.613281249999994449e-01	9.528405811666500191e-02
3.847656249999994449e-01	9.876049353526694663e-02
7.366210937499998446e-01	1.908752615537994690e-01
4.521484374999995004e-01	1.132341573726161205e-01
6.324218749999996891e-01	1.582941090655765881e-01
3.916992187499994671e-01	9.865011727987067769e-02
4.578124999999995115e-01	1.107998394977903617e-01
5.920898437499996225e-01	1.397734664898433454e-01
