3.943359374999995115e-01	1.550555984054267367e-01
1.588378906250001776e+00	1.025940608067857029e+00
1.059472656250000089e+00	5.306453848737400225e-01
7.482421874999998224e-01	3.270710385679506671e-01
4.400390624999994671e-01	1.713088627692978261e-01
4.928710937499996003e-01	1.912803403721485274e-01
6.444335937499997558e-01	2.463628425041021197e-01
1.006347656250000000e+00	4.055989019418268504e-01
5.380859374999995559e-01	1.935421139328671047e-01
5.078124999999116332e-03	nan
4.212890624999994782e-01	1.391191845500230895e-01
7.067382812499997113e-01	2.434542831490803805e-01
3.955078124999995004e-01	1.322310025932413868e-01
4.525390624999994782e-01	1.495802582769688027e-01
4.057617187499994449e-01	1.335466726286644312e-01
5.936523437499996447e-01	1.831085820300591138e-01
7.408203124999999112e-01	2.288479277312235050e-01
7.173828124999996891e-01	2.179222668996907697e-01
3.319335937499994227e-01	1.071728627993791122e-01
6.071289062499997113e-01	1.702389258248087345e-01
4.720703124999995337e-01	1.366247832974605281e-01
4.699218749999996003e-01	1.323929777356440685e-01
5.187499999999996003e-01	1.437835170960220232e-01
5.938476562499996891e-01	1.582853486829080003e-01
4.172851562499995115e-01	1.164754289040733914e-01
4.185546874999995226e-01	1.144898962557534400e-01
7.136718749999997335e-01	1.818242336334101317e-01
3.551757812499993783e-01	1.002504091913665463e-01
6.156249999999996447e-01	1.540698531788345371e-01
4.357421874999995448e-01	1.097852877773555780e-01
6.971679687499996447e-01	1.697245719695008870e-01
5.638671874999996447e-01	1.341527561040903593e-01
4.448242187499995559e-01	1.101096295157384664e-01
5.122070312499995559e-01	1.228915907254037876e-01
6.102539062499995337e-01	1.420268160587658535e-01
