8.098632812499997335e-01	4.335247239215076487e-01
1.659765625000001688e+00	1.215974245597497339e+00
5.199218749999996447e-01	2.262914877638001754e-01
3.982421874999994560e-01	1.586554161132333607e-01
4.623046874999995337e-01	1.809948168901261145e-01
7.110351562499996891e-01	3.002264611660568350e-01
5.683593749999996669e-01	2.184159771941617534e-01
8.544921874999997780e-01	3.536384644090330709e-01
4.687499999999115985e-03	nan
5.122070312499995559e-01	1.809808530942758620e-01
2.596679687499993117e-01	9.493708488376101373e-02
3.632812499999994449e-01	1.160678862169464837e-01
8.547851562499998446e-01	3.229087358879928482e-01
5.421874999999996003e-01	1.746023395528474853e-01
8.210937499999999556e-01	2.907897529128713465e-01
9.220703125000000444e-01	3.239958582797921594e-01
3.973632812499995337e-01	1.212053084423011101e-01
6.076171874999996003e-01	1.862711175814117104e-01
6.272460937499996225e-01	1.884374424680103632e-01
3.084960937499994227e-01	9.228600806168152371e-02
3.322265624999993783e-01	9.533228234110439903e-02
5.731445312499996447e-01	1.628980185290935800e-01
4.225585937499994893e-01	1.149896890705913166e-01
4.223632812499995559e-01	1.115554515232554667e-01
4.694335937499996003e-01	1.229447440920356793e-01
6.463867187499996447e-01	1.766362785002094649e-01
4.712890624999995226e-01	1.180565159153812438e-01
3.286132812499994449e-01	8.233721239352066734e-02
6.761718749999997558e-01	1.800672970794782168e-01
4.868164062499995559e-01	1.207242593131023362e-01
5.155273437499995337e-01	1.275695425293367213e-01
5.354492187499996225e-01	1.299998105513321123e-01
3.793945312499994449e-01	8.786808952697633401e-02
6.436523437499996891e-01	1.560739276201215664e-01
4.072265624999994449e-01	9.317325729331174533e-02
