5.178710937499996225e-01	2.266547648343588406e-01
2.646484374999993339e-01	1.063729270295602630e-01
7.725585937499998002e-01	3.528113283127354838e-01
4.703124999999995781e-01	1.841080065796762422e-01
8.232421874999997780e-01	3.500823565062637921e-01
1.051953125000000266e+00	4.840399989148740922e-01
5.341796874999995559e-01	1.961305105026746876e-01
4.574218749999995337e-01	1.627375745659456752e-01
-1.404296875000010103e-01	6.948441426573616353e-02
4.627929687499995337e-01	1.578937869950497452e-01
4.187499999999995115e-01	1.362353330578273680e-01
6.679687499999997780e-01	2.214703345587324679e-01
6.929687499999996891e-01	2.288815127894877621e-01
3.722656249999994893e-01	1.149211309353995181e-01
2.944335937499994449e-01	8.957256766991411601e-02
5.269531249999995781e-01	1.572676729778746951e-01
6.903320312499998668e-01	2.118008737180827050e-01
5.821289062499995781e-01	1.664937777840645450e-01
4.077148437499994449e-01	1.159165953522044573e-01
4.741210937499995559e-01	1.296646960090079848e-01
5.358398437499996003e-01	1.477475663949509854e-01
6.405273437499997558e-01	1.766954310346774693e-01
4.283203124999994671e-01	1.152285122105081577e-01
6.457031249999997113e-01	1.707087719263390424e-01
7.539062499999997780e-01	2.007033959278902158e-01
6.109374999999995781e-01	1.582465278797204333e-01
7.028320312499998224e-01	1.805036172398565564e-01
3.256835937499994449e-01	8.638019931150772712e-02
4.260742187499995115e-01	1.062500429538660446e-01
5.824218749999996447e-01	1.412915688776526235e-01
5.617187499999996003e-01	1.353722198494978213e-01
6.227539062499997113e-01	1.477630879322109902e-01
6.759765624999998224e-01	1.611467250474561408e-01
4.049804687499993783e-01	9.504334595904576077e-02
7.193359374999996891e-01	1.693636375688768736e-01
