5.584960937499995337e-01	2.382368766758386769e-01
7.592773437499996669e-01	3.379329474663256838e-01
5.301757812499995337e-01	2.115328867718759276e-01
3.773437499999994227e-01	1.420602556972806463e-01
3.653320312499994671e-01	1.336033781258987863e-01
4.419921874999995226e-01	1.555702681939384602e-01
4.080078124999994560e-01	1.387001764316151964e-01
6.634765624999996447e-01	2.358659550334076815e-01
5.145507812499995337e-01	1.676192960079704308e-01
4.672851562499995559e-01	1.507493509610803029e-01
5.125976562499995337e-01	1.582109298890858051e-01
3.753906249999994227e-01	1.180050991089251766e-01
4.200195312499995781e-01	1.250329059166943868e-01
4.497070312499995559e-01	1.321563457979133827e-01
3.986328124999994338e-01	1.174793075264753822e-01
3.151367187499993783e-01	9.397624614483514327e-02
4.368164062499995115e-01	1.226022335604312063e-01
4.341796874999995226e-01	1.194900534122308039e-01
4.388671874999994782e-01	1.172883563513287541e-01
2.994140624999993561e-01	8.660965384524652033e-02
3.366210937499993783e-01	9.071311819826187450e-02
3.348632812499994227e-01	8.928717466502204825e-02
4.419921874999995226e-01	1.126452161574901800e-01
3.930664062499994449e-01	9.813049253647987413e-02
7.167968749999997780e-01	1.911970873981461705e-01
5.390624999999996669e-01	1.345155607492306005e-01
5.235351562499995781e-01	1.271732610364521565e-01
4.945312499999995892e-01	1.177869186841576793e-01
2.876953124999993561e-01	7.267070135880705772e-02
5.744140624999996003e-01	1.359370426942718146e-01
5.232421874999995115e-01	1.203623758694616491e-01
4.568359374999995115e-01	1.031560229623907782e-01
4.281249999999994782e-01	9.705390136189133432e-02
6.076171874999996003e-01	1.370689573325385990e-01
3.300781249999993339e-01	7.529000063032752210e-02
