3.182617187499994227e-01	1.294722538232358777e-01
4.096679687499994449e-01	1.591169683573894489e-01
-1.563476562500010214e-01	7.960194623505260914e-02
5.561523437499995559e-01	2.156909386057352385e-01
3.653320312499994671e-01	1.298900911434189009e-01
3.362304687499994005e-01	1.175255709362621609e-01
2.828124999999993561e-01	9.698475536267311958e-02
7.975585937499997113e-01	3.132002762341553614e-01
4.575195312499995559e-01	1.523337265367905591e-01
4.378906249999995337e-01	1.416521861019126305e-01
4.703124999999995781e-01	1.491331754181346170e-01
3.919921874999994782e-01	1.216075119706968438e-01
4.807617187499995115e-01	1.460822592147811572e-01
3.973632812499995337e-01	1.171948172750068712e-01
3.767578124999994560e-01	1.078957347545810574e-01
3.066406249999993339e-01	8.747134332784263500e-02
1.886718749999992673e-01	6.268350982134988925e-02
7.025390624999998668e-01	2.130567843992638433e-01
5.057617187499995337e-01	1.397414007615970788e-01
6.930664062499997113e-01	2.032135563572463055e-01
5.511718749999996447e-01	1.502652600886242307e-01
4.364257812499995337e-01	1.138855353245374208e-01
9.155273437499998890e-01	2.784403573541547883e-01
7.940429687499998002e-01	2.263190316505165611e-01
4.961914062499995781e-01	1.275150497803571592e-01
3.139648437499993339e-01	7.994519378844444635e-02
5.929687499999996003e-01	1.503828570792289099e-01
7.129882812499996891e-01	1.818568115587068934e-01
6.804687499999997335e-01	1.718487009975057378e-01
5.976562499999995559e-01	1.429296603007525202e-01
4.221679687499995115e-01	9.954883138384067187e-02
5.351562499999995559e-01	1.261944432365351143e-01
4.961914062499995781e-01	1.142568476567671493e-01
6.903320312499998668e-01	1.649336229001530096e-01
4.997070312499996003e-01	1.114336970635511070e-01
