2.883789062499994005e-01	1.172450326951429145e-01
5.189453124999996447e-01	2.223437482297652978e-01
8.554687499999997780e-01	4.082574193756913217e-01
3.282226562499993561e-01	1.279870359835679483e-01
5.941406249999996447e-01	2.373088414871178942e-01
5.178710937499996225e-01	1.955264340858476335e-01
5.992187499999996891e-01	2.283755062848159822e-01
3.124999999999114597e-03	nan
4.540039062499995337e-01	1.652814153194805125e-01
3.515624999999994449e-01	1.255317361936733600e-01
5.915039062499997113e-01	2.028374664823776041e-01
6.331054687499996225e-01	2.186995422128075184e-01
5.989257812499996225e-01	1.987895910394971433e-01
4.787109374999995448e-01	1.550394721556412891e-01
5.413085937499996225e-01	1.702243515883596625e-01
4.641601562499995115e-01	1.369171107844800450e-01
4.793945312499995337e-01	1.457752330580701361e-01
1.090722656250000089e+00	3.548166622207613030e-01
3.617187499999994227e-01	1.127683458984322512e-01
7.064453124999996447e-01	2.062150937434854281e-01
7.279296874999996447e-01	2.123599985302724868e-01
4.179687499999995004e-01	1.211960902652523681e-01
3.653320312499994671e-01	1.086831120883876567e-01
4.425781249999994893e-01	1.242097355911314926e-01
4.513671874999995448e-01	1.244982685106924974e-01
5.639648437499995559e-01	1.468444793031267459e-01
3.935546874999995004e-01	1.072941313414774028e-01
4.918945312499996003e-01	1.238273768833325766e-01
5.218749999999996447e-01	1.298988422092189066e-01
7.155273437499997113e-01	1.786720913330357985e-01
7.588867187499996891e-01	1.864395835741886054e-01
7.344726562499998002e-01	1.814316488937587901e-01
4.769531249999995337e-01	1.158859662890412007e-01
8.822265624999998668e-01	2.156752686091479021e-01
4.624023437499995559e-01	1.124051424656498099e-01
