5.863281249999996447e-01	2.477165492628284893e-01
6.602539062499995781e-01	2.775312645101525311e-01
3.871093749999994227e-01	1.475844308742474686e-01
3.971679687499994893e-01	1.456410155821151742e-01
1.086718750000000178e+00	4.996970171530011329e-01
4.550781249999994449e-01	1.621181594554839123e-01
6.170898437499996447e-01	2.233630513437702136e-01
3.512695312499994893e-01	1.208412692325119414e-01
4.206054687499994893e-01	1.389859816730329989e-01
7.538085937499997558e-01	2.602475339302224300e-01
5.592773437499994893e-01	1.810406713283301550e-01
1.016113281250000000e+00	3.639564779751653933e-01
3.469726562499994005e-01	1.092260907777476420e-01
4.875976562499995115e-01	1.464983969220524096e-01
4.774414062499995337e-01	1.406064992481482201e-01
6.573242187499996891e-01	1.949180785087705481e-01
5.910156249999997113e-01	1.707172498746029055e-01
5.064453124999994671e-01	1.398424797178333956e-01
5.235351562499995781e-01	1.406934377101108080e-01
4.140624999999994449e-01	1.143162128897055041e-01
3.052734374999993561e-01	8.827287918383719401e-02
4.539062499999995115e-01	1.200508262870633447e-01
4.899414062499994893e-01	1.258575159493950657e-01
2.647460937499993561e-01	7.614936722592863250e-02
3.416015624999994005e-01	8.948768842190836514e-02
4.334960937499995337e-01	1.062851077873206290e-01
5.924804687499996003e-01	1.469990447756882868e-01
6.471679687499996003e-01	1.614362857599429268e-01
5.660156249999995781e-01	1.329831953540799028e-01
3.923828124999994560e-01	9.168342874911657170e-02
3.836914062499994227e-01	9.093004582097931332e-02
4.782226562499994893e-01	1.094421761205732480e-01
7.819335937499997113e-01	1.877631595312038437e-01
3.631835937499994227e-01	8.503797958170770943e-02
6.936523437499997335e-01	1.581834584944168398e-01
