5.264648437499995781e-01	2.486706845592307480e-01
6.919921874999996891e-01	3.360650480972596221e-01
5.669921874999996891e-01	2.515006262827021444e-01
6.799804687499996225e-01	3.076958303699644515e-01
4.117187499999994671e-01	1.622362511782668992e-01
5.842773437499996225e-01	2.323026465553370279e-01
7.243164062499997113e-01	2.988409478458988744e-01
5.358398437499996003e-01	1.929982568227889272e-01
2.445312499999993117e-01	9.570601475821320647e-02
3.716796874999994671e-01	1.213284173666979993e-01
5.979492187499996225e-01	2.119681021551327871e-01
4.632812499999995337e-01	1.542099621339586557e-01
7.870117187499998668e-01	2.717359170496049803e-01
5.962890624999996891e-01	1.895989533718269726e-01
4.661132812499995115e-01	1.438459963019689536e-01
4.564453124999994782e-01	1.420057814635178051e-01
4.475585937499995115e-01	1.367206653177256981e-01
3.986328124999994338e-01	1.187077361775944612e-01
5.092773437499994449e-01	1.486959535615074435e-01
5.264648437499995781e-01	1.529566075302904726e-01
4.097656249999994671e-01	1.155264621997253577e-01
4.759765624999995337e-01	1.344365300292008070e-01
4.303710937499994893e-01	1.172861882044825832e-01
5.664062499999995559e-01	1.504982698299958399e-01
6.227539062499997113e-01	1.645834471311517500e-01
3.279296874999994005e-01	9.307333177187701589e-02
8.291015624999997780e-01	2.232346193285886515e-01
3.125976562499993561e-01	8.681567047987123753e-02
6.715820312499998224e-01	1.702294979411550502e-01
2.743164062499993117e-01	8.164130347160955536e-02
4.606445312499996003e-01	1.120094569196301987e-01
6.330078124999996003e-01	1.525725075302647171e-01
4.083984374999994893e-01	9.796591608967036846e-02
4.044921874999994338e-01	1.005235238675197401e-01
4.579101562499995337e-01	1.095097964363302145e-01
