4.150390624999994449e-01	1.775559963088321203e-01
4.054687499999994338e-01	1.718497670751007456e-01
8.275390624999998668e-01	4.147649066208114466e-01
4.188476562499995337e-01	1.691428234905550665e-01
4.884765624999995448e-01	1.898444429400273636e-01
6.606445312499996669e-01	2.697642827042318059e-01
7.105468749999996891e-01	2.724824669222816742e-01
4.755859374999995559e-01	1.676979631147678673e-01
2.933593749999994227e-01	1.034861403571511324e-01
5.049804687499994671e-01	1.738240000651755102e-01
5.613281249999995115e-01	1.920330252787620928e-01
6.553710937499995781e-01	2.191496370881381994e-01
4.923828124999995448e-01	1.601430906351769545e-01
5.761718749999996669e-01	1.810448282911734375e-01
4.567382812499994893e-01	1.426507785589674893e-01
5.148437499999996003e-01	1.569714041440055663e-01
4.974609374999995892e-01	1.449789877589894582e-01
3.970703124999994671e-01	1.156123090510649265e-01
4.561523437499994671e-01	1.311075216881011363e-01
6.030273437499996669e-01	1.716842910062527372e-01
7.421874999999997780e-01	2.138526015441423733e-01
3.290039062499994227e-01	9.487441714488886735e-02
4.494140624999994893e-01	1.218406733456877389e-01
6.499999999999996891e-01	1.716813620283081376e-01
3.497070312499994671e-01	9.238547995998321050e-02
5.933593749999996891e-01	1.548556456160934958e-01
7.593749999999996891e-01	1.984315846697553287e-01
3.886718749999994449e-01	9.948062444073665911e-02
5.060546874999996003e-01	1.222641052431130693e-01
6.829101562499997335e-01	1.678736154540510228e-01
5.056640624999995115e-01	1.211928599594776640e-01
3.513671874999994560e-01	8.903379395043627131e-02
5.434570312499996669e-01	1.284232512017159100e-01
4.677734374999995559e-01	1.102664908276342892e-01
3.221679687499994227e-01	8.050262469013955147e-02
