5.906249999999997335e-01	1.282455221755306463e-01
5.609374999999995337e-01	1.135271012445403238e-01
6.145507812499996225e-01	1.274036882930954795e-01
5.904296874999996891e-01	1.147781406680185995e-01
6.589843749999996225e-01	1.314855798209550453e-01
5.858398437499996447e-01	1.074799161721249202e-01
4.532226562499994671e-01	7.832960553385032165e-02
4.509765624999995115e-01	7.579978027251199624e-02
4.014648437499994671e-01	6.792923993270338912e-02
8.060546874999998668e-01	1.717295593229024309e-01
5.036132812499996003e-01	8.294074046996754990e-02
5.175781249999995559e-01	8.437521588835451836e-02
4.638671874999995004e-01	7.458328274284303783e-02
5.525390624999997335e-01	8.789099076700447599e-02
3.399414062499993561e-01	5.797422157259250752e-02
4.509765624999995115e-01	6.959084193743485247e-02
5.694335937499995781e-01	9.030787585895845571e-02
4.659179687499994671e-01	6.930263925817016502e-02
4.310546874999994782e-01	6.279191162751882049e-02
4.714843749999995115e-01	6.860376671577771146e-02
4.424804687499994671e-01	6.275902349990324092e-02
4.882812499999995559e-01	6.946633338098923138e-02
5.379882812499996447e-01	7.804588191856048907e-02
4.360351562499995559e-01	5.912794831112687388e-02
5.440429687499995781e-01	7.632156282465327179e-02
5.815429687499995559e-01	8.440860746116779501e-02
5.551757812499995559e-01	7.741041028341762165e-02
7.198242187499998002e-01	1.156313092910715157e-01
4.652343749999995337e-01	5.808641454381979763e-02
4.848632812499995559e-01	6.100453930607317027e-02
4.512695312499995781e-01	5.605758456382739507e-02
6.416015624999997780e-01	9.106007262122961521e-02
5.665039062499995781e-01	7.406229406509041990e-02
5.327148437499995559e-01	6.539589273915112633e-02
5.229492187499995559e-01	6.215412140365049465e-02
