3.400390624999993783e-01	1.434484032884515703e-01
5.078124999999995559e-01	2.163202735155265732e-01
1.729687500000002043e+00	1.233396735752123829e+00
2.459960937499993394e-01	9.500169498996002826e-02
3.729492187499994227e-01	1.393004483086808798e-01
7.995117187499998224e-01	3.516246445442271495e-01
2.637695312499993561e-01	9.576787522691808385e-02
3.979492187499994449e-01	1.365910090334662708e-01
9.963867187499999556e-01	4.392288159277527582e-01
5.041992187499995115e-01	1.763807904932450654e-01
4.825195312499995781e-01	1.609841313008867070e-01
5.850585937499995781e-01	1.984531691080810012e-01
3.823242187499994449e-01	1.193217412345346368e-01
3.923828124999994560e-01	1.215196914789914290e-01
7.302734374999997335e-01	2.455432838799078699e-01
5.423828124999996447e-01	1.628516211641503342e-01
7.865234374999998668e-01	2.548732653747047272e-01
3.689453124999994560e-01	1.058472964239921682e-01
7.124999999999996891e-01	2.139813528758273964e-01
6.473632812499996447e-01	1.887827561384728403e-01
5.948242187499996891e-01	1.674694657094388806e-01
6.624023437499996225e-01	1.880383164076311897e-01
6.291015624999996003e-01	1.722671624583736461e-01
2.943359374999994227e-01	8.034824279840674377e-02
3.599609374999994671e-01	9.264235771337270275e-02
6.164062499999996003e-01	1.624722672833235348e-01
3.970703124999994671e-01	1.003278606685252400e-01
5.934570312499997113e-01	1.494889635490239954e-01
5.958984374999996003e-01	1.489927556116207030e-01
4.167968749999995115e-01	1.002611808451613351e-01
6.613281249999996003e-01	1.655801864290742109e-01
8.710937500000000000e-01	2.300583425394548409e-01
5.312499999999995559e-01	1.238268481563828405e-01
6.048828124999996447e-01	1.411938793951704740e-01
3.853515624999994671e-01	8.758808556509165011e-02
