2.675781249999993339e-01	1.112605326364527747e-01
5.846679687499996003e-01	2.308359096962340207e-01
2.585937499999993450e-01	1.040763658575234729e-01
6.535156249999997113e-01	2.501091670381885290e-01
5.307617187499995559e-01	1.901033110228800282e-01
2.213867187499993228e-01	9.337850130279554128e-02
6.249999999999117373e-03	nan
9.228515624999919509e-02	1.007769212851367668e-01
7.377929687499997780e-01	2.666632455546663616e-01
4.083007812499994671e-01	1.329150334231983532e-01
7.149414062499998002e-01	2.427827445075274038e-01
6.455078124999997780e-01	2.102896006271474660e-01
9.728515625000000444e-01	3.398479517678276718e-01
3.657226562499994449e-01	1.164871042301121873e-01
2.003906249999992950e-01	8.033712261083397754e-02
6.066406249999996003e-01	1.839580377642259235e-01
4.571289062499994671e-01	1.351555282933493973e-01
2.997070312499994227e-01	9.277559342030287926e-02
4.536132812499995559e-01	1.288480493085153999e-01
7.080078124999997780e-01	2.009958009205851936e-01
5.612304687499994893e-01	1.548273676876669724e-01
3.604492187499994671e-01	1.027966550680007723e-01
3.070312499999993672e-01	8.760315358901181459e-02
4.305664062499994227e-01	1.110343146263532144e-01
4.170898437499994671e-01	1.075125601090755889e-01
6.390624999999997558e-01	1.634928827492826142e-01
4.769531249999995337e-01	1.180007372673572419e-01
5.147460937499995781e-01	1.279558017283238536e-01
3.993164062499994227e-01	9.719258251242429703e-02
4.968749999999995670e-01	1.190671647035510816e-01
5.700195312499997113e-01	1.356697236466722356e-01
3.689453124999994560e-01	8.948027920886561515e-02
3.940429687499994449e-01	9.575762607255865200e-02
7.797851562499997780e-01	1.833095055204801427e-01
4.089843749999995115e-01	9.732923058218637125e-02
