6.918945312499997780e-01	3.327218897229661243e-01
7.794921874999998224e-01	3.743148936717590192e-01
5.806640624999996891e-01	2.459681461044457562e-01
4.206054687499994893e-01	1.592533106767500539e-01
8.277343749999998002e-01	3.661878126982009984e-01
5.088867187499994671e-01	1.862811647734860243e-01
3.784179687499994449e-01	1.339640169029569505e-01
5.058593749999995559e-01	1.796833700897531028e-01
4.287109374999995004e-01	1.437187282889706152e-01
4.790039062499995559e-01	1.600983269649422502e-01
5.192382812499996003e-01	1.713969503220636181e-01
-1.643554687500010381e-01	6.285932186254249154e-02
4.451171874999995670e-01	1.393083802072467570e-01
7.285156249999996669e-01	2.537147960300607519e-01
6.197265624999996891e-01	2.024510884947972322e-01
4.747070312499995781e-01	1.417791565478257187e-01
4.391601562499994893e-01	1.267270216714613817e-01
3.752929687499994005e-01	1.056643891063244328e-01
9.152343749999999334e-01	3.205525075366453258e-01
4.928710937499996003e-01	1.391615935887501321e-01
5.087890624999995559e-01	1.408180685543429234e-01
3.420898437499994005e-01	8.863093228540944168e-02
5.121093749999995337e-01	1.398656565118918116e-01
3.895507812499994227e-01	1.000196240742100562e-01
4.649414062499994671e-01	1.197913921741257104e-01
7.355468749999998224e-01	2.149285806064619719e-01
7.038085937499997113e-01	1.971405661128939890e-01
3.984374999999994449e-01	9.750656397394268093e-02
4.713867187499994893e-01	1.149276959551969596e-01
3.100585937499994449e-01	7.192069057684941091e-02
4.602539062499995115e-01	1.101071797433072069e-01
6.772460937499996669e-01	1.793884440010485026e-01
6.049804687499995559e-01	1.508587670439547612e-01
4.325195312499995337e-01	9.841765562744309026e-02
4.691406249999995337e-01	1.077213074846151003e-01
