5.327148437499995559e-01	2.228436320760604772e-01
6.484374999999996669e-01	2.734212697489425969e-01
3.390624999999993783e-01	1.335828051192221866e-01
4.793945312499995337e-01	1.802099201622623936e-01
4.164062499999994782e-01	1.521348546071490671e-01
6.256835937499997113e-01	2.283265441584936273e-01
3.536132812499994671e-01	1.221009897523115534e-01
4.089843749999995115e-01	1.374490110087286943e-01
5.870117187499996891e-01	1.936085065897257262e-01
4.303710937499994893e-01	1.332884643165243022e-01
4.857421874999995892e-01	1.517589688171969153e-01
3.921874999999994671e-01	1.204303684152072534e-01
5.726562499999996447e-01	1.732281995095289462e-01
4.757812499999995448e-01	1.392091133459106289e-01
4.493164062499994671e-01	1.300073482884973874e-01
4.821289062499994893e-01	1.353380914617423325e-01
4.525390624999994782e-01	1.248001892157968029e-01
4.943359374999996003e-01	1.351330891237565446e-01
2.547851562499993117e-01	7.847278180105829448e-02
2.141601562499992895e-01	7.237462011334160061e-02
7.141601562499997335e-01	1.975800690384220959e-01
3.693359374999994893e-01	9.640997931949697730e-02
6.731445312499997335e-01	1.785904100409553275e-01
3.831054687499994005e-01	9.761537761741234664e-02
4.224609374999995226e-01	1.070854190778632309e-01
5.961914062499996669e-01	1.501733599970708766e-01
4.810546874999995226e-01	1.158015822806679473e-01
5.525390624999997335e-01	1.334133641415660709e-01
3.891601562499994449e-01	9.085123613729297054e-02
3.534179687499994227e-01	8.512341870509425312e-02
3.539062499999994227e-01	8.257546289584365151e-02
4.622070312499995115e-01	1.044855381116975707e-01
4.247070312499995337e-01	9.651282160053689663e-02
3.320312499999993894e-01	7.759596018854500454e-02
6.795898437499996447e-01	1.545266853711418364e-01
