3.759765624999994449e-01	1.533058008325520472e-01
1.063281249999999956e+00	5.845909094750830759e-01
4.742187499999995226e-01	1.887601271249101653e-01
4.748046874999995448e-01	1.890215128904559616e-01
5.782226562499995781e-01	2.294470007308683501e-01
2.566406249999992895e-01	1.001258961099719125e-01
6.323242187499996669e-01	2.416284038529288858e-01
3.206054687499994005e-01	1.111213023518258652e-01
6.437499999999997113e-01	2.338089838066122750e-01
5.554687499999995115e-01	1.891343883771156864e-01
3.704101562499995115e-01	1.261450439930092982e-01
5.674804687499995781e-01	1.889356582532130957e-01
5.650390624999996891e-01	1.845818067342708535e-01
4.653320312499995559e-01	1.432786033162650741e-01
3.936523437499994671e-01	1.201761958308861789e-01
-1.740234375000010436e-01	7.249624265092714792e-02
6.791015624999996447e-01	2.083469599341813694e-01
5.252929687499995337e-01	1.503976374536237504e-01
3.201171874999994560e-01	9.830477854656331782e-02
3.336914062499993783e-01	1.018139680796712465e-01
-1.352539062500010270e-01	6.461159190504611738e-02
6.718749999999997780e-01	1.872007882236323695e-01
4.344726562499995337e-01	1.217034228890904041e-01
4.851562499999995670e-01	1.293647076373132532e-01
3.660156249999994005e-01	1.015781754636856105e-01
4.286132812499995337e-01	1.154580056897020618e-01
4.815429687499994671e-01	1.199439185648895345e-01
4.840820312499996003e-01	1.217900593075697813e-01
4.568359374999995115e-01	1.146409959316024019e-01
5.141601562499995559e-01	1.278289477347699654e-01
5.154296874999995115e-01	1.232323715967610367e-01
4.068359374999994671e-01	1.028670272557569987e-01
4.042968749999994449e-01	9.724730890632121705e-02
7.811523437499997558e-01	1.852212860070766021e-01
6.791015624999996447e-01	1.562723537153312137e-01
