3.925781249999994449e-01	1.699400043572797947e-01
4.816406249999994893e-01	2.060663056183868191e-01
4.992187499999995448e-01	2.115822088473447715e-01
4.908203124999995226e-01	1.974681043842856643e-01
5.949218749999997113e-01	2.482174733638838338e-01
4.095703124999994782e-01	1.473807478109667446e-01
4.765624999999995559e-01	1.751307871973337982e-01
5.208007812499996225e-01	1.948879972241691072e-01
3.657226562499994449e-01	1.233604389655169747e-01
5.201171874999996891e-01	1.903587356038829725e-01
4.326171874999995004e-01	1.431111710261713521e-01
4.594726562499995559e-01	1.556387370640523460e-01
6.450195312499997780e-01	2.332516857393819865e-01
7.229492187499997335e-01	2.709572997284512286e-01
3.181640624999994005e-01	9.164684637712644522e-02
4.070312499999994560e-01	1.232314157014868378e-01
4.778320312499995115e-01	1.469199717957988816e-01
4.949218749999996225e-01	1.546961805031040194e-01
4.931640624999995559e-01	1.515984463127153514e-01
4.542968749999994893e-01	1.306738218834968546e-01
6.349609374999996003e-01	2.030503633824309595e-01
5.303710937499995781e-01	1.574061008850667631e-01
5.749999999999996225e-01	1.730191196229408646e-01
3.930664062499994449e-01	1.050092411205886950e-01
7.383789062499998002e-01	2.415452902821566550e-01
4.393554687499994227e-01	1.179415468705450609e-01
4.645507812499994893e-01	1.243173484967423914e-01
3.265624999999994227e-01	7.960821674181607632e-02
4.306640624999994449e-01	1.085262247742740660e-01
6.321289062499996225e-01	1.824993635184679885e-01
2.748046874999993672e-01	6.430358111373429830e-02
6.242187499999996003e-01	1.760063016847642214e-01
5.021484374999996003e-01	1.298733916766513230e-01
3.798828124999993894e-01	9.035731333772802076e-02
4.480468749999995115e-01	1.100255434825610779e-01
