1.233496093750000799e+00	8.434317351580297162e-01
2.922851562499994005e-01	1.215597049687031084e-01
4.383789062499995337e-01	1.848784806570956396e-01
4.124023437499995115e-01	1.660248431881325981e-01
3.741210937499994671e-01	1.418989948684072078e-01
5.009765624999995559e-01	1.958633532250523279e-01
6.986328124999996447e-01	2.983642163673482228e-01
2.153320312499992784e-01	7.682939406781756631e-02
6.750976562499997335e-01	2.660424761268776472e-01
4.707031249999995559e-01	1.613528427331245296e-01
5.873046874999996447e-01	2.157768368286678839e-01
3.686523437499994449e-01	1.193716502376999805e-01
3.755859374999994671e-01	1.173473047522615859e-01
8.449218749999999334e-01	3.298249110718367572e-01
3.217773437499994449e-01	9.714137065189873410e-02
6.117187499999996447e-01	2.058246249597829869e-01
3.072265624999993561e-01	9.021954757327942109e-02
7.329101562499997780e-01	2.506345996674753107e-01
7.692382812499998224e-01	2.581518531627439716e-01
3.515624999999994449e-01	9.820487446996649383e-02
6.037109374999996003e-01	1.829431234967276720e-01
3.589843749999994671e-01	9.336968109549666217e-02
6.299804687499995781e-01	1.880523698904326690e-01
5.849609374999995559e-01	1.656638823060803678e-01
6.211914062499998002e-01	1.783770769052523131e-01
3.861328124999994782e-01	9.933391163634058829e-02
3.664062499999994338e-01	9.164518001540941650e-02
3.705078124999994782e-01	9.112506660676088222e-02
5.068359374999995559e-01	1.303642229957160670e-01
3.454101562499994893e-01	8.356641215684258717e-02
5.005859374999994671e-01	1.245091846934288371e-01
4.352539062499994893e-01	1.049738719495720285e-01
3.159179687499993339e-01	7.220495372396730505e-02
3.957031249999994893e-01	9.248953417508677666e-02
4.592773437499995115e-01	1.087894308705540242e-01
