2.502929687499992895e-01	1.071043046710145330e-01
2.785156249999993783e-01	1.108097646357765892e-01
7.183593749999998002e-01	3.157618563719593041e-01
3.778320312499994227e-01	1.405223641695920456e-01
8.889648437499999556e-01	3.925983205644468788e-01
9.089843749999998446e-01	3.908505536259363478e-01
4.507812499999995226e-01	1.584447151873511483e-01
6.904296874999997780e-01	2.561547204767680719e-01
4.013671874999995004e-01	1.361905235718075535e-01
5.241210937499994893e-01	1.745934505929244152e-01
3.475585937499994227e-01	1.159982694440453987e-01
3.010742187499994005e-01	9.794203052769370754e-02
5.907226562499997558e-01	1.873583413668170605e-01
8.061523437499997780e-01	2.629374284899335668e-01
3.171874999999994005e-01	9.828510227471233540e-02
5.391601562499996891e-01	1.587440630955682663e-01
3.983398437499994227e-01	1.141470264794368361e-01
7.244140624999997335e-01	2.193222856093885731e-01
5.194335937499995337e-01	1.460564592405660111e-01
5.217773437499996225e-01	1.454512211938684407e-01
5.372070312499996891e-01	1.460130867553727785e-01
4.542968749999994893e-01	1.202004886636479919e-01
8.517578124999998224e-01	2.425272257096952044e-01
6.262695312499997335e-01	1.654791788893176518e-01
4.460937499999995115e-01	1.158322693583217905e-01
4.307617187499994671e-01	1.078739676409545961e-01
5.692382812499996447e-01	1.413023441102999878e-01
4.804687499999995004e-01	1.177304472775801136e-01
6.470703124999996891e-01	1.581821272842814374e-01
3.521484374999994116e-01	8.853933586522935717e-02
9.965820312500000000e-01	2.625463822070083775e-01
4.257812499999995004e-01	1.000684259259956438e-01
5.145507812499995337e-01	1.193022474481962719e-01
5.846679687499996003e-01	1.329878402014946781e-01
6.325195312499997113e-01	1.440576034923268245e-01
