4.378906249999995337e-01	1.878173051699038032e-01
1.179785156250000355e+00	6.961784154554234716e-01
7.184570312499998224e-01	3.362312093559496895e-01
7.236328124999997780e-01	3.262829137894110443e-01
6.222656249999997113e-01	2.429763185797114977e-01
6.573242187499996891e-01	2.725624397178448843e-01
5.529296874999996003e-01	2.146460512510623142e-01
5.894531249999996891e-01	2.278649555550380512e-01
6.746093749999997335e-01	2.519887592078721705e-01
8.640624999999998446e-01	3.241414557504065930e-01
6.618164062499997113e-01	2.346853144669501234e-01
8.020507812499998446e-01	2.838997264287370648e-01
3.503906249999994005e-01	1.286530061462863861e-01
2.959960937499993561e-01	1.121492151505923685e-01
7.591796874999996447e-01	2.349762282049994988e-01
5.387695312499997113e-01	1.683322809039918821e-01
4.547851562499994893e-01	1.489008684387895798e-01
3.298828124999993450e-01	1.129627125334393273e-01
5.575195312499996447e-01	1.655158073359953019e-01
5.422851562499996225e-01	1.637745962379443532e-01
5.093749999999994671e-01	1.469007605607150768e-01
3.899414062499994005e-01	1.207283472503670602e-01
3.489257812499994005e-01	1.038836826640933686e-01
7.030273437499997558e-01	1.934497638814163256e-01
4.174804687499994449e-01	1.216965361201703955e-01
4.397460937499995115e-01	1.207473709184690713e-01
4.756835937499995781e-01	1.288510111159707483e-01
7.000976562499997558e-01	1.787817975667163328e-01
6.378906249999997113e-01	1.610120796092906759e-01
8.994140625000000000e-01	2.284501489122086060e-01
4.707031249999995559e-01	1.230010035116301803e-01
6.977539062499996669e-01	1.700275312422223351e-01
4.498046874999995226e-01	1.173370641160817601e-01
5.257812499999996447e-01	1.288022057455249780e-01
7.487304687499997113e-01	1.745190614725844747e-01
