6.379882812499997335e-01	2.817458537021774179e-01
4.426757812499995115e-01	1.716838597791017773e-01
4.501953124999995004e-01	1.684578581121088381e-01
9.433593749999998890e-01	4.245882084557708880e-01
2.293945312499993117e-01	8.990837024001077649e-02
6.482421874999997335e-01	2.444277893074194019e-01
4.296874999999994449e-01	1.477230141539405683e-01
2.574218749999993561e-01	9.244356312072571358e-02
5.314453124999996003e-01	1.794508063024969624e-01
1.135742187500000222e+00	4.676781227945830399e-01
8.954101562499999778e-01	3.252908250154243341e-01
6.065429687499995781e-01	1.958337286133292887e-01
6.099609374999994671e-01	1.933890745923728394e-01
3.986328124999994338e-01	1.216317208546263684e-01
4.123046874999994893e-01	1.240413138066740056e-01
3.217773437499994449e-01	9.663317301067796128e-02
7.249023437499997335e-01	2.192465347351841842e-01
4.151367187499994671e-01	1.182196370092389315e-01
4.132812499999994893e-01	1.126826774397728242e-01
6.566406249999996447e-01	1.862590537168773985e-01
8.466796874999997780e-01	2.494249730736456117e-01
4.933593749999996003e-01	1.300182076272809462e-01
5.220703124999996891e-01	1.354852383731333099e-01
4.128906249999995115e-01	1.056394204730857350e-01
2.644531249999992895e-01	7.406318085200348789e-02
3.338867187499994227e-01	8.626403028812290597e-02
5.204101562499996447e-01	1.278857007817289781e-01
4.053710937499994671e-01	9.816716402715089385e-02
4.038085937499994449e-01	9.648018802159800955e-02
8.070312499999998668e-01	2.024197642695594324e-01
4.819335937499995559e-01	1.134343027525818726e-01
3.914062499999994560e-01	9.209515737380460920e-02
5.688476562499996669e-01	1.309239851102696195e-01
3.770507812499994671e-01	8.556897443108882340e-02
4.837890624999995337e-01	1.083115404741908649e-01
