5.773437499999996003e-01	2.663330711958237229e-01
5.779296874999995115e-01	2.568859400564402762e-01
6.541015624999997335e-01	2.917669834363035286e-01
4.492187499999995004e-01	1.685595485100412905e-01
5.128906249999994893e-01	1.968792657574773841e-01
5.564453124999995115e-01	2.128344835383779443e-01
6.828124999999997113e-01	2.711824387545962445e-01
3.666015624999994227e-01	1.231833287348138156e-01
5.264648437499995781e-01	1.857529000143260112e-01
3.596679687499994005e-01	1.139298537353859581e-01
3.908203124999994338e-01	1.236899013216006954e-01
3.081054687499993339e-01	9.248917679255112823e-02
5.797851562499996003e-01	1.935034142547041591e-01
7.751953124999997335e-01	2.827113865296677075e-01
4.473632812499995781e-01	1.320029481154061102e-01
3.991210937499994893e-01	1.135954021261424418e-01
6.725585937499997113e-01	2.179176911263769889e-01
5.608398437499995115e-01	1.691735473656760802e-01
3.904296874999994560e-01	1.039208928775575413e-01
3.384765624999994116e-01	8.786281565886944200e-02
5.011718749999996003e-01	1.390856225707617633e-01
3.992187499999994560e-01	1.045011462067901575e-01
6.432617187499997113e-01	1.878442989926310536e-01
4.399414062499994449e-01	1.127593504367485205e-01
3.503906249999994005e-01	8.635604126660197111e-02
4.460937499999995115e-01	1.124404192621706600e-01
2.982421874999993672e-01	7.112486416063980299e-02
5.976562499999995559e-01	1.602784628913637155e-01
3.100585937499994449e-01	7.143730445041339416e-02
6.542968749999996669e-01	1.768272183009364507e-01
4.090820312499995337e-01	9.525055764275357217e-02
8.468749999999998224e-01	2.486834076722856390e-01
5.416015624999996891e-01	1.311971866556403410e-01
6.382812499999996891e-01	1.626522020969661808e-01
3.659179687499993783e-01	8.114576056435461593e-02
