5.323242187499995781e-01	2.502127216313418390e-01
4.073242187499994671e-01	1.750715889788768964e-01
7.914062499999998668e-01	3.922879214626425193e-01
5.071289062499996225e-01	2.039529372725931988e-01
6.964843749999997113e-01	3.002065181936116045e-01
2.758789062499993339e-01	1.062884053252574207e-01
4.036132812499995115e-01	1.458062292098964985e-01
4.706054687499995337e-01	1.725682903172651161e-01
4.995117187499995559e-01	1.727955787665616527e-01
6.779296874999996003e-01	2.440780098289033473e-01
9.931640625000000000e-01	3.884829133115670907e-01
2.750976562499993783e-01	9.763366525592759304e-02
2.602539062499993339e-01	8.505273896205803319e-02
4.033203124999994449e-01	1.296847437403253478e-01
3.899414062499994005e-01	1.194215599163457181e-01
3.542968749999994005e-01	1.057152497197618030e-01
1.097949218750000178e+00	3.984870566846215878e-01
4.035156249999994893e-01	1.187674839802623783e-01
3.692382812499994671e-01	1.045519580466755527e-01
5.874999999999996891e-01	1.708033786873539295e-01
3.916992187499994671e-01	1.046200828140057826e-01
7.316406249999997113e-01	2.139529862048086817e-01
3.365234374999994116e-01	9.450560567349083896e-02
3.663085937499994671e-01	9.931547479303648451e-02
6.413085937499997113e-01	1.694234279568345436e-01
5.075195312499996003e-01	1.328182135584307089e-01
6.356445312499997558e-01	1.656768519669958306e-01
5.866210937499997113e-01	1.479500063049485614e-01
6.958984374999996891e-01	1.792128265029867829e-01
4.890624999999995115e-01	1.214062612777325745e-01
6.503906249999996669e-01	1.579057254431789625e-01
3.599609374999994671e-01	8.844520624947375953e-02
4.704101562499996003e-01	1.084087073436062476e-01
4.958984374999995670e-01	1.168651464977242677e-01
5.288085937499994449e-01	1.238801836485161761e-01
