5.416992187499996003e-01	2.380320885219145144e-01
6.368164062499998002e-01	2.728470676045212095e-01
6.222656249999997113e-01	2.580573186726345947e-01
8.096679687499996891e-01	3.455542298770650778e-01
3.701171874999995004e-01	1.404911855368738971e-01
5.997070312499996891e-01	2.218700845825703483e-01
5.508789062499995781e-01	1.943719583622828539e-01
4.705078124999995670e-01	1.595856608304082880e-01
4.673828124999995226e-01	1.505289414817952975e-01
3.892578124999994116e-01	1.258981791076538848e-01
5.812499999999996003e-01	1.826875470934790635e-01
3.906249999999994449e-01	1.197925785503540924e-01
6.327148437499996447e-01	1.979715133463586241e-01
4.727539062499995781e-01	1.394254985466976404e-01
6.125976562499996225e-01	1.819643510323545044e-01
6.437499999999997113e-01	1.905333790710763697e-01
5.279296874999994671e-01	1.492760222695451167e-01
5.735351562499996225e-01	1.584130231943110811e-01
4.454101562499995781e-01	1.230829186167277656e-01
8.804687499999999112e-01	2.588069293020978656e-01
1.639453125000001954e+00	6.134513624775743690e-01
4.708007812499995781e-01	1.240666960247189532e-01
4.116210937499994449e-01	1.082636534018931590e-01
2.869140624999993450e-01	8.445840969702567147e-02
4.404296874999995004e-01	1.129264556499728622e-01
5.688476562499996669e-01	1.435532389239024542e-01
2.958007812499994227e-01	7.953163331538525005e-02
3.080078124999993672e-01	7.950219384200343797e-02
4.469726562499994893e-01	1.089033699704548552e-01
5.235351562499995781e-01	1.237106201325956362e-01
5.650390624999996891e-01	1.355592286946500358e-01
5.860351562499996891e-01	1.375089162718157176e-01
5.203124999999996225e-01	1.197803366378125817e-01
7.147460937499997558e-01	1.669129003741469386e-01
4.040039062499994893e-01	9.299128932495429045e-02
