6.419921874999996447e-01	2.947865786383353504e-01
1.046972656249999911e+00	5.553281441552512243e-01
1.049902343749999911e+00	5.299221897376455992e-01
5.378906249999996225e-01	2.212133723679124975e-01
4.555664062499994449e-01	1.764505292976177031e-01
5.228515624999996447e-01	1.981811976406351039e-01
6.338867187499996891e-01	2.419321208482350938e-01
7.882812499999998224e-01	3.007585714711322744e-01
5.553710937499994893e-01	1.995237693416572478e-01
5.377929687499996003e-01	1.876219914869091121e-01
3.940429687499994449e-01	1.376463487532987306e-01
8.317382812499998224e-01	2.852382399462420337e-01
2.566406249999992895e-01	9.681535581430565640e-02
3.877929687499994671e-01	1.236395615501950929e-01
5.674804687499995781e-01	1.761098363058436755e-01
3.422851562499994449e-01	1.127263082736594257e-01
5.064453124999994671e-01	1.522508992336704114e-01
5.885742187499997113e-01	1.718279272335783980e-01
6.140624999999996225e-01	1.783377689537523902e-01
2.925781249999993561e-01	9.722600895252661579e-02
3.814453124999994116e-01	1.067759778289801287e-01
5.515624999999996225e-01	1.490738574633371782e-01
5.048828124999995559e-01	1.351261363434541896e-01
3.273437499999993783e-01	9.603059593642211678e-02
3.886718749999994449e-01	1.042153534284322031e-01
3.453124999999994671e-01	9.691323842169034808e-02
4.471679687499995337e-01	1.139397301364452886e-01
5.419921874999995559e-01	1.334594783305301235e-01
9.299804687499998446e-01	2.422313316057642940e-01
5.412109374999996003e-01	1.302300012836985210e-01
6.403320312499998224e-01	1.536195059323056944e-01
4.897460937499995559e-01	1.186654112003738548e-01
4.487304687499994449e-01	1.070751002611607938e-01
3.783203124999994227e-01	9.318215659144869767e-02
6.989257812499997113e-01	1.619014975306907467e-01
