3.956054687499994671e-01	1.689472459366966606e-01
7.304687499999997780e-01	3.600664446076238812e-01
6.629882812499996447e-01	2.943175418136537158e-01
8.442382812499998890e-01	3.971869751968433726e-01
6.248046874999997335e-01	2.570145260191903369e-01
3.615234374999994338e-01	1.300269761678632119e-01
3.200195312499994893e-01	1.144752782817104325e-01
6.711914062499998446e-01	2.554993948423625594e-01
4.879882812499996003e-01	1.663385741856669986e-01
4.546874999999994671e-01	1.512789476645208520e-01
8.523437499999999556e-01	3.222977502120037974e-01
5.986328124999995559e-01	1.983625928377901748e-01
5.650390624999996891e-01	1.792255505997182863e-01
4.739257812499995115e-01	1.473653166509708567e-01
4.427734374999995337e-01	1.328781319684705087e-01
7.336914062499998446e-01	2.316380746935965129e-01
7.843749999999998224e-01	2.510695893574727000e-01
6.564453124999996003e-01	1.950438198881481455e-01
4.097656249999994671e-01	1.157558102112157677e-01
5.637695312499996225e-01	1.598007013292120082e-01
3.382812499999994227e-01	9.513496847831838521e-02
5.388671874999997335e-01	1.467843126824695532e-01
7.124999999999996891e-01	1.981736086996096768e-01
3.488281249999993783e-01	8.897598687814342600e-02
5.416992187499996003e-01	1.413997065132947539e-01
3.371093749999993783e-01	8.633758585665518570e-02
6.742187499999996447e-01	1.751833755314043672e-01
5.800781249999995559e-01	1.456294718248523634e-01
5.216796874999996003e-01	1.270975779178211695e-01
5.011718749999996003e-01	1.210461159816493548e-01
5.124999999999995115e-01	1.212037270225939239e-01
6.100585937499994893e-01	1.466027179537066349e-01
5.391601562499996891e-01	1.255579169742661316e-01
5.241210937499994893e-01	1.211994138393039239e-01
5.661132812499996003e-01	1.279211336444879832e-01
