4.528320312499994893e-01	1.847602498753744549e-01
2.499999999999993339e-01	1.049514138385378437e-01
2.427734374999993561e-01	9.926644029658740487e-02
2.830078124999993450e-01	1.092805976663746848e-01
4.120117187499994227e-01	1.490565163796969961e-01
3.990234374999994671e-01	1.352030956160882591e-01
7.175781249999997335e-01	2.708370645911400976e-01
3.143554687499993117e-01	1.054010308507491445e-01
1.072949218750000266e+00	4.483659504097663451e-01
5.864257812499996669e-01	1.842595408694923387e-01
3.627929687499994449e-01	1.198866314141178863e-01
5.240234374999994671e-01	1.683983381994454964e-01
3.846679687499994227e-01	1.173482696886934545e-01
5.725585937499996225e-01	1.769727720522822068e-01
3.512695312499994893e-01	1.063872097619099344e-01
5.362304687499995781e-01	1.590418298880319492e-01
6.040039062499996669e-01	1.763198531839324512e-01
4.367187499999994893e-01	1.249292267312324678e-01
4.662109374999995337e-01	1.302908672013640690e-01
5.936523437499996447e-01	1.640456688722125023e-01
3.208984374999994116e-01	9.243404099561972065e-02
4.491210937499995337e-01	1.175053149018863846e-01
6.317382812499996447e-01	1.688505320632252005e-01
5.344726562499996225e-01	1.396969570762666979e-01
3.166015624999993783e-01	8.566477441054577702e-02
4.597656249999995115e-01	1.141970161886387281e-01
4.848632812499995559e-01	1.200964596611873297e-01
5.237304687499995115e-01	1.296927667090846115e-01
6.428710937499996225e-01	1.560051791698733592e-01
3.861328124999994782e-01	9.574192818612031752e-02
6.791015624999996447e-01	1.623737280828438656e-01
3.305664062499993339e-01	8.387148121463168515e-02
7.135742187499997113e-01	1.682569116784689567e-01
5.345703124999996447e-01	1.216891591534628864e-01
5.109374999999994893e-01	1.149232036483775060e-01
