3.028320312499993561e-01	1.216507843870219402e-01
1.584277343750001510e+00	1.176377953954683919e+00
4.670898437499995115e-01	1.986575934699099655e-01
5.107421874999995559e-01	2.124871317814637506e-01
6.249999999999996669e-01	2.635857395402767533e-01
6.754882812499997113e-01	2.828167778952301314e-01
3.459960937499994005e-01	1.285848066459122641e-01
4.074218749999994893e-01	1.501925256297015343e-01
3.994140624999994449e-01	1.407326784849747825e-01
6.167968749999996891e-01	2.227647469637729916e-01
5.333984374999996003e-01	1.778836387921771123e-01
6.364257812499997113e-01	2.191247046931102949e-01
5.123046874999994671e-01	1.682374538994411417e-01
5.501953124999996447e-01	1.762604927598052929e-01
6.016601562499996891e-01	1.896157066184218642e-01
4.513671874999995448e-01	1.362600162198227827e-01
2.826171874999993672e-01	9.090746136338241634e-02
3.563476562499994227e-01	1.031661958328057155e-01
4.375976562499994671e-01	1.240727294722116653e-01
4.681640624999995337e-01	1.312094836424758382e-01
2.196289062499992839e-01	7.221703142349425453e-02
3.783203124999994227e-01	1.042598029190942577e-01
4.529296874999995115e-01	1.200019608733939591e-01
4.631835937499995115e-01	1.225293103904499942e-01
3.398437499999993894e-01	8.948981258835420061e-02
5.434570312499996669e-01	1.374179984893658113e-01
5.686523437499996225e-01	1.463032948737851835e-01
5.367187499999996891e-01	1.319757267602462703e-01
5.655273437499995781e-01	1.405140166054371920e-01
7.894531249999998668e-01	2.065865750210469642e-01
5.184570312499996447e-01	1.243844442344061857e-01
3.382812499999994227e-01	8.125366487562835083e-02
5.035156249999995781e-01	1.164487312539166514e-01
5.067382812499995337e-01	1.158203657352545046e-01
6.041992187499996003e-01	1.396813554915473932e-01
