2.416015624999993117e-01	9.986775458232931280e-02
2.839843749999994005e-01	1.134470122610550941e-01
4.425781249999994893e-01	1.822041532169401401e-01
4.571289062499994671e-01	1.820844556407009152e-01
2.673828124999993450e-01	1.044481428009748636e-01
7.063476562499997335e-01	2.980867652575690530e-01
4.322265624999994671e-01	1.544471307054956222e-01
5.582031249999995781e-01	2.035967749526619575e-01
4.558593749999995115e-01	1.574256137531626909e-01
6.955078124999998224e-01	2.457139690117318143e-01
6.129882812499996003e-01	2.152906090479235757e-01
5.112304687499994449e-01	1.661227718849681567e-01
9.937500000000000222e-01	3.669859438509088800e-01
3.763671874999994782e-01	1.203770092936418817e-01
5.627929687499995115e-01	1.782534206049858905e-01
7.838867187499998224e-01	2.550124042159905846e-01
3.452148437499994449e-01	1.109051998945151801e-01
6.889648437499997780e-01	2.082671765844980316e-01
6.707031249999997335e-01	2.006824236474203382e-01
5.707031249999996447e-01	1.670518087789005790e-01
6.977539062499996669e-01	1.984898938358690690e-01
6.292968749999996447e-01	1.794138681534417912e-01
3.961914062499994893e-01	1.160654697390451073e-01
5.591796874999994671e-01	1.487905563640998519e-01
4.764648437499995337e-01	1.276751847097912784e-01
5.627929687499995115e-01	1.473408401914206578e-01
5.426757812499996003e-01	1.430824174850070518e-01
4.532226562499994671e-01	1.201050896064368573e-01
5.119140624999996003e-01	1.292011145564783137e-01
5.868164062499997558e-01	1.445085479259815286e-01
8.590820312499998224e-01	2.151042693517631055e-01
3.372070312499994005e-01	9.118500059765868859e-02
7.267578124999998224e-01	1.725110814160980000e-01
4.552734374999994893e-01	1.140135004466514279e-01
3.096679687499993561e-01	8.688396464636076455e-02
