6.526367187499997335e-01	3.233616787979908258e-01
6.038085937499996225e-01	2.750917017673892295e-01
7.073242187499997335e-01	3.147165956214573734e-01
5.717773437499996669e-01	2.411121298350194786e-01
4.563476562499995115e-01	1.786380163024968160e-01
2.894531249999993117e-01	1.132627010585832150e-01
3.787109374999994560e-01	1.434087629931702079e-01
3.208007812499994449e-01	1.189772216382653791e-01
4.750976562499995559e-01	1.597541699240411228e-01
6.274414062499996669e-01	2.226403972821308919e-01
5.675781249999996003e-01	1.952718042419044897e-01
7.433593749999998224e-01	2.530843913568129322e-01
7.414062499999998224e-01	2.479242606169901886e-01
3.968749999999994782e-01	1.280220372602604295e-01
9.775390625000000000e-01	3.404357977286815440e-01
4.630859374999995448e-01	1.426508535788177379e-01
5.171874999999995781e-01	1.555893941371943867e-01
3.767578124999994560e-01	1.143486716424408772e-01
4.057617187499994449e-01	1.187304191546761228e-01
5.752929687499995781e-01	1.649994420493950398e-01
5.110351562499995115e-01	1.417272433359612060e-01
7.234374999999997335e-01	2.048381378491636873e-01
5.427734374999995115e-01	1.480286966620849298e-01
6.348632812499996891e-01	1.691394618163815644e-01
9.315429687499998668e-01	2.595143767510752486e-01
6.727539062499997558e-01	1.762089171695693790e-01
6.790039062499996225e-01	1.730143524186654180e-01
6.415039062499997558e-01	1.602338642420702008e-01
6.916992187499997335e-01	1.708548958124867234e-01
2.626953124999993339e-01	8.062820793876822323e-02
5.393554687499996225e-01	1.305887321627366426e-01
4.248046874999995004e-01	1.025693927654526411e-01
5.906249999999997335e-01	1.382184840467202691e-01
5.541015624999996447e-01	1.317619969679012792e-01
6.138671874999996891e-01	1.413743417448872219e-01
