7.389648437499998224e-01	3.833035063020239774e-01
3.820312499999994338e-01	1.603314870043084095e-01
4.294921874999994560e-01	1.747496809734519763e-01
4.237304687499994227e-01	1.712856338787331345e-01
5.317382812499995559e-01	2.145389680616905936e-01
2.808593749999993561e-01	1.073938464905329626e-01
3.650390624999994005e-01	1.327512120757305403e-01
3.573242187499994227e-01	1.290289600410866599e-01
5.730468749999996225e-01	2.073364832068760599e-01
4.323242187499994893e-01	1.487320012911479972e-01
6.371093749999997558e-01	2.186364331314086251e-01
5.625976562499995781e-01	1.856422105310275017e-01
5.465820312499996003e-01	1.715949943661733146e-01
6.010742187499996669e-01	1.871892671972584521e-01
3.587890624999994227e-01	1.133888009696484012e-01
5.923828124999996891e-01	1.753067038486604001e-01
4.340820312499995559e-01	1.305230709776780407e-01
4.038085937499994449e-01	1.193920375570130810e-01
2.352539062499993394e-01	8.135306085992681513e-02
6.422851562499997113e-01	1.831677246376420265e-01
5.497070312499996447e-01	1.520671106621020452e-01
4.863281249999995559e-01	1.344591237888397295e-01
6.543945312499996891e-01	1.781067649789112584e-01
4.782226562499994893e-01	1.264648452722636207e-01
6.623046874999996003e-01	1.742345920258848713e-01
6.830078124999996447e-01	1.804858399765515986e-01
2.283203124999992895e-01	7.615468010096251850e-02
5.086914062499995337e-01	1.287969800929780750e-01
5.041015624999996003e-01	1.278986568400024004e-01
6.144531249999996003e-01	1.485723302171360893e-01
8.927734374999998224e-01	2.252807992593142961e-01
6.306640624999997335e-01	1.525168638225738726e-01
4.882812499999995559e-01	1.201720148060216042e-01
5.159179687499995115e-01	1.251424373546215496e-01
5.042968749999995337e-01	1.178118698900014055e-01
