5.367187499999996891e-01	2.493837480262353912e-01
6.546874999999996447e-01	3.056840544567218099e-01
6.319335937499995781e-01	2.803023321866545126e-01
3.564453124999993894e-01	1.374354331064639723e-01
4.317382812499994671e-01	1.633426248781583712e-01
3.140624999999993561e-01	1.099172542316791262e-01
3.254882812499994005e-01	1.139121671107367201e-01
6.999023437499997113e-01	2.795172320225081108e-01
4.093749999999994893e-01	1.375490023394175809e-01
4.253906249999994671e-01	1.384453325858575889e-01
6.111328124999995115e-01	2.148734126649682608e-01
4.667968749999995559e-01	1.496034257617737118e-01
4.979492187499995337e-01	1.580266642948834899e-01
4.275390624999994560e-01	1.276081205658586293e-01
5.421874999999996003e-01	1.669490409043193624e-01
4.996093749999995781e-01	1.461437239132044041e-01
7.544921874999996891e-01	2.430125101724072145e-01
3.505859374999994449e-01	9.840828492506520364e-02
6.930664062499997113e-01	2.125777615035489565e-01
3.654296874999994338e-01	9.990205579831580585e-02
5.137695312499995781e-01	1.377165245030250729e-01
8.037109374999997780e-01	2.442083473836704766e-01
3.551757812499993783e-01	9.217654487248093387e-02
3.894531249999994005e-01	1.008501270491314328e-01
4.482421874999995004e-01	1.129379392392108328e-01
2.826171874999993672e-01	7.254888830874600680e-02
4.499999999999995115e-01	1.127106300765910313e-01
4.545898437499994449e-01	1.096013399137521077e-01
4.662109374999995337e-01	1.106302318128305762e-01
8.147460937499998446e-01	2.232380426642615046e-01
4.445312499999995448e-01	1.029771628899172897e-01
4.032226562499994227e-01	9.052900323642765201e-02
5.136718749999995559e-01	1.189342428444076366e-01
6.150390624999997335e-01	1.464893018351505760e-01
4.026367187499994005e-01	8.916256664198612958e-02
