4.091796874999995004e-01	1.666972207470459044e-01
3.657226562499994449e-01	1.431496565864161519e-01
4.278320312499994671e-01	1.648192753959778489e-01
8.493164062499999334e-01	3.935586884194572921e-01
3.429687499999994338e-01	1.237163136584375489e-01
4.127929687499994893e-01	1.460776124453559421e-01
-1.711914062500010381e-01	7.000493587469237833e-02
4.533203124999994893e-01	1.560654160749854746e-01
4.500976562499995337e-01	1.515908698885925221e-01
3.968749999999994782e-01	1.281219223825295628e-01
3.705078124999994782e-01	1.174007647426364570e-01
3.671874999999994449e-01	1.138396567529718628e-01
7.005859374999996447e-01	2.399331975909702042e-01
6.195312499999996447e-01	1.990782782267910278e-01
4.141601562499994671e-01	1.221292418915513739e-01
6.526367187499997335e-01	2.036971626769677746e-01
5.763671874999996003e-01	1.710518730349513961e-01
6.364257812499997113e-01	1.898367742651475287e-01
4.674804687499994893e-01	1.277220279412704940e-01
4.985351562499995559e-01	1.354969992038138338e-01
4.615234374999995226e-01	1.230359089235526920e-01
5.040039062499995781e-01	1.308333493280414983e-01
1.047753906250000089e+00	3.406996425697059183e-01
3.276367187499993339e-01	8.508993525275226899e-02
3.588867187499994449e-01	9.098157696174860587e-02
5.463867187499995559e-01	1.392036367967822708e-01
8.069335937499998446e-01	2.237529971101551163e-01
4.810546874999995226e-01	1.145896852844202202e-01
6.851562499999996891e-01	1.751321391086924362e-01
3.767578124999994560e-01	8.902874646729007357e-02
5.541015624999996447e-01	1.327151590111513013e-01
6.295898437499996003e-01	1.512401844777293280e-01
4.890624999999995115e-01	1.120694038067984455e-01
6.576171874999996447e-01	1.571662587617320972e-01
6.857421874999998224e-01	1.635118843018828760e-01
