8.621093749999998446e-01	4.740760709299936537e-01
2.995117187499993783e-01	1.244652061341516291e-01
3.933593749999995115e-01	1.570793571689977075e-01
9.202148437499999556e-01	4.597072070046463454e-01
3.290039062499994227e-01	1.264108776895698782e-01
3.339843749999994449e-01	1.241548424003992707e-01
3.903320312499994893e-01	1.426408170597433245e-01
3.521484374999994116e-01	1.209116451386978153e-01
5.340820312499996447e-01	1.924556123965664445e-01
3.335937499999994116e-01	1.120053159387805891e-01
5.643554687499995337e-01	1.923489386110003863e-01
2.597656249999993339e-01	8.472122014489714970e-02
5.397460937499997113e-01	1.778306952132342744e-01
3.595703124999994338e-01	1.101690165801845894e-01
4.546874999999994671e-01	1.386411690343314906e-01
4.891601562499995337e-01	1.500900685541886326e-01
4.491210937499995337e-01	1.309130024087444277e-01
5.832031249999996003e-01	1.744810423746477324e-01
9.069335937499999334e-01	3.094742787444327847e-01
5.157226562499995781e-01	1.465856384859006989e-01
5.681640624999997335e-01	1.593878562491433948e-01
6.798828124999996003e-01	1.983521326534427587e-01
3.948242187499995115e-01	1.025675534302925018e-01
4.794921874999995004e-01	1.220430482436257180e-01
4.420898437499994893e-01	1.119111121956920668e-01
6.721679687499997335e-01	1.847281068606804189e-01
4.157226562499994893e-01	1.039006112692428818e-01
4.535156249999995337e-01	1.106424681299604390e-01
3.882812499999994671e-01	9.422192992959144142e-02
6.335937499999997335e-01	1.614348626767939665e-01
3.913085937499994893e-01	9.259449318431237086e-02
6.020507812499996669e-01	1.479068492842941507e-01
4.883789062499995781e-01	1.132142148935027376e-01
5.749999999999996225e-01	1.367289806468740543e-01
5.301757812499995337e-01	1.228968444189541820e-01
