8.821289062499998446e-01	4.887607095854144545e-01
4.819335937499995559e-01	2.055532517761459455e-01
3.649414062499993783e-01	1.400517888542228140e-01
4.019531249999994671e-01	1.564898813931023813e-01
1.355371093750000977e+00	7.924115537157304656e-01
6.117187499999996447e-01	2.477032058788314062e-01
3.243164062499993561e-01	1.152709675847961024e-01
6.252929687499996225e-01	2.369573056498849861e-01
6.222656249999997113e-01	2.315721148885558356e-01
7.235351562499997558e-01	2.763019349659662782e-01
5.469726562499995781e-01	1.851738832644821420e-01
2.923828124999993672e-01	9.301191422207226445e-02
7.897460937499999334e-01	2.892752784824802470e-01
6.067382812499996225e-01	1.972781091257654884e-01
3.730468749999994449e-01	1.091247111007764004e-01
6.193359374999996003e-01	1.972096232485582579e-01
4.864257812499995781e-01	1.405943047611123986e-01
4.840820312499996003e-01	1.390789671606787181e-01
4.103515624999994893e-01	1.150658460087542190e-01
8.336914062499999334e-01	2.728376914675289533e-01
6.985351562499997335e-01	2.095946547226965051e-01
5.181640624999996891e-01	1.426347071882224371e-01
5.843749999999996447e-01	1.597834517992139658e-01
5.301757812499995337e-01	1.419442023262187103e-01
5.485351562499996003e-01	1.422131760997263350e-01
5.180664062499996669e-01	1.333153692205338858e-01
4.520507812499995337e-01	1.116401739599957449e-01
7.557617187499997558e-01	2.113653014065115243e-01
5.510742187499996225e-01	1.372679538902978891e-01
6.111328124999995115e-01	1.541984008610224610e-01
4.292968749999994671e-01	1.004199970991224988e-01
3.370117187499993561e-01	7.681733314220128006e-02
3.802734374999994227e-01	8.525079475409780283e-02
3.504882812499994227e-01	7.923637440038827640e-02
6.579101562499997113e-01	1.625543564834207866e-01
