5.078124999999995559e-01	2.343422875866603694e-01
7.987304687499997558e-01	4.070989549709875255e-01
3.257812499999994116e-01	1.331951813233983872e-01
4.619140624999995004e-01	1.891927095994004604e-01
2.886718749999993561e-01	1.147581418074835741e-01
2.087890624999992895e-01	8.519817300485661715e-02
4.690429687499995115e-01	1.771044792691280345e-01
3.378906249999994449e-01	1.225059485256514563e-01
2.834960937499994005e-01	1.016430466934952204e-01
7.466796874999996891e-01	2.775322940623791701e-01
3.021484374999993672e-01	1.055082165931875843e-01
7.316406249999997113e-01	2.562517926896881737e-01
3.165039062499993561e-01	1.065665810130927565e-01
4.708984374999995448e-01	1.517955997273147395e-01
8.471679687499997780e-01	2.836326651028392432e-01
5.717773437499996669e-01	1.774259602791780910e-01
3.751953124999994338e-01	1.149349250869082795e-01
6.763671874999996891e-01	2.059748800076802722e-01
5.419921874999995559e-01	1.616872442825083578e-01
2.183593749999993006e-01	7.579726756012744593e-02
5.018554687499995337e-01	1.460593176967029394e-01
5.123046874999994671e-01	1.398440522712314504e-01
5.999999999999996447e-01	1.607615273666948841e-01
5.683593749999996669e-01	1.510657100025384614e-01
5.991210937499996669e-01	1.604470883276983562e-01
5.083984374999994671e-01	1.376803732598831653e-01
4.460937499999995115e-01	1.165045620516693969e-01
3.965820312499994671e-01	1.066071866833107062e-01
3.552734374999994005e-01	9.822229086774571238e-02
3.522460937499993783e-01	9.442931218268298121e-02
6.339843749999997113e-01	1.536251927487799207e-01
5.076171874999995115e-01	1.250976197454700956e-01
5.055664062499994893e-01	1.216511355079653578e-01
6.897460937499998446e-01	1.633431675447871434e-01
5.226562499999996003e-01	1.222382482915828489e-01
