4.015624999999994893e-01	1.596345527415731769e-01
5.321289062499995337e-01	2.137612880098497536e-01
3.066406249999993339e-01	1.148706674395927330e-01
5.049804687499994671e-01	1.880501279330391851e-01
4.387695312499995115e-01	1.529549031536269199e-01
6.779296874999996003e-01	2.530097463900127797e-01
7.663085937499997113e-01	2.911708926523380869e-01
6.392578124999996891e-01	2.226946677090397564e-01
8.042968749999998002e-01	2.861327072894317425e-01
3.968749999999994782e-01	1.264709467504436802e-01
5.756835937499996669e-01	1.803142526921234223e-01
7.913085937499998446e-01	2.638350167716356220e-01
3.287109374999994116e-01	1.046024274896758671e-01
3.124999999999114597e-03	nan
7.202148437499997780e-01	2.235944930046622481e-01
6.011718749999996891e-01	1.795644223437015130e-01
4.448242187499995559e-01	1.301612726131753939e-01
4.819335937499995559e-01	1.346705137446574663e-01
5.574218749999996225e-01	1.542019070792087776e-01
4.663085937499995559e-01	1.254442123746893900e-01
6.845703124999997780e-01	1.867278639804436369e-01
4.314453124999994560e-01	1.135714207131569842e-01
4.882812499999995559e-01	1.269869946381626258e-01
6.539062499999996891e-01	1.720993607344353249e-01
6.344726562499997113e-01	1.609187519246601250e-01
4.453124999999995559e-01	1.112652002507254767e-01
4.337890624999994893e-01	1.091995282274836609e-01
5.511718749999996447e-01	1.336149160155191418e-01
4.245117187499994893e-01	1.019456633209167989e-01
5.349609374999995115e-01	1.264825999815635815e-01
6.479492187499996669e-01	1.514338171768569441e-01
3.998046874999994782e-01	9.315224199791297122e-02
4.039062499999994671e-01	9.352745303588647086e-02
6.312499999999996447e-01	1.457438578586265077e-01
5.949218749999997113e-01	1.342735553157183293e-01
