2.508789062499993117e-01	1.014206707011764547e-01
2.012695312499992728e-01	7.904293230146450244e-02
7.394531249999998224e-01	3.472620110436136498e-01
6.027343749999997113e-01	2.558406470772474073e-01
4.461914062499995337e-01	1.716723465555992645e-01
7.155273437499997113e-01	2.965872706262561720e-01
4.744140624999995115e-01	1.785928726938608435e-01
3.859374999999994893e-01	1.364687999351210379e-01
3.808593749999994449e-01	1.349210870718882405e-01
2.765624999999993783e-01	9.412882454319633496e-02
4.397460937499995115e-01	1.451972315363475596e-01
4.894531249999994893e-01	1.563372786391484248e-01
5.094726562499994893e-01	1.607306178470106206e-01
4.183593749999995337e-01	1.276317536794802643e-01
4.527343749999994671e-01	1.402419518545150734e-01
4.460937499999995115e-01	1.331343209142890616e-01
3.006835937499994227e-01	9.336413591799926082e-02
3.658203124999994116e-01	1.084177030559509564e-01
4.253906249999994671e-01	1.174222359020094392e-01
3.445312499999994560e-01	1.007947953174192640e-01
8.022460937499998890e-01	2.299126771762012300e-01
4.377929687499995115e-01	1.215272529296296117e-01
6.332031249999996447e-01	1.720813842761045043e-01
4.238281249999994449e-01	1.139878661524252323e-01
5.148437499999996003e-01	1.368583609759036757e-01
3.707031249999994671e-01	1.013586287045814688e-01
7.091796874999996003e-01	1.797477335792592723e-01
5.429687499999995559e-01	1.338570181622484034e-01
4.659179687499994671e-01	1.132751928429979876e-01
2.432617187499993283e-01	7.413918643087070992e-02
3.982421874999994560e-01	9.998204632420924776e-02
3.232421874999993894e-01	8.377480165214119812e-02
4.558593749999995115e-01	1.102005156458188001e-01
4.574218749999995337e-01	1.071757994538112962e-01
3.965820312499994671e-01	9.597793220686534621e-02
