2.215820312499993117e-01	9.657678483031154060e-02
4.920898437499995337e-01	2.248679083519534161e-01
1.007324218750000000e+00	5.885655263236805324e-01
-1.620117187500010325e-01	6.949103160499749132e-02
2.959960937499993561e-01	1.147709690028019675e-01
2.708007812499994005e-01	1.020508296707729884e-01
4.941406249999995559e-01	1.886771730772403843e-01
5.216796874999996003e-01	1.991613618000648289e-01
6.765624999999997335e-01	2.690125625908164619e-01
5.333007812499995781e-01	1.879835394967065421e-01
3.187499999999994227e-01	1.093603530114868327e-01
5.499999999999996003e-01	1.892196903884358350e-01
3.808593749999994449e-01	1.248053929076204105e-01
5.094726562499994893e-01	1.648903712564301904e-01
3.700195312499995337e-01	1.136744263907272651e-01
2.663085937499993783e-01	8.191587204536150690e-02
4.667968749999995559e-01	1.377562039388999515e-01
2.432617187499993283e-01	7.146577511397260440e-02
6.413085937499997113e-01	2.007656509099024489e-01
3.067382812499993561e-01	8.817478159038708019e-02
5.324218749999996003e-01	1.522405356117929875e-01
2.818359374999993561e-01	7.687837594509744354e-02
4.142578124999994338e-01	1.111063294639080129e-01
5.483398437499995559e-01	1.495513168486333200e-01
3.827148437499994227e-01	9.810874612710734910e-02
5.535156249999996225e-01	1.482045559776452026e-01
4.469726562499994893e-01	1.125892128429328287e-01
6.957031249999997558e-01	1.910572004725226980e-01
7.539062499999997780e-01	2.081650423110389669e-01
6.222656249999997113e-01	1.600697349495273092e-01
5.342773437499995781e-01	1.327349550317076521e-01
3.902343749999994671e-01	9.348464190750856162e-02
5.135742187499995337e-01	1.222886002995081378e-01
6.583984374999996003e-01	1.599332879306823163e-01
5.881835937499996225e-01	1.384250916031231349e-01
