4.301367187500006573e+00	8.028918848956928755e+00
4.460937499999995115e-01	2.049996426039844555e-01
2.724609374999993894e-01	1.095166216210292920e-01
3.622070312499994227e-01	1.420106354421935002e-01
7.443359374999998224e-01	3.641148916478710862e-01
3.207031249999994227e-01	1.203881383896072410e-01
3.303710937499994005e-01	1.177498748697751035e-01
1.141601562499992006e-01	5.161270312487874906e-02
3.188476562499994449e-01	1.131617997509314910e-01
5.963867187499996003e-01	2.299378358760904850e-01
5.524414062499997113e-01	2.026110328754499867e-01
8.255859374999998668e-01	3.379253475413497854e-01
4.874023437499995781e-01	1.640122544765204027e-01
5.708984374999996891e-01	1.898989773798927527e-01
7.408203124999999112e-01	2.643857640394776110e-01
3.216796874999994227e-01	1.010150301660851652e-01
7.904296874999998668e-01	2.773907243117747501e-01
3.751953124999994338e-01	1.101076463484073759e-01
5.417968749999996225e-01	1.608226488176220381e-01
6.807617187499996891e-01	2.150389795373087998e-01
4.755859374999995559e-01	1.337569022476671754e-01
4.057617187499994449e-01	1.132889166223891575e-01
6.012695312499997113e-01	1.734410818150446953e-01
3.589843749999994671e-01	9.661866910124312924e-02
6.271484374999996003e-01	1.780039017865653883e-01
7.131835937499996225e-01	2.045238583846357705e-01
6.693359374999996447e-01	1.853658962027016355e-01
4.027343749999994227e-01	1.020185796248796878e-01
4.208007812499995337e-01	1.039938772990012805e-01
7.219726562499998446e-01	1.943742956384457710e-01
3.106445312499994671e-01	7.698558317592521516e-02
4.156249999999994671e-01	9.909679691935953383e-02
7.203124999999998002e-01	1.843937040708929220e-01
8.550781249999998002e-01	2.262812512360012629e-01
4.226562499999995115e-01	9.767273269273199499e-02
