6.709179687500012257e+00	1.563184047069011129e+01
4.932617187499995781e-01	2.145767431431783445e-01
3.295898437499993339e-01	1.308398863423781977e-01
5.594726562499995337e-01	2.353042713606259273e-01
1.738281249999992784e-01	7.426096225305729714e-02
3.986328124999994338e-01	1.477751235168167643e-01
5.534179687499996003e-01	2.127123219502182194e-01
3.196289062499994005e-01	1.159332930854841265e-01
6.889648437499997780e-01	2.627924032350844041e-01
6.708007812499997558e-01	2.449348862256692516e-01
1.010742187499999778e+00	4.071627344096884205e-01
5.035156249999995781e-01	1.721208800131927286e-01
4.239257812499994671e-01	1.394243024772975625e-01
5.674804687499995781e-01	1.822293240054169983e-01
6.685546874999996891e-01	2.163681905634002589e-01
5.449218749999996669e-01	1.667824067229254081e-01
5.846679687499996003e-01	1.762421833204324273e-01
5.866210937499997113e-01	1.794796794664097750e-01
3.878906249999994893e-01	1.193484905340048696e-01
4.888671874999995226e-01	1.401110530040597379e-01
5.458984374999995559e-01	1.531363233273511093e-01
7.136718749999997335e-01	1.997051808512900484e-01
7.826171874999998668e-01	2.193017484123966077e-01
3.268554687499993783e-01	9.868972122496949551e-02
4.080078124999994560e-01	1.117038041645597723e-01
5.707031249999996447e-01	1.505962656139124556e-01
3.730468749999994449e-01	1.004777653678738947e-01
6.837890624999998224e-01	1.746605349390628059e-01
5.692382812499996447e-01	1.405061068520221668e-01
5.067382812499995337e-01	1.277711529960775250e-01
4.552734374999994893e-01	1.144989547705370508e-01
5.328124999999995781e-01	1.302538017797367775e-01
6.969726562499997113e-01	1.647065604039182896e-01
5.604492187499995337e-01	1.312789892732005026e-01
3.419921874999994338e-01	8.760247831058065593e-02
