3.653320312499994671e-01	1.456066971456059511e-01
4.380859374999995226e-01	1.758755465695765741e-01
3.418945312499994671e-01	1.302780398315896426e-01
5.437499999999996225e-01	2.106125181839863247e-01
4.104492187499995115e-01	1.441292783436350367e-01
4.263671874999995226e-01	1.501159957199383055e-01
6.432617187499997113e-01	2.344218530438578474e-01
4.221679687499995115e-01	1.407210045964396028e-01
6.222656249999997113e-01	2.167610203286741422e-01
5.115234374999995115e-01	1.635914925572149181e-01
2.988281249999993339e-01	9.508426460712211814e-02
5.448242187499996447e-01	1.710280342962178513e-01
3.646484374999994227e-01	1.107356449311575480e-01
5.317382812499995559e-01	1.572936924248705959e-01
9.022460937499999778e-01	3.066997645839674158e-01
3.531249999999994116e-01	1.028731133697894790e-01
6.837890624999998224e-01	2.047171646826405345e-01
3.351562499999994338e-01	9.353355463994482422e-02
3.913085937499994893e-01	1.076263639973631808e-01
6.169921874999997335e-01	1.724777052938613608e-01
5.767578124999996891e-01	1.559667092548083500e-01
2.896484374999993561e-01	8.012624975206807110e-02
5.317382812499995559e-01	1.366178028227318375e-01
4.251953124999994782e-01	1.092703288150885521e-01
4.478515624999995226e-01	1.120751975702162645e-01
8.227539062499998890e-01	2.248737473049366442e-01
4.713867187499994893e-01	1.162031672757483786e-01
3.033203124999993561e-01	7.731739557717261235e-02
5.200195312499996669e-01	1.247663994226136802e-01
5.133789062499994893e-01	1.191881274362129040e-01
4.972656249999996003e-01	1.150827223050192027e-01
5.086914062499995337e-01	1.148337783480000568e-01
4.738281249999994893e-01	1.072391142321841989e-01
5.165039062499995337e-01	1.161818360871842565e-01
4.546874999999994671e-01	1.011260365075842410e-01
