5.403320312499997335e-01	2.424150150704869611e-01
4.876953124999995337e-01	2.073054488017097019e-01
3.814453124999994116e-01	1.519552639101349190e-01
1.200488281250000622e+00	6.453918064089594342e-01
7.864257812499998446e-01	3.449972945711517469e-01
3.160156249999993561e-01	1.181520116818100680e-01
4.694335937499996003e-01	1.711885909285622287e-01
4.358398437499995115e-01	1.532893781717796777e-01
9.539062499999999556e-01	3.893200828031269656e-01
4.191406249999994893e-01	1.422359430655419088e-01
7.097656249999996225e-01	2.513358527634383388e-01
4.274414062499994893e-01	1.403314891990397884e-01
5.449218749999996669e-01	1.785091044561470386e-01
5.297851562499995559e-01	1.662956370167950892e-01
2.076171874999993006e-01	7.669368366750042854e-02
5.135742187499995337e-01	1.537061555664097079e-01
3.424804687499993783e-01	9.990707675531365628e-02
3.632812499999994449e-01	1.081636074693392707e-01
5.496093749999996225e-01	1.560986800310618372e-01
5.501953124999996447e-01	1.528742994780263598e-01
3.936523437499994671e-01	1.098492902974391033e-01
5.880859374999996003e-01	1.623166323823430623e-01
4.483398437499994671e-01	1.187629986824667583e-01
3.774414062499994449e-01	1.003061605044477944e-01
-1.295898437500010159e-01	5.897427623857193907e-02
3.147460937499994005e-01	8.583859799471578456e-02
5.320312499999995115e-01	1.351832182910940039e-01
3.408203124999993894e-01	8.622261799987589181e-02
5.617187499999996003e-01	1.387336345438874852e-01
7.457031249999998002e-01	1.892909095922233886e-01
4.068359374999994671e-01	9.819798478128377583e-02
4.816406249999994893e-01	1.153143466846485860e-01
4.661132812499995115e-01	1.073505818859432082e-01
5.055664062499994893e-01	1.152084221858879626e-01
5.582031249999995781e-01	1.276453770935762899e-01
