7.367187499999998668e-01	3.815372866625167947e-01
5.574218749999996225e-01	2.477872797988130149e-01
3.212890624999993894e-01	1.307287330714896056e-01
3.141601562499993783e-01	1.213812554800930144e-01
8.952148437499999334e-01	4.187457422802258189e-01
4.037109374999994782e-01	1.534831791559952141e-01
4.643554687499994449e-01	1.711674739090884023e-01
5.955078124999997335e-01	2.155511811498541375e-01
3.577148437499994005e-01	1.249824643035332278e-01
8.180664062499999334e-01	3.066311798091305718e-01
6.000976562499996669e-01	2.098833234088060828e-01
7.547851562499997558e-01	2.628310945452017600e-01
4.683593749999995781e-01	1.520409209734681077e-01
6.726562499999997335e-01	2.159039731253106498e-01
5.604492187499995337e-01	1.726625894782166104e-01
6.011718749999996891e-01	1.844821489081538424e-01
5.619140624999996447e-01	1.674381430233386481e-01
2.273437499999992895e-01	7.922027905126831360e-02
3.390624999999993783e-01	1.051905077310673758e-01
3.779296874999994449e-01	1.102943465205561274e-01
4.244140624999994671e-01	1.210919405487063949e-01
5.810546874999995559e-01	1.590571917860685858e-01
5.565429687499995337e-01	1.497585892271271757e-01
4.921874999999995559e-01	1.321962328861992220e-01
3.458984374999994338e-01	9.647169436560902589e-02
6.236328124999996891e-01	1.638252595165963221e-01
4.104492187499995115e-01	1.050550779471972479e-01
5.410156249999996669e-01	1.346360264700458276e-01
5.431640624999996003e-01	1.330204180943334591e-01
5.798828124999995115e-01	1.400563958967330491e-01
5.274414062499995781e-01	1.237041463758985216e-01
6.968749999999996891e-01	1.673653448504251740e-01
5.426757812499996003e-01	1.295762488761172671e-01
5.891601562499997335e-01	1.338020547633378132e-01
4.596679687499994893e-01	1.075967698242656923e-01
