8.398437500000000000e-01	4.647255635476758573e-01
4.586914062499994893e-01	2.006907324587573760e-01
3.764648437499994449e-01	1.536552314971825206e-01
5.061523437499995115e-01	2.055528366263063289e-01
5.928710937499995781e-01	2.307342305717086650e-01
5.333984374999996003e-01	2.055632801626113282e-01
2.512695312499994005e-01	9.679172315524590953e-02
3.890624999999994227e-01	1.340750665137344921e-01
5.166992187499995781e-01	1.811606182207060878e-01
4.918945312499996003e-01	1.645337338975682295e-01
3.078124999999993783e-01	1.028126948681226671e-01
5.997070312499996891e-01	1.951451451137950488e-01
9.782226562499999334e-01	3.674601608086741078e-01
3.526367187499993561e-01	1.094804389297519415e-01
2.415039062499993172e-01	8.323189970517486103e-02
4.295898437499994227e-01	1.298208410131219681e-01
3.031249999999993672e-01	8.940394090845062147e-02
5.250976562499996003e-01	1.546929537372128960e-01
5.167968749999996003e-01	1.469012570387811523e-01
8.443359374999999112e-01	2.622484002309083406e-01
4.148437499999994560e-01	1.147342611542138541e-01
6.983398437499996891e-01	1.949370504386305769e-01
3.524414062499994227e-01	9.513444991766693837e-02
5.184570312499996447e-01	1.390826633768248166e-01
5.369140624999997335e-01	1.417635563553994726e-01
3.819335937499994671e-01	9.753092187577383498e-02
4.952148437499995781e-01	1.258055959417311576e-01
7.633789062499997113e-01	2.018651196761643285e-01
5.023437499999996447e-01	1.210637604341394946e-01
5.370117187499996447e-01	1.295561898083911201e-01
4.830078124999995226e-01	1.164232656285961315e-01
4.409179687499994449e-01	1.049426506984846713e-01
7.359374999999998002e-01	1.824346472735519087e-01
5.860351562499996891e-01	1.371311911243731085e-01
3.957031249999994893e-01	9.244841658774419213e-02
