4.338867187499995115e-01	1.830699727351097206e-01
5.836914062499997113e-01	2.526286023323328078e-01
3.048828124999993228e-01	1.217181959465536145e-01
4.508789062499994893e-01	1.745828168887577636e-01
1.914062499999992784e-01	8.223659049961425105e-02
4.711914062499995559e-01	1.757280342455011801e-01
4.311523437499994449e-01	1.531517573675571786e-01
5.036132812499996003e-01	1.759816649230926677e-01
7.521484374999998224e-01	2.832463754186242411e-01
6.883789062499997558e-01	2.441961083997632176e-01
7.144531249999996891e-01	2.437675863912186214e-01
4.890624999999995115e-01	1.602037738800886624e-01
4.584960937499995559e-01	1.417696379638447857e-01
6.106445312499996225e-01	1.916259204132582383e-01
6.349609374999996003e-01	1.993005420479157519e-01
4.056640624999994227e-01	1.241460927855016633e-01
5.521484374999996447e-01	1.652785789974536013e-01
3.541015624999994116e-01	1.046491209538692319e-01
5.570312499999996447e-01	1.584261811420068222e-01
6.185546874999996447e-01	1.720862429674974714e-01
5.128906249999994893e-01	1.410788615150712910e-01
5.279296874999994671e-01	1.439017386600940085e-01
4.124999999999994782e-01	1.129362695868628974e-01
5.356445312499996669e-01	1.392088367204019350e-01
4.928710937499996003e-01	1.253546927378889619e-01
6.869140624999998668e-01	1.767517673163591652e-01
5.631835937499994893e-01	1.439928810701256445e-01
5.046874999999995115e-01	1.268362861282064935e-01
3.727539062499994893e-01	9.445720716256854332e-02
5.788085937499994893e-01	1.393186618469850757e-01
7.228515624999998224e-01	1.751286823868362652e-01
6.671874999999997113e-01	1.578349434310341026e-01
4.314453124999994560e-01	1.033647698862245196e-01
5.841796874999996003e-01	1.352365067484241623e-01
5.684570312499996891e-01	1.266641309686684091e-01
