3.233398437499993561e-01	1.318052373794313947e-01
4.229492187499994671e-01	1.688629125293837074e-01
4.404296874999995004e-01	1.718259493630872325e-01
1.612597656250001954e+00	9.960239359670736148e-01
4.829101562499995559e-01	1.867218090719417745e-01
5.286132812499995115e-01	2.021696394235911742e-01
5.249999999999995781e-01	1.951701227041644227e-01
3.924804687499994227e-01	1.451912449480856349e-01
4.690429687499995115e-01	1.587324916741291447e-01
6.770507812499997335e-01	2.414194493560728461e-01
3.788085937499994227e-01	1.273645767143519458e-01
5.049804687499994671e-01	1.645468201641239470e-01
4.015624999999994893e-01	1.280530818106402902e-01
7.213867187499998224e-01	2.366550977221278662e-01
7.533203124999998668e-01	2.409116300881579686e-01
2.979492187499993561e-01	1.032166339612784894e-01
8.254882812499998446e-01	2.551183732156186990e-01
4.452148437499995337e-01	1.336018245937306281e-01
5.584960937499995337e-01	1.590915023879066192e-01
2.549804687499992450e-01	8.568494885229360758e-02
2.849609374999994005e-01	9.042321907320399754e-02
4.852539062499995337e-01	1.315048751821030482e-01
4.730468749999995337e-01	1.258468375762269442e-01
4.855468749999996003e-01	1.291193056068508371e-01
4.380859374999995226e-01	1.153179331942118385e-01
2.570312499999993228e-01	8.205577248872154839e-02
2.349609374999993561e-01	7.757118241297018824e-02
6.370117187499997335e-01	1.616142935623664234e-01
7.495117187499997780e-01	1.923862271975141647e-01
3.796874999999994005e-01	9.710794556496038510e-02
6.366210937499997558e-01	1.540803515030431114e-01
7.515624999999998002e-01	1.832289194149827327e-01
3.966796874999994893e-01	9.922887175717937103e-02
5.946289062499997558e-01	1.405672441823795360e-01
5.208007812499996225e-01	1.228474445506762408e-01
