2.366210937499993172e-01	1.006562119434953884e-01
7.336914062499998446e-01	3.777207492641166953e-01
3.166015624999993783e-01	1.248069631452005390e-01
7.558593749999997780e-01	3.724357296079763846e-01
3.587890624999994227e-01	1.358332885026411752e-01
5.011718749999996003e-01	1.977566485502847971e-01
4.541992187499994671e-01	1.718755001126557602e-01
5.882812499999996447e-01	2.342112754279477016e-01
5.939453124999996003e-01	2.298293507609769082e-01
5.909179687499996891e-01	2.266595215907581673e-01
7.292968749999997335e-01	2.989420080151458103e-01
4.837890624999995337e-01	1.651884222469293673e-01
3.852539062499994449e-01	1.200099381136776194e-01
6.006835937499995781e-01	2.126992939628672974e-01
2.648437499999993228e-01	7.818374510120974785e-02
5.515624999999996225e-01	1.836563470644608231e-01
4.209960937499994671e-01	1.272293039761652200e-01
5.153320312499996003e-01	1.619615242208752304e-01
2.567382812499993117e-01	6.883210112432881778e-02
4.103515624999994893e-01	1.186628375367274335e-01
5.570312499999996447e-01	1.736648654153803151e-01
8.654296874999998224e-01	3.266024819495347842e-01
4.126953124999994671e-01	1.136681016088633145e-01
4.233398437499994449e-01	1.141866850262226868e-01
5.293945312499995781e-01	1.544203731694486770e-01
5.696289062499996225e-01	1.666090919886426269e-01
4.377929687499995115e-01	1.156725147173505164e-01
6.458984374999996447e-01	1.953337643809600344e-01
5.805664062499996669e-01	1.666861271982962578e-01
3.595703124999994338e-01	8.739053128249107960e-02
3.511718749999994671e-01	8.388978707735465778e-02
4.439453124999995226e-01	1.125343636072177050e-01
5.087890624999995559e-01	1.330562358565955672e-01
4.193359374999995337e-01	1.013993351012396626e-01
4.559570312499995337e-01	1.125004190157265493e-01
