4.575195312499995559e-01	2.133269893309066023e-01
5.417968749999996225e-01	2.462492132345515672e-01
8.028320312499999112e-01	4.032560860599784802e-01
2.209960937499993172e-01	9.375853558241814545e-02
4.857421874999995892e-01	1.965562633029436790e-01
5.688476562499996669e-01	2.312157894455505458e-01
4.337890624999994893e-01	1.627118060782291042e-01
6.188476562499997113e-01	2.402380706469939287e-01
6.229492187499996447e-01	2.318263405087857831e-01
5.956054687499996447e-01	2.161331513977107488e-01
6.314453124999996891e-01	2.259835164538341323e-01
5.315429687499995115e-01	1.790312264592549274e-01
1.648437499999992339e-01	6.981944836322730163e-02
6.935546874999998224e-01	2.327927572221935582e-01
6.355468749999997335e-01	2.004628687457537251e-01
5.555664062499995337e-01	1.730754170677036574e-01
3.186523437499994005e-01	1.056474674107100720e-01
3.239257812499993783e-01	1.008700200335741481e-01
4.051757812499994227e-01	1.225032402370773432e-01
4.873046874999995559e-01	1.424574484291654397e-01
6.258789062499997558e-01	1.761748950223158972e-01
5.654296874999995559e-01	1.563944986102490664e-01
5.015624999999995781e-01	1.386058233680304841e-01
3.119140624999993672e-01	8.967957934610532034e-02
4.000976562499994893e-01	1.081264085300877725e-01
3.424804687499993783e-01	9.259181878949927780e-02
5.061523437499995115e-01	1.306464725356397405e-01
5.253906249999995559e-01	1.349896101508043789e-01
4.446289062499995115e-01	1.128600350596782181e-01
6.504882812499996891e-01	1.636373681992672746e-01
5.056640624999995115e-01	1.216941656623403006e-01
2.854492187499994005e-01	7.864276544142741188e-02
4.841796874999995670e-01	1.143115130250556832e-01
4.232421874999994782e-01	1.017373558426087204e-01
4.354492187499995337e-01	1.039665191386524717e-01
