4.666015624999995115e-01	1.897700820047762971e-01
1.888671874999992562e-01	8.090966440195726528e-02
6.417968749999997113e-01	2.754543983997288503e-01
1.735644531250001510e+00	1.174935355844457963e+00
7.303710937499997558e-01	3.107958878457846019e-01
9.005859374999998224e-01	3.975186581279390730e-01
2.898437499999993450e-01	1.047842552050930603e-01
6.791015624999996447e-01	2.570078392658390887e-01
6.284179687499995559e-01	2.270486357926507215e-01
7.915039062499998890e-01	2.979766315858671244e-01
5.605468749999995559e-01	1.882346113874652782e-01
5.762695312499996891e-01	1.878386177340170826e-01
5.377929687499996003e-01	1.685704334097038459e-01
3.972656249999995115e-01	1.192941406846525360e-01
5.874999999999996891e-01	1.811071148340275827e-01
5.970703124999996447e-01	1.813530652981144575e-01
4.709960937499995115e-01	1.327049758370005272e-01
2.505859374999993561e-01	7.452793804704750669e-02
4.958007812499996003e-01	1.392281792061719203e-01
4.536132812499995559e-01	1.234804065475488821e-01
5.249023437499995559e-01	1.432411796380799462e-01
4.216796874999995115e-01	1.110543655554720593e-01
4.188476562499995337e-01	1.067497860694259088e-01
4.419921874999995226e-01	1.101618866842469235e-01
4.404296874999995004e-01	1.098322510835631066e-01
4.592773437499995115e-01	1.138637808748575453e-01
5.125976562499995337e-01	1.292372437770410720e-01
6.560546874999997335e-01	1.717202745320086099e-01
6.279296874999995559e-01	1.603998003352228863e-01
4.640624999999994893e-01	1.108010468543777632e-01
5.004882812499995559e-01	1.180195653726046623e-01
3.646484374999994227e-01	8.341767498242964873e-02
5.049804687499994671e-01	1.165919436585341057e-01
4.848632812499995559e-01	1.122361106973934625e-01
6.639648437499996447e-01	1.589590597637742242e-01
