3.793945312499994449e-01	1.606480771870376911e-01
4.155273437499994449e-01	1.677269776997458439e-01
4.585937499999995226e-01	1.841795139341141918e-01
6.502929687499996447e-01	2.743893347120739956e-01
6.229492187499996447e-01	2.497137601327781287e-01
4.701171874999995892e-01	1.669182881650007888e-01
3.372070312499994005e-01	1.147110827325140275e-01
7.655273437499997558e-01	3.008927037438684504e-01
3.410156249999993783e-01	1.104058828811559506e-01
6.358398437499996891e-01	2.244265771620299332e-01
5.122070312499995559e-01	1.658195058853727255e-01
3.804687499999994116e-01	1.187334755327611180e-01
7.486328124999996891e-01	2.564524420742011479e-01
4.774414062499995337e-01	1.449364028550417793e-01
3.986328124999994338e-01	1.154176922143059086e-01
3.562499999999994005e-01	1.008732598556067450e-01
2.279296874999993117e-01	7.102878104144050297e-02
5.413085937499996225e-01	1.562555727657450599e-01
4.003906249999994449e-01	1.093224787574124668e-01
4.741210937499995559e-01	1.282939571782903410e-01
5.113281249999994671e-01	1.400703781336304632e-01
1.399609375000001155e+00	5.423784376734794854e-01
3.866210937499994227e-01	1.011987011144137721e-01
9.950195312500000888e-01	3.160675064048272254e-01
4.577148437499994893e-01	1.175976322231975929e-01
5.429687499999995559e-01	1.401985747007455374e-01
4.316406249999994449e-01	1.078315118645641890e-01
4.154296874999994782e-01	1.008140542134308565e-01
3.533203124999994005e-01	8.604732817100002595e-02
5.026367187499996003e-01	1.197027775946873651e-01
4.690429687499995115e-01	1.106303919514131651e-01
5.917968749999996669e-01	1.428422565113341425e-01
4.568359374999995115e-01	1.043097216958242812e-01
4.601562499999995448e-01	1.048933951878616017e-01
5.415039062499996669e-01	1.227928562409968949e-01
