5.274414062499995781e-01	2.341329546472712964e-01
9.846679687499999556e-01	5.532577176061378443e-01
1.148535156250000355e+00	6.732448567110572712e-01
8.055664062499997558e-01	3.760078070669443662e-01
5.874999999999996891e-01	2.382572254627143282e-01
4.519531249999995115e-01	1.648491336929479856e-01
3.560546874999994116e-01	1.216140816985295525e-01
1.184960937500000311e+00	6.111391803631255337e-01
7.382812499999997780e-01	2.949126877354134590e-01
4.466796874999995337e-01	1.513631221537273530e-01
4.910156249999995115e-01	1.625860157871997225e-01
4.605468749999995781e-01	1.468367811086795927e-01
2.611328124999993672e-01	7.935153637012090644e-02
4.421874999999995115e-01	1.387502304576345991e-01
6.634765624999996447e-01	2.322002986776391109e-01
4.678710937499995781e-01	1.380287386828205343e-01
5.803710937499996225e-01	1.873831387147100458e-01
2.989257812499993561e-01	8.170785506826630518e-02
6.045898437499995781e-01	1.903721025671399891e-01
4.298828124999994338e-01	1.217124495667652462e-01
4.916015624999995337e-01	1.422085323382833444e-01
3.116210937499993561e-01	7.866305624210749581e-02
3.848632812499994671e-01	1.034935298276407761e-01
3.666992187499994449e-01	9.614793615233274693e-02
5.321289062499995337e-01	1.509175847202131326e-01
4.700195312499996225e-01	1.276192253092828521e-01
5.083007812499995559e-01	1.371768143151129993e-01
3.805664062499993783e-01	9.556051438363714901e-02
4.801757812499994893e-01	1.264547969533114380e-01
5.341796874999995559e-01	1.429131969613908204e-01
5.760742187499996447e-01	1.572082585464998628e-01
4.634765624999995226e-01	1.161041327764223419e-01
3.239257812499993783e-01	7.360168246890401444e-02
3.901367187499994449e-01	9.282787894401933748e-02
4.911132812499995337e-01	1.208785567468106115e-01
