6.877929687499997335e-01	3.468129214735854449e-01
3.544921874999993894e-01	1.482529316879209469e-01
4.310546874999994782e-01	1.782388926379576410e-01
3.823242187499994449e-01	1.462685178050356916e-01
4.810546874999995226e-01	1.880259094853372337e-01
4.095703124999994782e-01	1.493808316884677467e-01
5.934570312499997113e-01	2.272047652479424473e-01
3.086914062499993561e-01	1.057457945323067999e-01
4.391601562499994893e-01	1.488512676374207644e-01
1.675488281250001599e+00	9.118492952920669303e-01
4.271484374999994782e-01	1.378866441279169852e-01
4.186523437499994893e-01	1.344047692587683751e-01
1.447753906250001332e+00	6.544727729748929246e-01
5.914062499999996891e-01	1.932240434187930123e-01
4.200195312499995781e-01	1.283263267961189946e-01
7.894531249999998668e-01	2.604323362507126594e-01
3.374023437499994449e-01	1.028929385992884138e-01
4.847656249999995337e-01	1.412891556853529407e-01
3.466796874999994449e-01	1.013799292663303264e-01
4.270507812499995115e-01	1.215178301474926642e-01
3.206054687499994005e-01	9.354708701250324943e-02
9.156249999999999112e-01	2.872550612107455659e-01
3.374023437499994449e-01	9.097838956541347277e-02
5.532226562499996669e-01	1.471268118525317081e-01
4.681640624999995337e-01	1.242833788828131558e-01
5.510742187499996225e-01	1.412925064739953551e-01
6.624023437499996225e-01	1.731741332318331716e-01
2.348632812499993339e-01	6.628967237990872341e-02
4.241210937499995115e-01	1.062938767188684325e-01
6.336914062499997558e-01	1.614486644152023365e-01
3.456054687499994227e-01	8.629010314607797605e-02
5.795898437499995559e-01	1.387398637068426033e-01
6.465820312499996891e-01	1.576779662429514950e-01
4.379882812499995559e-01	1.020576983344326366e-01
4.139648437499994227e-01	9.638566961792753574e-02
