5.020507812499995781e-01	2.262973933441463359e-01
3.485351562499994227e-01	1.435596663123653582e-01
7.812499999999997780e-01	3.826916386073073162e-01
6.955078124999998224e-01	3.086660107412090848e-01
6.099609374999994671e-01	2.534213203352093102e-01
4.835937499999995448e-01	1.798597696861805872e-01
2.835937499999993672e-01	9.850872716189645883e-02
6.579101562499997113e-01	2.552528123885257627e-01
4.874999999999995448e-01	1.674879932320380849e-01
4.163085937499995115e-01	1.376069452628598255e-01
2.427734374999993561e-01	7.975305208098035226e-02
5.205078124999995559e-01	1.705514385326729609e-01
3.647460937499994449e-01	1.108541068382699613e-01
3.033203124999993561e-01	8.752443850084905275e-02
4.935546874999995892e-01	1.500574386603119315e-01
5.149414062499996225e-01	1.573901167936023748e-01
3.029296874999993783e-01	8.615643173178724745e-02
5.056640624999995115e-01	1.478121434245587562e-01
8.517578124999998224e-01	2.903403906390359945e-01
4.733398437499994893e-01	1.319200032668393363e-01
7.412109374999997780e-01	2.314294106495783654e-01
3.804687499999994116e-01	9.847097333307548717e-02
4.131835937499994671e-01	1.086197223202512718e-01
6.541992187499996447e-01	1.856853070729031219e-01
4.170898437499994671e-01	1.045905332478909017e-01
4.334960937499995337e-01	1.094159019879678146e-01
6.399414062499998446e-01	1.729321874131467818e-01
4.805664062499994671e-01	1.197608288422160744e-01
5.143554687499994893e-01	1.270162553290018481e-01
5.550781249999995337e-01	1.383841633662765691e-01
7.521484374999998224e-01	2.027354800230017073e-01
4.962890624999995448e-01	1.178104765497420270e-01
6.939453124999996891e-01	1.760553121530005483e-01
4.112304687499994671e-01	9.224084937925086658e-02
3.122070312499993783e-01	6.915667731363836501e-02
