7.394531249999998224e-01	3.786947195489208662e-01
6.088867187499995559e-01	2.779060334137197774e-01
6.331054687499996225e-01	2.714172559979914912e-01
5.144531249999995115e-01	2.062756213165070351e-01
6.834960937499997558e-01	2.773015125374584389e-01
3.833984374999994671e-01	1.423756325487045005e-01
3.682617187499994671e-01	1.290599108707036757e-01
3.124999999999114597e-03	nan
3.588867187499994449e-01	1.257812227141754946e-01
4.107421874999995226e-01	1.417289517114044273e-01
4.817382812499995115e-01	1.622338315093998229e-01
8.163085937499997558e-01	2.987261372805148363e-01
5.017578124999995115e-01	1.628054683738505704e-01
6.881835937499997113e-01	2.314249234733093685e-01
4.471679687499995337e-01	1.349924258255615905e-01
7.477539062499997113e-01	2.447022999103393437e-01
2.692382812499993783e-01	8.532947269511002852e-02
5.877929687499996447e-01	1.745226038077100639e-01
3.990234374999994671e-01	1.120250038914749890e-01
4.147460937499994893e-01	1.145970579249690063e-01
5.284179687499994671e-01	1.449120155989608583e-01
2.672851562499993783e-01	7.908347879272813186e-02
5.139648437499995115e-01	1.352019844332503218e-01
5.726562499999996447e-01	1.522178153734093653e-01
3.598632812499994449e-01	9.368723761624231372e-02
4.253906249999994671e-01	1.100420801105164853e-01
5.223632812499996447e-01	1.310846752156275552e-01
3.846679687499994227e-01	9.519307053873364566e-02
4.039062499999994671e-01	9.697158226520022350e-02
5.800781249999995559e-01	1.444328855387661814e-01
5.471679687499995115e-01	1.330251625739230503e-01
8.264648437499998446e-01	2.159724354269070834e-01
4.210937499999994893e-01	9.785429464857191284e-02
4.563476562499995115e-01	1.051761919132534057e-01
5.026367187499996003e-01	1.153421612431610732e-01
