7.752929687499997558e-01	3.776433126382198191e-01
5.035156249999995781e-01	2.079488117395554558e-01
7.359374999999998002e-01	3.212787126791353809e-01
3.981445312499994893e-01	1.507763343297781333e-01
6.453124999999997335e-01	2.545345595548756945e-01
4.111328124999995004e-01	1.515835327391186205e-01
1.458105468750001243e+00	7.056991091815854045e-01
4.438476562499995559e-01	1.565983799114436248e-01
2.197265624999992784e-01	8.495972910773547104e-02
3.796874999999994005e-01	1.309538780998043273e-01
6.950195312499998224e-01	2.404738165215629109e-01
6.473632812499996447e-01	2.155472156220478719e-01
4.675781249999995115e-01	1.471961653607932741e-01
3.250976562499994227e-01	1.065014518153567097e-01
3.364257812499994449e-01	1.087839028894268117e-01
4.654296874999995226e-01	1.383681195124145114e-01
7.815429687499997335e-01	2.429091266212506095e-01
8.291992187499998002e-01	2.527253917984733089e-01
5.869140624999997780e-01	1.693954371970435024e-01
4.521484374999995004e-01	1.285282288832843567e-01
4.159179687499994227e-01	1.148253901286286627e-01
5.325195312499996225e-01	1.457221395711634504e-01
2.378906249999993283e-01	7.847733047507497728e-02
4.183593749999995337e-01	1.133491472827127117e-01
4.063476562499994671e-01	1.092064840562158440e-01
4.948242187499996003e-01	1.285755973238389971e-01
4.538085937499994893e-01	1.160689676295832834e-01
6.235351562499996669e-01	1.541151082146302864e-01
3.125976562499993561e-01	8.491582442410473830e-02
6.106445312499996225e-01	1.484248452758775705e-01
5.208984374999996447e-01	1.266099721560380864e-01
4.376953124999994893e-01	1.059612149139090576e-01
5.095703124999995115e-01	1.213824066469670476e-01
4.591796874999995448e-01	1.087188485685329914e-01
4.703124999999995781e-01	1.094891821536510684e-01
