4.095703124999994782e-01	1.720236709566273225e-01
4.372070312499994893e-01	1.783758097660397279e-01
8.576171874999998224e-01	4.245875461405941853e-01
7.041015624999997780e-01	3.130872467784857061e-01
5.204101562499996447e-01	2.006960296873205041e-01
3.912109374999994671e-01	1.357766437240462143e-01
7.824218749999998224e-01	3.324771646560880090e-01
5.986328124999995559e-01	2.203330909929303860e-01
3.097656249999993783e-01	1.004797385512258417e-01
5.368164062499997113e-01	1.882906855598945328e-01
8.275390624999998668e-01	3.301897319014637788e-01
6.082031249999996225e-01	2.104811730223176136e-01
5.907226562499997558e-01	1.964740780094803296e-01
6.746093749999997335e-01	2.323170984779355519e-01
5.453124999999996447e-01	1.716319051006091612e-01
6.743164062499996669e-01	2.230907555735388847e-01
6.346679687499996447e-01	2.008959334247083506e-01
5.780273437499995337e-01	1.740362819836715758e-01
5.889648437499996891e-01	1.756681995734949153e-01
5.610351562499995559e-01	1.636137900203465945e-01
6.224609374999996447e-01	1.847841843855807242e-01
4.417968749999995337e-01	1.170905310724755372e-01
3.987304687499994005e-01	1.032848598149283953e-01
4.637695312499995337e-01	1.207818787610630135e-01
5.389648437499996447e-01	1.440483216807978417e-01
7.187499999999997780e-01	2.121786388468537565e-01
5.559570312499996225e-01	1.474601044276163675e-01
3.418945312499994671e-01	7.988636389262437909e-02
4.585937499999995226e-01	1.121547305946127976e-01
4.363281249999995115e-01	1.047638795766836495e-01
4.489257812499994893e-01	1.071354897650162591e-01
1.220605468750000533e+00	4.417824147514117228e-01
3.964843749999994449e-01	9.139286512174861488e-02
5.847656249999996225e-01	1.472806732076722691e-01
3.120117187499993339e-01	6.815610747049524742e-02
