7.167968749999997780e-01	3.318115059491389407e-01
3.287109374999994116e-01	1.251761528865995565e-01
1.483984375000001243e+00	9.268287911730485051e-01
3.604492187499994671e-01	1.345112525999351549e-01
5.405273437499996669e-01	2.038910063466210787e-01
7.156249999999997335e-01	2.844647199670802817e-01
2.466796874999993561e-01	8.840443477067208566e-02
5.291015624999995115e-01	1.865440684903908186e-01
4.041015624999994560e-01	1.345626094151935459e-01
4.082031249999994449e-01	1.319217075543789031e-01
4.284179687499994893e-01	1.342890212488822566e-01
6.168945312499997113e-01	2.058977044142006885e-01
6.503906249999996669e-01	2.160956131146538339e-01
4.220703124999994893e-01	1.261175392987701482e-01
7.624999999999997335e-01	2.557480960288145977e-01
3.314453124999993672e-01	9.309656146398651022e-02
4.610351562499995781e-01	1.308695475523837803e-01
3.447265624999994449e-01	9.434048698271438327e-02
3.169921874999994116e-01	8.652002621525012316e-02
4.946289062499995559e-01	1.363063625739887597e-01
3.683593749999994893e-01	9.677944424004092383e-02
4.936523437499995559e-01	1.308751083104687796e-01
3.954101562499995337e-01	1.027443035987638115e-01
5.198242187499996225e-01	1.378503020766736753e-01
5.797851562499996003e-01	1.549250951935144116e-01
7.451171874999997780e-01	2.118463931665728883e-01
4.800781249999994671e-01	1.201744249681265392e-01
5.603515624999995115e-01	1.420757009569234008e-01
3.713867187499994005e-01	8.717936016663356547e-02
5.224609374999995559e-01	1.274279896387245925e-01
4.402343749999995115e-01	1.024503461215592048e-01
4.084960937499995115e-01	9.198485865979275089e-02
4.261718749999995337e-01	9.727399699471621364e-02
2.547851562499993117e-01	5.850788386015755294e-02
3.495117187499994227e-01	7.698971794096885757e-02
