2.804687499999993228e-01	1.219625860263017780e-01
4.812499999999995115e-01	2.073188465691172822e-01
4.351562499999995226e-01	1.807348529523958025e-01
4.844726562499995781e-01	1.938545097238488502e-01
7.441406249999997780e-01	3.292557174999041769e-01
3.756835937499994893e-01	1.380521496606534337e-01
3.538085937499994005e-01	1.266897381855688343e-01
6.510742187499997113e-01	2.505389903161924225e-01
7.086914062499997113e-01	2.682046056378001309e-01
6.621093749999996669e-01	2.360387698219045816e-01
3.915039062499994227e-01	1.248723437013859600e-01
6.300781249999996003e-01	2.123963167110805017e-01
4.596679687499994893e-01	1.430923588166021498e-01
3.895507812499994227e-01	1.191338520602728268e-01
4.714843749999995115e-01	1.425166582621964495e-01
4.578124999999995115e-01	1.324498602216243603e-01
5.019531249999995559e-01	1.470017660478111776e-01
4.386718749999994893e-01	1.214033003755595336e-01
5.100585937499994005e-01	1.440940525417448714e-01
5.368164062499997113e-01	1.503253588189921719e-01
8.776367187499998224e-01	2.785122574268058537e-01
2.859374999999994005e-01	7.973400030109577263e-02
6.057617187499996225e-01	1.659421771117420841e-01
4.290039062499995115e-01	1.101960463260596712e-01
5.489257812499995781e-01	1.413133762411275252e-01
4.374999999999995004e-01	1.078599329108917704e-01
7.097656249999996225e-01	1.926224519347252140e-01
5.612304687499994893e-01	1.409077122838318374e-01
5.159179687499995115e-01	1.260301721145146714e-01
3.803710937499994449e-01	9.013151745979042229e-02
7.229492187499997335e-01	1.823702846964172508e-01
6.360351562499997335e-01	1.543506225797610099e-01
5.569335937499996225e-01	1.304336286123146393e-01
3.223632812499994671e-01	7.472908855114111792e-02
5.119140624999996003e-01	1.159879117578733326e-01
