3.330078124999993894e-01	1.397851973261104441e-01
3.479492187499994005e-01	1.388706075218007485e-01
4.958007812499996003e-01	1.951571639562917071e-01
6.480468749999996891e-01	2.636769891991351811e-01
4.858398437499995559e-01	1.825653350046921308e-01
6.235351562499996669e-01	2.273987469239863446e-01
3.710937499999994449e-01	1.317078973478974790e-01
6.467773437499996225e-01	2.343408179611474185e-01
3.110351562499994449e-01	1.068218509337485883e-01
7.107421874999997335e-01	2.470249127925437105e-01
1.941406249999992895e-01	7.990076806317829294e-02
2.780273437499993783e-01	9.325177211526389232e-02
4.017578124999994782e-01	1.234243623954721092e-01
6.410156249999997558e-01	2.023754208811444077e-01
1.357421874999992228e-01	6.447290314210095408e-02
5.707031249999996447e-01	1.719898269270958291e-01
5.795898437499995559e-01	1.687127909385048308e-01
4.143554687499994005e-01	1.182224295208079978e-01
5.208007812499996225e-01	1.479822900740650482e-01
2.896484374999993561e-01	8.396038193433980057e-02
8.324218749999998668e-01	2.468606095966436043e-01
4.989257812499995337e-01	1.330180578692834736e-01
4.744140624999995115e-01	1.222336436947154548e-01
5.112304687499994449e-01	1.341042858679694361e-01
5.734374999999996003e-01	1.480120662309099555e-01
3.322265624999993783e-01	8.984301521150334091e-02
4.761718749999995781e-01	1.199693448792352041e-01
5.858398437499996447e-01	1.441839736578015285e-01
4.419921874999995226e-01	1.079426821026666650e-01
6.124023437499995781e-01	1.494076823972700085e-01
5.495117187499996003e-01	1.299425513618470696e-01
3.668945312499994893e-01	8.953988038104748748e-02
7.964843749999998002e-01	1.949806153510271756e-01
5.325195312499996225e-01	1.226772105634850729e-01
3.201171874999994560e-01	7.947701664940096111e-02
