3.238281249999993561e-01	1.275767966590962421e-01
2.577148437499993117e-01	1.008332780652809457e-01
6.146484374999996447e-01	2.632026420821863000e-01
3.769531249999994449e-01	1.367427339293653121e-01
3.065429687499993117e-01	1.088355970685899732e-01
4.564453124999994782e-01	1.654530131996769238e-01
7.131835937499996225e-01	2.866166392361148008e-01
7.675781249999997780e-01	3.108163012440504636e-01
4.139648437499994227e-01	1.360800734971163439e-01
3.307617187499993783e-01	1.021225560621987216e-01
8.470703124999998668e-01	3.329170221290262410e-01
7.031249999999997780e-01	2.493834469658610109e-01
4.143554687499994005e-01	1.266343006889999179e-01
5.145507812499995337e-01	1.572941149984127540e-01
2.901367187499993561e-01	8.534679622669356924e-02
3.210937499999994005e-01	9.247284570382149904e-02
4.748046874999995448e-01	1.375012694953450521e-01
5.702148437499996447e-01	1.703143821491401033e-01
4.121093749999994449e-01	1.131795320328103649e-01
5.799804687499995337e-01	1.681583891019970411e-01
4.713867187499994893e-01	1.278980963424192208e-01
4.346679687499994671e-01	1.145362325642632351e-01
5.440429687499995781e-01	1.466421279382155995e-01
5.529296874999996003e-01	1.482553275685556948e-01
7.620117187499997335e-01	2.210966123930775684e-01
4.680664062499995115e-01	1.170924310519655676e-01
5.741210937499995337e-01	1.489110735057761203e-01
8.287109374999996891e-01	2.388760653644868004e-01
3.908203124999994338e-01	9.378606663408757538e-02
5.746093749999996447e-01	1.409775119072542438e-01
4.645507812499994893e-01	1.101697887691078237e-01
5.520507812499996225e-01	1.330413512823396538e-01
2.875976562499993339e-01	6.579836748248615863e-02
4.828124999999995337e-01	1.101948614839580870e-01
5.345703124999996447e-01	1.230749722296238663e-01
