1.310253906250000711e+00	9.087854720370890371e-01
7.374023437499998002e-01	3.684577700901818798e-01
4.069335937499994893e-01	1.703063095715681430e-01
6.132812499999995559e-01	2.656747076513581995e-01
6.611328124999995559e-01	2.843943171642886458e-01
9.593749999999998668e-01	4.430171495459508946e-01
6.119140624999996891e-01	2.404365579220437421e-01
5.777343749999995781e-01	2.122527040299009293e-01
6.422851562499997113e-01	2.361858041653460138e-01
9.028320312500000000e-01	3.659290457802130136e-01
5.814453124999996447e-01	1.993332674971761143e-01
4.575195312499995559e-01	1.461455935169374831e-01
7.547851562499997558e-01	2.695674341929267248e-01
8.297851562499998224e-01	2.995878957664774855e-01
3.719726562499994227e-01	1.106428968953991343e-01
5.400390624999997780e-01	1.648902241440797500e-01
4.628906249999995559e-01	1.343436452852657947e-01
7.535156249999998002e-01	2.429595020940795158e-01
5.606445312499995781e-01	1.646814140239283852e-01
7.258789062499998446e-01	2.248729946286728010e-01
4.279296874999994893e-01	1.163445697798802941e-01
5.215820312499996891e-01	1.385809185480313399e-01
4.060546874999994560e-01	1.059111427405964589e-01
4.763671874999995670e-01	1.240841419562414144e-01
5.362304687499995781e-01	1.414998263354732833e-01
4.624023437499995559e-01	1.174503396360908059e-01
4.443359374999995559e-01	1.117400315558125939e-01
5.684570312499996891e-01	1.479022503025817503e-01
4.671874999999995337e-01	1.142878452673372625e-01
4.475585937499995115e-01	1.089232193623838330e-01
4.805664062499994671e-01	1.137848562562188970e-01
4.300781249999994227e-01	1.017294986849184985e-01
3.486328124999993894e-01	7.961660188276867278e-02
3.722656249999994893e-01	8.434646127281893169e-02
5.957031249999996669e-01	1.437791491600890759e-01
