7.811523437499997558e-01	4.607947915566373287e-01
3.578124999999994227e-01	1.575983331304659785e-01
4.736328124999995004e-01	2.062732373340007419e-01
8.762695312499999556e-01	4.540081698958388090e-01
5.270507812499996003e-01	2.253143242757943421e-01
1.881835937499992950e-01	7.522849000688867915e-02
5.067382812499995337e-01	2.019632523188671092e-01
8.751953124999998224e-01	3.857061066075762601e-01
6.292968749999996447e-01	2.450276186007986079e-01
7.861328124999997780e-01	3.028436438270314945e-01
4.199218749999995559e-01	1.491714075357629954e-01
5.280273437499994893e-01	1.856356720577308772e-01
6.060546874999996891e-01	2.115954405501662416e-01
5.487304687499995337e-01	1.806890277312871718e-01
1.196289062500000666e+00	4.553253936221596243e-01
4.743164062499994893e-01	1.517523990393368494e-01
5.186523437499995781e-01	1.619485731511486892e-01
7.610351562499997335e-01	2.398607371205090932e-01
4.879882812499996003e-01	1.503961000374036405e-01
5.196289062499995781e-01	1.504244407484295887e-01
3.702148437499994671e-01	1.135104650807281790e-01
4.284179687499994893e-01	1.265932210965069471e-01
4.805664062499994671e-01	1.323366826414085762e-01
4.009765624999994671e-01	1.103367828900162079e-01
5.049804687499994671e-01	1.356694726996127698e-01
7.521484374999998224e-01	2.041043440328063063e-01
5.704101562499996891e-01	1.494132875398848925e-01
5.020507812499995781e-01	1.295801844458568386e-01
4.410156249999994671e-01	1.158204121170421930e-01
5.598632812499995115e-01	1.428091652120156707e-01
4.368164062499995115e-01	1.128608030426785092e-01
4.065429687499994005e-01	1.002441857667016462e-01
3.656249999999994227e-01	9.459217629060508170e-02
5.854492187499996669e-01	1.383740584530346596e-01
7.688476562499998446e-01	1.795296925597608118e-01
