1.000195312500000044e+00	5.698808658426610663e-01
1.393457031250000977e+00	8.907504305011352264e-01
5.239257812499995559e-01	2.206602279629830132e-01
4.028320312499994449e-01	1.526793065746074873e-01
2.412109374999993339e-01	9.272232300675210814e-02
4.585937499999995226e-01	1.702348398365676474e-01
4.279296874999994893e-01	1.539376736286363345e-01
3.541992187499993783e-01	1.214808721212315978e-01
6.089843749999995781e-01	2.266276467289256025e-01
9.188476562499999778e-01	3.830763065075608598e-01
7.073242187499997335e-01	2.586084748181058934e-01
3.714843749999994227e-01	1.179908763308962077e-01
6.835937499999997780e-01	2.385223050787158849e-01
4.029296874999994671e-01	1.192382728035834977e-01
1.130273437500000089e+00	4.568747312038400343e-01
4.115234374999994782e-01	1.211495374721706514e-01
3.619140624999994116e-01	1.057653671311336169e-01
2.799804687499992673e-01	8.194961204328973792e-02
4.754882812499995337e-01	1.354315405694420937e-01
3.680664062499994227e-01	1.011729729607959843e-01
5.672851562499996447e-01	1.627688279668263460e-01
7.442382812499998002e-01	2.281576442207574884e-01
6.831054687499996669e-01	1.994963927731610021e-01
4.911132812499995337e-01	1.313636784636036392e-01
5.818359374999995115e-01	1.571169366250706190e-01
4.420898437499994893e-01	1.143136183508709353e-01
7.714843749999998890e-01	2.191818156236496062e-01
4.897460937499995559e-01	1.236774289137959060e-01
5.180664062499996669e-01	1.276358712218964020e-01
3.415039062499993783e-01	8.126887723741983705e-02
3.832031249999994227e-01	9.024278574712754630e-02
3.686523437499994449e-01	8.428527762270640600e-02
5.096679687499994227e-01	1.222485361996406977e-01
3.812499999999994227e-01	8.707535596745595574e-02
3.077148437499993561e-01	7.065515613084344393e-02
