3.282226562499993561e-01	1.318493004150709524e-01
4.648437499999995004e-01	1.954113361010628158e-01
4.237304687499994227e-01	1.645027623464989652e-01
5.740234374999995115e-01	2.298219237077541721e-01
1.931640624999992895e-01	8.204448612012051056e-02
3.110351562499994449e-01	1.108345337431174554e-01
4.879882812499996003e-01	1.764779123935909799e-01
3.939453124999994782e-01	1.339286482494183861e-01
4.570312499999995004e-01	1.517220106180792727e-01
5.597656249999994893e-01	1.938463516662554675e-01
1.201367187500000488e+00	5.375386465410565417e-01
6.208984374999997335e-01	2.080041013538229955e-01
4.331054687499994449e-01	1.322038492236785601e-01
5.538085937499995781e-01	1.738182030855877080e-01
4.889648437499994893e-01	1.432212679961805679e-01
4.832031249999995115e-01	1.402890929490779037e-01
3.696289062499994449e-01	1.053136275302673092e-01
4.795898437499994671e-01	1.352283894957565236e-01
5.456054687499996003e-01	1.529858925891613985e-01
3.991210937499994893e-01	1.075583411119596239e-01
4.716796874999995559e-01	1.266568004390092039e-01
3.977539062499995115e-01	1.050632120367500366e-01
5.173828124999995115e-01	1.347415527849383232e-01
3.158203124999993672e-01	8.056436868415300934e-02
4.166015624999994671e-01	1.047274309237821166e-01
5.969726562499996225e-01	1.544062499659246412e-01
4.973632812499996225e-01	1.238514790649712233e-01
4.456054687499995115e-01	1.073808602999849066e-01
4.840820312499996003e-01	1.143608614254859462e-01
5.440429687499995781e-01	1.312149261038498271e-01
2.208007812499993006e-01	5.932995242260485219e-02
4.284179687499994893e-01	9.869376572883632737e-02
4.298828124999994338e-01	9.769669897832140848e-02
5.576171874999995559e-01	1.292539089798092067e-01
4.594726562499995559e-01	1.028991954492911587e-01
