5.127929687499994671e-01	1.192781933392405014e-01
5.694335937499995781e-01	1.282709525667335704e-01
5.124023437499994893e-01	1.099598382200997343e-01
5.028320312499996447e-01	1.038260444126605647e-01
5.215820312499996891e-01	1.067623810779195909e-01
4.277343749999994449e-01	7.947494007632291413e-02
4.896484374999995337e-01	8.969162401322300360e-02
3.773437499999994227e-01	6.777651516125622611e-02
5.444335937499996669e-01	1.050591167606756693e-01
4.012695312499995337e-01	6.860789326175022185e-02
4.569335937499995337e-01	7.943530787919275693e-02
3.873046874999994671e-01	6.368853487584866246e-02
6.070312499999996891e-01	1.156781877642635431e-01
5.862304687499996225e-01	1.057596709770006194e-01
5.372070312499996891e-01	8.982821868090731798e-02
5.722656249999996669e-01	9.827219312835051845e-02
3.506835937499994671e-01	5.222744122538704875e-02
7.259765624999998668e-01	1.498199067816319285e-01
5.697265624999996447e-01	9.230362432041740173e-02
4.804687499999995004e-01	7.085734577682868685e-02
5.207031249999996003e-01	8.015175858988893287e-02
4.295898437499994227e-01	5.969022019635446263e-02
4.968749999999995670e-01	7.141930956248904172e-02
5.301757812499995337e-01	7.887053961864635976e-02
3.783203124999994227e-01	4.883739487554845243e-02
5.429687499999995559e-01	7.977038123798861624e-02
5.234374999999995559e-01	7.418600672951161656e-02
4.809570312499995559e-01	6.291821753937916484e-02
5.557617187499995781e-01	7.999077378386508508e-02
5.068359374999995559e-01	6.718252035719837756e-02
4.612304687499995115e-01	5.842092047354207479e-02
5.168945312499996225e-01	6.615133535257607111e-02
6.939453124999996891e-01	1.149037774521588506e-01
5.080078124999996003e-01	6.503490867074926407e-02
4.699218749999996003e-01	5.687070462647926539e-02
