2.968749999999993894e-01	1.309612628977847026e-01
2.041015624999992784e-01	8.708424282792308346e-02
1.283984375000000622e+00	8.953337479493149731e-01
9.758789062500000666e-01	5.523759518107418387e-01
4.605468749999995781e-01	2.009028313817395883e-01
3.264648437499994005e-01	1.327463383701478483e-01
3.196289062499994005e-01	1.208580402826770622e-01
4.999999999999995559e-01	1.970859839028087368e-01
2.673828124999993450e-01	9.737098913153179047e-02
3.790039062499994671e-01	1.327823420200683613e-01
6.719726562499998002e-01	2.521161332363317520e-01
6.791992187499996669e-01	2.524624771356049902e-01
5.951171874999996447e-01	2.075715677234672152e-01
4.820312499999995226e-01	1.641285951661016485e-01
4.508789062499994893e-01	1.479976193074644397e-01
3.312499999999993783e-01	1.073429920907695428e-01
5.620117187499995559e-01	1.789382646220047945e-01
3.699218749999995115e-01	1.109274555601195422e-01
4.736328124999995004e-01	1.433017227485186285e-01
2.961914062499994005e-01	9.754995071673064344e-02
4.773437499999995115e-01	1.417168520939671716e-01
3.871093749999994227e-01	1.148167801214652339e-01
1.731445312499992617e-01	6.338733375105735923e-02
3.706054687499994449e-01	1.082765467046683666e-01
3.903320312499994893e-01	1.092664105793355878e-01
7.845703124999998668e-01	2.174931366796264143e-01
4.976562499999995781e-01	1.311510363950256219e-01
7.666015624999997780e-01	2.075266555316397366e-01
4.657226562499995337e-01	1.216615462580900586e-01
4.452148437499995337e-01	1.172458038600284469e-01
5.581054687499995559e-01	1.418233895883836415e-01
2.029296874999992895e-01	6.655460295593879083e-02
3.070312499999993672e-01	8.588214092996221405e-02
5.167968749999996003e-01	1.252858086508642499e-01
3.990234374999994671e-01	1.002606528283887938e-01
