4.603515624999995337e-01	2.082545315605134617e-01
6.717773437499997558e-01	3.263857458018539215e-01
4.722656249999995781e-01	1.999783829575512706e-01
4.397460937499995115e-01	1.774628372003013155e-01
5.646484374999996003e-01	2.365722101045490688e-01
3.448242187499994671e-01	1.239796045336036545e-01
4.905273437499995115e-01	1.863735791040876666e-01
1.129687500000000178e+00	6.014544227507579999e-01
6.027343749999997113e-01	2.330329922370313889e-01
5.850585937499995781e-01	2.188875900846578015e-01
4.188476562499995337e-01	1.334851951123756097e-01
9.817382812499999556e-01	4.377496579433361457e-01
1.345800781250000799e+00	6.794572206360530719e-01
2.805664062499992895e-01	8.331088496269295485e-02
4.541992187499994671e-01	1.401367316256242890e-01
3.381835937499994005e-01	9.667692508485213609e-02
4.887695312499995559e-01	1.525397196305845748e-01
6.691406249999997113e-01	2.212212725125224377e-01
3.615234374999994338e-01	1.023588882074449175e-01
6.570312499999997335e-01	2.135347629774860811e-01
6.756835937499997558e-01	2.156411180695975705e-01
4.015624999999994893e-01	1.087636370228370619e-01
2.759765624999993561e-01	7.260179696281701678e-02
6.676757812499997113e-01	2.014346755454431426e-01
3.619140624999994116e-01	9.199045673184580441e-02
4.453124999999995559e-01	1.187635456184957805e-01
4.179687499999995004e-01	1.074201674041347504e-01
5.369140624999997335e-01	1.445444708376105447e-01
6.350585937499996225e-01	1.795330263698979578e-01
3.895507812499994227e-01	9.562910524534928847e-02
3.780273437499994671e-01	9.132214746045461129e-02
3.829101562499994671e-01	9.074890994052212112e-02
4.603515624999995337e-01	1.132427572958367157e-01
5.661132812499996003e-01	1.479452502768032751e-01
4.898437499999995226e-01	1.194743596583699025e-01
