8.925781249999998890e-01	5.279105325255910586e-01
3.104492187499994227e-01	1.308857276598359709e-01
4.755859374999995559e-01	2.027500010122627316e-01
2.486328124999993561e-01	9.899640071397862451e-02
6.505859374999996003e-01	2.740541296340058830e-01
4.683593749999995781e-01	1.821659078688853683e-01
4.601562499999995448e-01	1.750693084274308198e-01
5.504882812499996003e-01	2.080323305393501909e-01
4.837890624999995337e-01	1.748674085004796319e-01
4.244140624999994671e-01	1.442776789964136108e-01
6.673828124999996447e-01	2.365933574422651453e-01
3.183593749999994449e-01	1.093216247250491102e-01
7.367187499999998668e-01	2.572776847191028948e-01
4.211914062499995115e-01	1.372693262956980742e-01
5.575195312499996447e-01	1.797202331820595411e-01
8.859374999999999334e-01	2.897072142982552445e-01
2.522460937499992895e-01	8.676928355072448251e-02
5.206054687499995781e-01	1.581802112149166550e-01
3.482421874999994116e-01	1.094613165184519649e-01
3.822265624999994227e-01	1.119013612466553398e-01
4.222656249999995337e-01	1.194329483173049850e-01
7.284179687499996447e-01	2.044829277392075650e-01
7.202148437499997780e-01	2.055275398982694124e-01
4.312499999999994671e-01	1.200351883361729793e-01
3.691406249999994449e-01	1.046158432835091051e-01
3.511718749999994671e-01	9.790334332592581790e-02
3.371093749999993783e-01	9.303275770338867434e-02
5.496093749999996225e-01	1.429216555015403733e-01
4.343749999999995115e-01	1.107573986354165874e-01
8.275390624999998668e-01	2.128161332889512425e-01
3.396484374999994005e-01	9.200118918081481856e-02
6.406249999999997780e-01	1.580200249176517135e-01
4.672851562499995559e-01	1.153628422957909128e-01
2.708984374999993672e-01	7.652638953250852361e-02
4.175781249999994671e-01	1.005263011546715518e-01
