5.843749999999996447e-01	2.786046441086679204e-01
5.691406249999996225e-01	2.610627009261790588e-01
5.244140624999995559e-01	2.204112679152218923e-01
5.975585937499995337e-01	2.500976767387491084e-01
5.778320312499996003e-01	2.313890134569427104e-01
4.559570312499995337e-01	1.641558888533073413e-01
2.560546874999993228e-01	9.272669340322932385e-02
5.126953124999995559e-01	1.804480804921765602e-01
3.423828124999994116e-01	1.149607186997118335e-01
3.895507812499994227e-01	1.253836536094745102e-01
4.367187499999994893e-01	1.411616765981117405e-01
4.420898437499994893e-01	1.428935238532220708e-01
4.166992187499994893e-01	1.321720406990649910e-01
2.404296874999993228e-01	7.907502644730976527e-02
4.018554687499994449e-01	1.173338653481661997e-01
4.207031249999995115e-01	1.226472870232110102e-01
6.740234374999996003e-01	2.104620601442545869e-01
3.621093749999994005e-01	1.034090704741947170e-01
8.527343749999999334e-01	2.748293191494574628e-01
4.372070312499994893e-01	1.224924996334541133e-01
2.874023437499994005e-01	8.138868943630460373e-02
4.639648437499994671e-01	1.225156930691767843e-01
4.081054687499994227e-01	1.063126221109198383e-01
2.810546874999993450e-01	7.532022365004405196e-02
4.879882812499996003e-01	1.257407175532209986e-01
5.320312499999995115e-01	1.355311379458089827e-01
7.634765624999997335e-01	2.078925839681045606e-01
4.564453124999994782e-01	1.122862201727479331e-01
4.416015624999994893e-01	1.081937445625123229e-01
4.296874999999994449e-01	1.030734668106467189e-01
4.084960937499995115e-01	9.653965878619370777e-02
3.145507812499993561e-01	7.454748585122469851e-02
4.227539062499995337e-01	9.700801958942995018e-02
4.994140624999995337e-01	1.137591143706337682e-01
5.303710937499995781e-01	1.214618663890123795e-01
