3.076171874999993894e-01	1.279352141934709530e-01
3.552734374999994005e-01	1.463737088704490097e-01
3.935546874999995004e-01	1.496600412367394550e-01
3.141601562499993783e-01	1.144038006445576156e-01
4.800781249999994671e-01	1.777893846419740242e-01
3.800781249999993783e-01	1.355627224684503862e-01
5.547851562499995781e-01	2.049312868101763885e-01
4.787109374999995448e-01	1.674432294235737029e-01
1.124218750000000044e+00	4.933109898795991488e-01
3.944335937499995337e-01	1.317417868967823980e-01
2.891601562499993561e-01	9.860153852058216317e-02
3.618164062499994449e-01	1.153217374352283470e-01
5.872070312499997335e-01	1.915854519073198203e-01
4.748046874999995448e-01	1.496443068081959316e-01
3.691406249999994449e-01	1.131872749856428079e-01
5.420898437499995781e-01	1.594076045847825640e-01
4.849609374999995781e-01	1.425485906271391490e-01
8.552734374999997335e-01	2.696139568890550398e-01
4.951171874999996114e-01	1.418924670410893485e-01
4.744140624999995115e-01	1.294110261339957990e-01
2.972656249999994227e-01	8.512383693969288734e-02
4.758789062499995115e-01	1.258564972974776930e-01
7.249999999999997558e-01	1.999447574131730798e-01
4.009765624999994671e-01	1.059063088038261075e-01
7.675781249999997780e-01	2.093528424991068226e-01
4.414062499999995004e-01	1.150144591507007708e-01
4.525390624999994782e-01	1.152990985084748621e-01
2.314453124999993339e-01	7.113759673477340617e-02
6.335937499999997335e-01	1.525488920156173323e-01
4.546874999999994671e-01	1.112623288077638911e-01
6.075195312499996891e-01	1.475806268799599030e-01
2.949218749999994449e-01	7.910741868223578055e-02
5.129882812499995115e-01	1.209768489600356739e-01
4.163085937499995115e-01	9.856264586445485920e-02
4.663085937499995559e-01	1.087090872952257842e-01
