6.715820312499998224e-01	3.057884065175510147e-01
5.355468749999996447e-01	2.210932727181333657e-01
6.550781249999996225e-01	2.735447457778599767e-01
1.044824218750000089e+00	4.851150751448636278e-01
4.176757812499994893e-01	1.539553558201169625e-01
4.263671874999995226e-01	1.513152763722381833e-01
3.293945312499994005e-01	1.167675372727653704e-01
4.483398437499994671e-01	1.548375190082581787e-01
5.150390624999996447e-01	1.729065289142950324e-01
7.824218749999998224e-01	2.766432586733258980e-01
6.439453124999996447e-01	2.138162086508492987e-01
4.888671874999995226e-01	1.536823993759601770e-01
9.072265625000000000e-01	3.139836589902456621e-01
2.872070312499993561e-01	9.324950114091400122e-02
7.644531249999997335e-01	2.429683368329355608e-01
3.283203124999993783e-01	1.008153510651131485e-01
4.244140624999994671e-01	1.236846895321331019e-01
7.187499999999997780e-01	2.099959013584201672e-01
4.006835937499995115e-01	1.124421154522545208e-01
3.259765624999994005e-01	9.466069308608549004e-02
4.430664062499994893e-01	1.201313333597252564e-01
6.338867187499996891e-01	1.686623027062388591e-01
5.064453124999994671e-01	1.317358788954537951e-01
5.198242187499996225e-01	1.352219374208594171e-01
2.976562499999994005e-01	8.162781944089929353e-02
2.432617187499993283e-01	7.097097761654366788e-02
4.206054687499994893e-01	1.049190472679922964e-01
4.408203124999994782e-01	1.091738757441124280e-01
4.447265624999995337e-01	1.081862207870773751e-01
7.507812499999997335e-01	1.847107293085093471e-01
4.035156249999994893e-01	9.760777553455982081e-02
4.925781249999995337e-01	1.116282045059284744e-01
3.937499999999994893e-01	8.887836384099519205e-02
3.418945312499994671e-01	8.011383289724326173e-02
3.741210937499994671e-01	8.524105130500812810e-02
