4.913085937499995781e-01	2.203153975225899119e-01
3.342773437499994005e-01	1.377776646191722909e-01
8.645507812499998446e-01	4.385885641286150771e-01
5.083007812499995559e-01	2.053172043743024533e-01
4.967773437499996003e-01	1.917247874952357212e-01
5.042968749999995337e-01	1.921580522870367236e-01
5.289062499999994671e-01	1.985378519824283483e-01
4.586914062499994893e-01	1.637890355986948154e-01
6.492187499999997335e-01	2.475558085700682309e-01
6.287109374999995115e-01	2.346348708954729967e-01
3.391601562499994005e-01	1.078377485895702370e-01
3.333007812499994005e-01	1.033406560879222558e-01
3.163085937499994227e-01	9.642574928836639137e-02
1.344921875000000711e+00	6.748036642625310222e-01
5.218749999999996447e-01	1.666680817949553195e-01
5.186523437499995781e-01	1.646022449485347317e-01
4.012695312499995337e-01	1.176024626644048554e-01
3.912109374999994671e-01	1.098074790978633281e-01
6.112304687499995337e-01	1.940330115090524443e-01
4.373046874999995115e-01	1.235927063176291280e-01
4.411132812499994893e-01	1.245445794313526505e-01
3.997070312499995115e-01	1.088737279862039831e-01
4.251953124999994782e-01	1.151302064538986536e-01
4.881835937499995337e-01	1.357673087176108073e-01
3.721679687499994671e-01	9.590717680495208786e-02
5.744140624999996003e-01	1.603600218499228736e-01
5.624999999999995559e-01	1.559317349110365403e-01
6.378906249999997113e-01	1.837521423240253970e-01
4.758789062499995115e-01	1.213575850083392915e-01
4.820312499999995226e-01	1.232318867780339694e-01
6.053710937499995337e-01	1.640804472632972910e-01
3.690429687499994227e-01	8.660387776528861992e-02
4.192382812499995115e-01	1.006271188837675745e-01
5.188476562499996225e-01	1.299669520577178827e-01
3.122070312499993783e-01	7.026806811691030386e-02
