5.055664062499994893e-01	2.205503380584765416e-01
3.846679687499994227e-01	1.541853485407657376e-01
8.315429687499997780e-01	4.074237881106374526e-01
3.111328124999994116e-01	1.152932968030581096e-01
5.083007812499995559e-01	1.932739713182576036e-01
2.856445312499994449e-01	1.003582549843736460e-01
4.840820312499996003e-01	1.713530123130516392e-01
2.701171874999994116e-01	9.033039996199167254e-02
6.345703124999997335e-01	2.381977057203449599e-01
3.213867187499993561e-01	1.039158571559708616e-01
5.503906249999995781e-01	1.892354090579924930e-01
2.170898437499993172e-01	6.818720516252536890e-02
4.289062499999994893e-01	1.320117176458647512e-01
9.567382812499999334e-01	3.863838273226685716e-01
3.049804687499992895e-01	8.940489277729757323e-02
3.281249999999993894e-01	9.515076963791758990e-02
5.086914062499995337e-01	1.529962034371733226e-01
4.105468749999995337e-01	1.162128794349750194e-01
5.750976562499996447e-01	1.734486115814151685e-01
8.974609374999997780e-01	3.151011571930945609e-01
3.916992187499994671e-01	1.053432785685991108e-01
3.376953124999994005e-01	8.798669723685373367e-02
4.794921874999995004e-01	1.298591626238633223e-01
4.115234374999994782e-01	1.042212131672630576e-01
5.961914062499996669e-01	1.648090486728384652e-01
4.612304687499995115e-01	1.182674641209990885e-01
4.142578124999994338e-01	1.025144850964849752e-01
3.636718749999994227e-01	8.893425309986845162e-02
4.972656249999996003e-01	1.238841540421185133e-01
6.647460937499997113e-01	1.804408343030783901e-01
4.715820312499995337e-01	1.137428989041480709e-01
4.374023437499995337e-01	1.016885702956249471e-01
5.090820312499995115e-01	1.217202447410855454e-01
7.157226562499997558e-01	1.881490188549280185e-01
3.070312499999993672e-01	6.800109066117369927e-02
