8.137695312499998446e-01	4.727731695147346924e-01
2.444335937499993172e-01	1.004133665964797029e-01
5.735351562499996225e-01	2.644592748455763531e-01
6.278320312499996447e-01	2.923807591104473635e-01
2.972656249999994227e-01	1.107155009570615911e-01
3.696289062499994449e-01	1.410017079112127203e-01
5.371093749999996669e-01	2.185394285445260709e-01
5.501953124999996447e-01	2.203324257490244797e-01
3.653320312499994671e-01	1.246246382942600012e-01
6.839843749999997558e-01	2.815904620560998328e-01
4.216796874999995115e-01	1.425580757256984799e-01
5.598632812499995115e-01	2.043323785934866299e-01
4.509765624999995115e-01	1.512073384340329452e-01
4.543945312499995115e-01	1.482152143282543244e-01
3.367187499999994005e-01	1.010581068660978271e-01
4.432617187499995337e-01	1.392387986767438524e-01
7.503906249999997558e-01	2.822866946144981792e-01
6.326171874999997335e-01	2.159896779902499564e-01
4.963867187499995115e-01	1.522953554729459535e-01
4.845703124999995448e-01	1.452342568424489222e-01
5.084960937499994893e-01	1.528634126584546005e-01
5.374999999999996447e-01	1.609342260751608078e-01
5.942382812499996669e-01	1.828315496889764136e-01
5.437499999999996225e-01	1.595013425896724124e-01
3.309570312499994227e-01	8.484820203325166288e-02
4.706054687499995337e-01	1.284246742796529561e-01
6.997070312499997780e-01	2.169224445410068425e-01
3.288085937499993783e-01	7.877210720077583439e-02
4.874999999999995448e-01	1.284782348043770894e-01
5.417968749999996225e-01	1.473501258229525379e-01
4.807617187499995115e-01	1.230469830844459767e-01
6.750976562499997335e-01	1.950611638536845771e-01
4.088867187499994893e-01	9.710611870085340824e-02
5.805664062499996669e-01	1.540670511395066111e-01
3.861328124999994782e-01	8.856985206590618775e-02
