3.315429687499993339e-01	1.299555202276824750e-01
2.640624999999993117e-01	1.044933623934310718e-01
4.819335937499995559e-01	1.887744685880681228e-01
2.820312499999993450e-01	1.055423655817357975e-01
7.855468749999998668e-01	3.439287986853000190e-01
9.551757812499999112e-01	4.394958646519857570e-01
9.517578124999999112e-01	4.146067726210625470e-01
3.703124999999994893e-01	1.246843696005979080e-01
3.194335937499994671e-01	1.073724566327436819e-01
3.621093749999994005e-01	1.164454562456106873e-01
3.204101562499994671e-01	1.021285472044494297e-01
6.550781249999996225e-01	2.285930843289339098e-01
2.577148437499993117e-01	8.044594156143056174e-02
7.860351562499998668e-01	2.762558833735521691e-01
3.772460937499994005e-01	1.099981254918476342e-01
4.054687499999994338e-01	1.176289553107334046e-01
4.234374999999994671e-01	1.224188176082031954e-01
6.287109374999995115e-01	1.916832620208168136e-01
7.805664062499998446e-01	2.510632857452793076e-01
5.900390624999998224e-01	1.689551064987803164e-01
5.158203124999996003e-01	1.428098900424281115e-01
4.270507812499995115e-01	1.120175542971073995e-01
4.009765624999994671e-01	1.031120201437265432e-01
3.259765624999994005e-01	8.211688667635291816e-02
4.938476562499996003e-01	1.272952249818952442e-01
4.694335937499996003e-01	1.185814736904442918e-01
4.533203124999994893e-01	1.118530804114687138e-01
4.700195312499996225e-01	1.158085897413432264e-01
4.583984374999995337e-01	1.112600971163054675e-01
3.166015624999993783e-01	7.412941947738024839e-02
4.386718749999994893e-01	1.017424971235539044e-01
3.774414062499994449e-01	8.515978142800084694e-02
4.859374999999995781e-01	1.141450339702156508e-01
2.963867187499993339e-01	6.668931101092608060e-02
6.171874999999996669e-01	1.499149953681171710e-01
