3.373046874999994227e-01	1.445121442541068557e-01
6.930664062499997113e-01	3.329617644520890818e-01
4.699218749999996003e-01	1.944350744319823243e-01
2.639648437499992895e-01	1.050990942123686822e-01
7.298828124999996447e-01	3.125380545409386923e-01
4.847656249999995337e-01	1.800533592486061596e-01
4.664062499999995226e-01	1.712699375951649283e-01
2.240234374999993117e-01	8.702776765937780823e-02
-1.740234375000010436e-01	7.127706879081815994e-02
3.592773437499994227e-01	1.208874332764682674e-01
5.993164062499997113e-01	2.043717534788284385e-01
3.897460937499994671e-01	1.245225817551084690e-01
4.158203124999994560e-01	1.286404936574542524e-01
1.244726562500000799e+00	5.246032808539987657e-01
3.841796874999994782e-01	1.127121491885659799e-01
6.018554687499996225e-01	1.873425626386694132e-01
5.732421874999995559e-01	1.713918678120279204e-01
5.897460937499997558e-01	1.775371391276360789e-01
6.583984374999996003e-01	1.911768192376153697e-01
3.914062499999994560e-01	1.124529241234487886e-01
3.753906249999994227e-01	1.043879644707418897e-01
7.627929687499996891e-01	2.230534883553020875e-01
2.571289062499992895e-01	7.678469348722652410e-02
5.986328124999995559e-01	1.584922955122113897e-01
7.176757812499997558e-01	1.956317624096527430e-01
7.136718749999997335e-01	1.941140900174799511e-01
4.200195312499995781e-01	1.089938892084747479e-01
3.658203124999994116e-01	9.392010723255865556e-02
4.064453124999994338e-01	1.016222942597892198e-01
5.845703124999996891e-01	1.446551848645363514e-01
4.217773437499995337e-01	1.029364361061876759e-01
6.571289062499997558e-01	1.598956091603865037e-01
7.208984374999998224e-01	1.779055153144236678e-01
6.648437499999997335e-01	1.569577625052318293e-01
6.602539062499995781e-01	1.533490524465374594e-01
