2.618164062499993561e-01	1.073206081947310486e-01
5.349609374999995115e-01	2.369097792027654303e-01
3.127929687499994005e-01	1.194491050029915791e-01
3.857421874999995004e-01	1.447123956599469796e-01
3.500976562499994449e-01	1.235863988652619316e-01
3.981445312499994893e-01	1.446800775671100714e-01
3.380859374999994338e-01	1.150225462007173904e-01
3.058593749999993783e-01	1.003886364789540880e-01
4.383789062499995337e-01	1.464429295076838389e-01
3.406249999999994005e-01	1.091660969383281971e-01
3.815429687499993783e-01	1.197908520615869887e-01
5.666992187499996225e-01	1.878438051902895922e-01
5.444335937499996669e-01	1.725397895442490337e-01
4.624023437499995559e-01	1.409918498927982267e-01
3.263671874999994338e-01	9.396829840893269892e-02
3.604492187499994671e-01	1.044804333546415082e-01
5.681640624999997335e-01	1.689075528182543695e-01
6.823242187499997113e-01	2.122108224897812923e-01
6.672851562499997335e-01	1.996436449893694842e-01
4.580078124999995004e-01	1.257806292326963671e-01
3.419921874999994338e-01	9.077660153019173617e-02
5.195312499999995559e-01	1.410760593098178417e-01
4.646484374999995115e-01	1.198836372844438170e-01
3.178710937499994449e-01	8.290198627519290708e-02
3.874023437499994893e-01	9.810037081662126290e-02
3.985351562499994671e-01	9.879955133323117811e-02
7.256835937499998002e-01	1.964002615980521838e-01
3.756835937499994893e-01	8.927023292654405473e-02
5.218749999999996447e-01	1.278057709066944270e-01
4.535156249999995337e-01	1.075897413047726819e-01
5.102539062499994449e-01	1.195786880033709448e-01
3.744140624999994227e-01	8.801405599479097952e-02
4.323242187499994893e-01	9.745821780889739328e-02
4.270507812499995115e-01	9.717690333954624726e-02
3.506835937499994671e-01	8.001661751681810042e-02
