6.556640624999996447e-01	3.201678832599490487e-01
4.984374999999995337e-01	2.099459632469518333e-01
3.669921874999994560e-01	1.420095197526232977e-01
5.252929687499995337e-01	2.131255856106036572e-01
3.744140624999994227e-01	1.393567378907169252e-01
2.955078124999994116e-01	1.057187569606562461e-01
5.392578124999996003e-01	2.003711368871164689e-01
2.972656249999994227e-01	1.038833853786890332e-01
5.213867187499996447e-01	1.818702426096328872e-01
6.931640624999997335e-01	2.564492861664127155e-01
4.571289062499994671e-01	1.521297670593375340e-01
4.946289062499995559e-01	1.577619579243066672e-01
3.429687499999994338e-01	1.050971009126205613e-01
2.703124999999994005e-01	8.556431689434931820e-02
5.590820312499995559e-01	1.715544855520425016e-01
7.607421874999997780e-01	2.493425261894166856e-01
5.416992187499996003e-01	1.615128038250129572e-01
6.352539062499996669e-01	1.927172454730827489e-01
2.904296874999993672e-01	8.373940441577751304e-02
5.648437499999996447e-01	1.605149219003722538e-01
4.813476562499995337e-01	1.289897991732205096e-01
5.041015624999996003e-01	1.345560658008885802e-01
7.779296874999996891e-01	2.253226805593102622e-01
4.740234374999995337e-01	1.234668390692940376e-01
5.707031249999996447e-01	1.477278641278870208e-01
9.329101562499999556e-01	2.728854555984887575e-01
7.292968749999997335e-01	1.961306995382482432e-01
4.470703124999995115e-01	1.094985434270976110e-01
4.364257812499995337e-01	1.065305710660835459e-01
5.018554687499995337e-01	1.191803564860172138e-01
4.478515624999995226e-01	1.043959946477617112e-01
3.046874999999993339e-01	7.601786553284595183e-02
6.002929687499996003e-01	1.390317679590400701e-01
4.318359374999994893e-01	9.959476289228449963e-02
3.734374999999994227e-01	8.321407062596092308e-02
