6.680664062499998002e-01	3.167879468010140753e-01
8.148437499999998668e-01	3.919161301497205985e-01
6.938476562499997780e-01	3.068868624327358297e-01
4.433593749999995559e-01	1.798392102040318463e-01
1.184179687500000355e+00	5.743564027054059995e-01
1.194726562500000533e+00	5.524185379063388801e-01
3.492187499999994116e-01	1.391992044407847073e-01
3.920898437499994449e-01	1.495642176422033176e-01
3.349609374999994449e-01	1.255637861144862366e-01
4.469726562499994893e-01	1.609863452813204143e-01
4.833984374999995559e-01	1.689700945635674856e-01
6.442382812499997113e-01	2.209278645692647758e-01
5.368164062499997113e-01	1.769255076508551572e-01
2.376953124999993117e-01	8.879129986502803940e-02
4.261718749999995337e-01	1.376699206480511972e-01
6.707031249999997335e-01	2.061073470140210862e-01
7.716796874999998224e-01	2.384987381785358129e-01
5.541015624999996447e-01	1.630032997484064661e-01
5.587890624999996003e-01	1.626180699646578298e-01
6.332031249999996447e-01	1.844370247432166599e-01
5.252929687499995337e-01	1.479772799007636752e-01
5.225585937499995781e-01	1.515913097370982787e-01
4.932617187499995781e-01	1.393630819603971505e-01
4.503906249999994893e-01	1.280083129929972530e-01
3.541992187499993783e-01	1.067362699805289444e-01
3.727539062499994893e-01	1.071460837201853172e-01
4.886718749999995337e-01	1.282682075259783117e-01
2.734374999999993339e-01	8.913674713869640387e-02
9.009765624999999112e-01	2.318215409626079304e-01
4.796874999999994893e-01	1.235411143888941465e-01
8.156249999999998224e-01	1.999958169727758250e-01
3.161132812499993783e-01	9.357345756266169379e-02
7.992187499999998668e-01	1.930588434247168250e-01
4.343749999999995115e-01	1.092184196487429454e-01
3.992187499999994560e-01	1.030567046269141168e-01
