4.378906249999995337e-01	1.728301553857652662e-01
5.365234374999996447e-01	2.146621377648744999e-01
5.167968749999996003e-01	1.957201021718974199e-01
8.318359374999997335e-01	3.563970614365021272e-01
4.853515624999995559e-01	1.733552196689061298e-01
4.187499999999995115e-01	1.410744741316598272e-01
4.014648437499994671e-01	1.316874736946397617e-01
3.272460937499993561e-01	1.072831185089569705e-01
4.614257812499995559e-01	1.491244732506190329e-01
6.400390624999998668e-01	2.150908738258970054e-01
4.363281249999995115e-01	1.337874383715741133e-01
2.510742187499993561e-01	7.944307802230529680e-02
4.874023437499995781e-01	1.467484067188457864e-01
4.930664062499995337e-01	1.467039435454969565e-01
3.869140624999994338e-01	1.101986925142345308e-01
4.938476562499996003e-01	1.395437917212911938e-01
4.963867187499995115e-01	1.388035324876472631e-01
5.864257812499996669e-01	1.685889171405063613e-01
4.057617187499994449e-01	1.081493789507105563e-01
6.672851562499997335e-01	1.936691127400872181e-01
3.688476562499994893e-01	9.433786348878180072e-02
5.310546874999995115e-01	1.401950134843464590e-01
5.273437499999995559e-01	1.351340540173339988e-01
7.947265624999999556e-01	2.287936399339448312e-01
3.597656249999994227e-01	8.662916599621499347e-02
7.564453124999996891e-01	2.097113516018119794e-01
4.974609374999995892e-01	1.206539601749129081e-01
5.091796874999994227e-01	1.226949969087783449e-01
5.980468749999996447e-01	1.481464651269385480e-01
5.049804687499994671e-01	1.173299157516407981e-01
3.401367187499994005e-01	7.717994833262042942e-02
5.285156249999994893e-01	1.228389393604672197e-01
5.267578124999996447e-01	1.210598010464510182e-01
5.412109374999996003e-01	1.220845762655299177e-01
4.940429687499995337e-01	1.097942366842842160e-01
