5.695312499999996003e-01	2.526728584321836224e-01
5.718749999999996891e-01	2.427652441531700789e-01
6.895507812499998002e-01	2.938981110288918508e-01
3.145507812499993561e-01	1.224827137129737981e-01
7.302734374999997335e-01	2.973680016934941994e-01
3.111328124999994116e-01	1.146999808423143224e-01
3.319335937499994227e-01	1.155798869153802089e-01
5.513671874999996891e-01	1.903294768128337699e-01
4.730468749999995337e-01	1.610207645418165467e-01
7.471679687499996891e-01	2.704523745820716640e-01
6.298828124999995559e-01	2.117975760766483140e-01
3.310546874999993894e-01	1.065668433070772331e-01
4.423828124999995004e-01	1.315520803603480449e-01
8.214843749999999334e-01	2.773100446065524527e-01
4.149414062499994227e-01	1.220966499513874010e-01
3.844726562499994893e-01	1.092400842350309403e-01
3.938476562499995115e-01	1.109482843472349989e-01
2.998046874999993894e-01	8.480061076097891726e-02
4.209960937499994671e-01	1.130452308789026694e-01
6.781249999999996447e-01	1.975648677266291231e-01
4.685546874999995670e-01	1.244931390234651353e-01
6.560546874999997335e-01	1.806301297158450780e-01
5.319335937499994893e-01	1.404060070101198765e-01
6.179687499999997335e-01	1.607999996986433644e-01
5.009765624999995559e-01	1.279560188767633611e-01
3.517578124999994338e-01	8.879882881080286561e-02
3.915039062499994227e-01	9.505695352298910994e-02
4.703124999999995781e-01	1.136620704071956700e-01
4.199218749999995559e-01	9.992820357804955977e-02
5.448242187499996447e-01	1.306671101814390334e-01
6.733398437499996669e-01	1.638604876266565591e-01
4.948242187499996003e-01	1.137640763869894739e-01
5.648437499999996447e-01	1.297506333816043633e-01
4.468749999999995226e-01	1.008345413540878144e-01
5.747070312499996669e-01	1.302581724274430586e-01
