5.063476562499995559e-01	2.220821779318613576e-01
3.619140624999994116e-01	1.413425372464773011e-01
2.264648437499993117e-01	9.152923101017970686e-02
4.676757812499995337e-01	1.818400009790083760e-01
6.823242187499997113e-01	2.805418319980770292e-01
6.305664062499997113e-01	2.436263325452906747e-01
6.821289062499996669e-01	2.652177568334201929e-01
6.157226562499996669e-01	2.270624478275807268e-01
4.476562499999995337e-01	1.484321847582486809e-01
3.184570312499994671e-01	1.079235849029792638e-01
5.900390624999998224e-01	1.930693757313974579e-01
2.975585937499993783e-01	9.906248130177303102e-02
6.375976562499997558e-01	2.031212134197464270e-01
5.067382812499995337e-01	1.542587099781415061e-01
4.034179687499994671e-01	1.226048985219590354e-01
3.773437499999994227e-01	1.101180908242522793e-01
3.470703124999994227e-01	9.971407752992142437e-02
6.986328124999996447e-01	2.075337493808961931e-01
6.669921874999997780e-01	1.929867278497124361e-01
4.614257812499995559e-01	1.245124705496939987e-01
6.984374999999997113e-01	1.962821097781567992e-01
5.324218749999996003e-01	1.401306001718198857e-01
4.757812499999995448e-01	1.223073772277111920e-01
6.223632812499997335e-01	1.641219030250102018e-01
4.058593749999994671e-01	1.057723578546205800e-01
6.069335937499996669e-01	1.527275127160488410e-01
5.890624999999997113e-01	1.460687681295332052e-01
4.732421874999995226e-01	1.185148645965381359e-01
6.085937499999996003e-01	1.476753861459344508e-01
6.180664062499997558e-01	1.495620974030452410e-01
3.078124999999993783e-01	8.133504117135929856e-02
4.396484374999994893e-01	1.035425241209228103e-01
4.719726562499995115e-01	1.089873760615099330e-01
7.146484374999997335e-01	1.665501653920818947e-01
4.100585937499995337e-01	9.495722604820404367e-02
