3.444335937499994893e-01	1.442021612162237565e-01
3.958007812499995115e-01	1.706096712341830801e-01
3.217773437499994449e-01	1.281939849903894479e-01
7.141601562499997335e-01	3.305975520923851163e-01
1.943359374999992784e-01	7.736568245196237537e-02
7.204101562499998224e-01	3.145333830665854036e-01
4.414062499999995004e-01	1.677947762220528549e-01
6.011718749999996891e-01	2.302477568866101165e-01
6.043945312499996447e-01	2.270209175186813921e-01
5.083007812499995559e-01	1.815563225138612513e-01
1.137695312499991951e-01	5.353482656575080795e-02
5.217773437499996225e-01	1.802160470800425740e-01
3.410156249999993783e-01	1.106321337857316817e-01
5.031249999999996003e-01	1.630983041389082733e-01
6.702148437499997335e-01	2.133535894691130641e-01
2.346679687499993450e-01	7.479241019914979749e-02
4.510742187499995337e-01	1.354916801135983007e-01
6.098632812499995559e-01	1.865846225757464283e-01
4.256835937499995337e-01	1.241493046629875280e-01
6.043945312499996447e-01	1.791949490927112199e-01
8.538085937499998446e-01	2.683821977082520016e-01
4.747070312499995781e-01	1.296165964243894686e-01
4.647460937499995337e-01	1.236346648626502620e-01
6.828124999999997113e-01	1.909085974629423366e-01
4.349609374999995337e-01	1.162855823854378051e-01
5.051757812499995115e-01	1.309489646425959219e-01
2.271484374999993006e-01	6.995472794259346982e-02
4.500976562499995337e-01	1.148652068835679524e-01
4.197265624999995115e-01	1.057707858764778686e-01
4.043945312499994671e-01	9.897958474522729200e-02
4.651367187499995115e-01	1.130728288557261568e-01
3.426757812499994227e-01	8.505523800995977435e-02
5.869140624999997780e-01	1.408567931452522071e-01
4.104492187499995115e-01	9.590439211303762590e-02
3.853515624999994671e-01	9.154002134208474861e-02
