4.016601562499995115e-01	1.647799980878512094e-01
6.713867187499997780e-01	2.940970040558240073e-01
8.014648437499998224e-01	3.554560314061935289e-01
3.731445312499994671e-01	1.393224646068474126e-01
5.678710937499996669e-01	2.141155208056555181e-01
3.539062499999994227e-01	1.255070495292858190e-01
4.498046874999995226e-01	1.555096204315921105e-01
2.807617187499993339e-01	9.786545880740285530e-02
5.064453124999994671e-01	1.673858308388554428e-01
7.237304687499996891e-01	2.533085237655119393e-01
4.652343749999995337e-01	1.446694361242922278e-01
4.915039062499995115e-01	1.510136269155886724e-01
5.059570312499995781e-01	1.538052178709601037e-01
6.818359374999996003e-01	2.130629406836897499e-01
3.396484374999994005e-01	1.022545208982984649e-01
5.781249999999995559e-01	1.697414523280562360e-01
4.486328124999994782e-01	1.256453091375483166e-01
6.424804687499996447e-01	1.838414741358993520e-01
6.203124999999997113e-01	1.746013802977313123e-01
5.430664062499995781e-01	1.486575332165041008e-01
5.384765624999996447e-01	1.443966066051922958e-01
6.590820312499996447e-01	1.773275360022143199e-01
7.768554687499997780e-01	2.144064890081599228e-01
4.294921874999994560e-01	1.070996253220073413e-01
4.266601562499995337e-01	1.073463753780934254e-01
4.065429687499994005e-01	9.991788165936328625e-02
4.253906249999994671e-01	1.036001287696436818e-01
2.325195312499993006e-01	6.647783800279444266e-02
5.878906249999996669e-01	1.404538650948407574e-01
4.708007812499995781e-01	1.095896513012922235e-01
6.904296874999997780e-01	1.673198305590908597e-01
4.742187499999995226e-01	1.078174130699215971e-01
7.104492187499996669e-01	1.671667470950544410e-01
4.203124999999995337e-01	9.444750772434171160e-02
6.457031249999997113e-01	1.458969290002692376e-01
