1.196289062499992228e-01	6.039196165262715466e-02
5.020507812499995781e-01	2.273535045387754805e-01
1.042187500000000266e+00	6.024087887008299225e-01
5.060546874999996003e-01	2.153348330919107323e-01
4.310546874999994782e-01	1.701037255538022097e-01
3.544921874999993894e-01	1.328020786051858915e-01
2.972656249999994227e-01	1.094089410055144734e-01
7.662109374999996891e-01	3.187756056633728186e-01
4.148437499999994560e-01	1.475237972994430380e-01
3.212890624999993894e-01	1.085035941499450513e-01
5.436523437499996003e-01	1.905857911478192612e-01
2.508789062499993117e-01	8.624987056529713481e-02
4.625976562499994893e-01	1.508630366317523508e-01
4.485351562499995115e-01	1.408660637841868679e-01
5.219726562499996669e-01	1.641911231652777581e-01
4.888671874999995226e-01	1.493423383789498071e-01
5.436523437499996003e-01	1.637280926654150204e-01
3.708984374999994560e-01	1.062173860783889034e-01
8.531249999999999112e-01	2.816429461428351932e-01
9.894531250000000444e-01	3.350029334765890487e-01
3.667968749999994671e-01	1.013690269017408080e-01
5.977539062499995781e-01	1.705891653972106958e-01
4.815429687499994671e-01	1.306658306816372572e-01
5.517578124999995559e-01	1.503986774063336973e-01
4.531249999999995004e-01	1.177074165575491688e-01
4.982421874999995448e-01	1.292173090344158060e-01
3.649414062499993783e-01	9.189291569801759374e-02
9.058593749999999112e-01	2.623919809973561112e-01
4.481445312499995337e-01	1.117079356925228945e-01
5.440429687499995781e-01	1.338923677397208245e-01
6.655273437499996669e-01	1.659273108743816449e-01
5.736328124999996447e-01	1.355761178145607482e-01
4.814453124999995004e-01	1.141990826543952259e-01
4.732421874999995226e-01	1.093026180395213903e-01
3.180664062499993783e-01	7.531587809075777906e-02
