3.184570312499994671e-01	1.325927785560367667e-01
3.710937499999994449e-01	1.519740691671156441e-01
5.499023437499995781e-01	2.292577069688530866e-01
7.200195312499998446e-01	3.162388090325307655e-01
3.715820312499994449e-01	1.369975790885721856e-01
5.629882812499995559e-01	2.150597108440412131e-01
6.249999999999996669e-01	2.384665058773919877e-01
8.304687499999998668e-01	3.331281663472011600e-01
4.437499999999995337e-01	1.480609811688123334e-01
4.712890624999995226e-01	1.555310555221152136e-01
3.750976562499994671e-01	1.192167227550744862e-01
7.526367187499998224e-01	2.635454926593426839e-01
5.109374999999994893e-01	1.575895214871792516e-01
5.113281249999994671e-01	1.574583165516397210e-01
3.477539062499994671e-01	1.016219706421720853e-01
5.559570312499996225e-01	1.665740624054581065e-01
4.619140624999995004e-01	1.309621436546500595e-01
4.062499999999994449e-01	1.130420206288703933e-01
5.803710937499996225e-01	1.676126578914449994e-01
4.968749999999995670e-01	1.345486868450570250e-01
4.256835937499995337e-01	1.118137195273515294e-01
5.708984374999996891e-01	1.540065008245055656e-01
5.091796874999994227e-01	1.327611309970042897e-01
5.056640624999995115e-01	1.302138469484905026e-01
5.542968749999995781e-01	1.434161391991933543e-01
5.200195312499996669e-01	1.308933979828737493e-01
5.684570312499996891e-01	1.410079371578348006e-01
8.000976562499998446e-01	2.170089489475307554e-01
5.234374999999995559e-01	1.259158940594270193e-01
3.710937499999994449e-01	8.695820300202608544e-02
6.802734374999996891e-01	1.690308962294720385e-01
4.499999999999995115e-01	1.028978547056511733e-01
5.423828124999996447e-01	1.249250496061578009e-01
3.303710937499994005e-01	7.560363589801670503e-02
5.728515624999996891e-01	1.307429634520328454e-01
