1.270410156250000533e+00	8.634177705800051283e-01
2.980468749999993783e-01	1.228456481141894929e-01
7.587890624999997780e-01	3.673798839014507100e-01
2.588867187499993561e-01	1.033051973455946793e-01
6.322265624999996447e-01	2.678390447441262867e-01
6.381835937499996669e-01	2.631287305841481516e-01
8.961914062499999334e-01	3.852774491076647601e-01
4.300781249999994227e-01	1.514791618176670462e-01
2.916015624999993561e-01	1.020823681940274952e-01
5.910156249999997113e-01	2.132114280325353994e-01
6.117187499999996447e-01	2.134159877787837334e-01
4.300781249999994227e-01	1.440414364678489489e-01
6.615234374999996447e-01	2.200041999866429177e-01
4.563476562499995115e-01	1.454331790223074017e-01
4.573242187499995115e-01	1.401046493401403303e-01
4.411132812499994893e-01	1.319280554389676563e-01
4.251953124999994782e-01	1.229608379182225569e-01
4.094726562499995115e-01	1.180342028703753460e-01
3.458984374999994338e-01	9.659414838548627258e-02
5.253906249999995559e-01	1.467451682016747694e-01
5.306640624999996447e-01	1.462752475173432209e-01
5.348632812499996003e-01	1.464807896808508481e-01
5.152343749999995781e-01	1.357336587922694793e-01
5.100585937499994005e-01	1.321803121890859078e-01
5.075195312499996003e-01	1.307808054032516265e-01
5.403320312499997335e-01	1.386403070842596175e-01
4.383789062499995337e-01	1.087387793698794958e-01
3.614257812499994671e-01	9.082630160427168642e-02
4.120117187499994227e-01	1.012521008060502797e-01
5.980468749999996447e-01	1.448487791933690261e-01
4.837890624999995337e-01	1.176202992242221107e-01
8.054687499999997335e-01	2.020630179543209393e-01
6.764648437499997113e-01	1.615584173132825485e-01
4.960937499999995559e-01	1.138107384539480821e-01
3.775390624999994116e-01	8.926304037027266158e-02
