5.012695312499996225e-01	2.153148363995235903e-01
8.165039062499998002e-01	4.043110846713734996e-01
4.277343749999994449e-01	1.664886085910607938e-01
3.790039062499994671e-01	1.384750107787267870e-01
5.093749999999994671e-01	1.949547724794803150e-01
4.167968749999995115e-01	1.488921716274385354e-01
4.462890624999995004e-01	1.573345192212917132e-01
2.219726562499993172e-01	7.601259773670450415e-02
4.878906249999995781e-01	1.672099243208690633e-01
3.296874999999993561e-01	1.067024190812327078e-01
5.582031249999995781e-01	1.929726672024295042e-01
6.618164062499997113e-01	2.373203808602515064e-01
2.787109374999993672e-01	8.397609605727224258e-02
4.941406249999995559e-01	1.553871346473747750e-01
2.936523437499993783e-01	8.400211799573210902e-02
1.131738281250000089e+00	4.847651716295660052e-01
4.561523437499994671e-01	1.343932106266871318e-01
4.382812499999995115e-01	1.240978239109053333e-01
3.592773437499994227e-01	9.940173241194812104e-02
6.878906249999997558e-01	2.177252747255020993e-01
3.986328124999994338e-01	1.058085850532135969e-01
2.549804687499992450e-01	6.634150699763059766e-02
3.718749999999994560e-01	9.585031446586766979e-02
6.031249999999996891e-01	1.741045763216707287e-01
3.431640624999994227e-01	8.534955906212528254e-02
4.697265624999995559e-01	1.213484850675319582e-01
3.521484374999994116e-01	8.641557197223186104e-02
4.261718749999995337e-01	1.068682457902213057e-01
5.354492187499996225e-01	1.398086608857951052e-01
2.880859374999993894e-01	6.625669507473799791e-02
5.280273437499994893e-01	1.341031564332681447e-01
3.105468749999994449e-01	7.227831729832474850e-02
5.630859374999994671e-01	1.427008053785128183e-01
4.553710937499995115e-01	1.084921322367216612e-01
4.476562499999995337e-01	1.027520342206679760e-01
