4.057617187499994449e-01	1.008104512258417573e-01
4.340820312499995559e-01	1.014418026765619291e-01
4.860351562499996003e-01	1.017886826042886800e-01
4.071289062499994227e-01	8.571936622932496697e-02
4.277343749999994449e-01	8.757720500542486020e-02
4.812499999999995115e-01	9.823308460646076878e-02
5.815429687499995559e-01	1.235079009978124892e-01
5.149414062499996225e-01	9.689911177081411697e-02
4.598632812499995337e-01	8.651581478594724817e-02
4.781249999999995226e-01	8.759567331837393722e-02
4.381835937499994893e-01	7.716238078397419375e-02
5.256835937499996225e-01	9.602044905503269445e-02
4.796874999999994893e-01	8.267679737939977180e-02
4.878906249999995781e-01	8.245802201015353661e-02
5.990234374999996447e-01	1.114503915662469480e-01
6.152343749999996669e-01	1.117168650783294526e-01
5.335937499999996447e-01	8.692261216451238615e-02
5.253906249999995559e-01	8.325599329772656598e-02
5.008789062499995337e-01	7.740240371260759256e-02
6.053710937499995337e-01	1.040107439645669429e-01
4.949218749999996225e-01	7.216847030444230315e-02
5.109374999999994893e-01	7.671695013212298520e-02
5.201171874999996891e-01	7.707323737473550929e-02
4.311523437499994449e-01	5.907073581706453330e-02
5.869140624999997780e-01	9.046529775062379930e-02
5.144531249999995115e-01	7.341507443127885668e-02
4.626953124999995115e-01	6.210803994905175762e-02
4.721679687499995559e-01	6.338159236003257369e-02
4.509765624999995115e-01	5.904963601120878647e-02
4.799804687499994449e-01	6.301175611741795246e-02
4.317382812499994671e-01	5.419031513778724274e-02
8.119140624999998668e-01	1.573049780932647135e-01
4.840820312499996003e-01	6.172408824608292127e-02
5.073242187499995559e-01	6.485096952481832211e-02
4.115234374999994782e-01	4.868163211895894238e-02
