5.303710937499995781e-01	2.274956649563017186e-01
5.354492187499996225e-01	2.307503581280377913e-01
7.838867187499998224e-01	3.624936474258135255e-01
5.324218749999996003e-01	2.128665582811970214e-01
5.249023437499995559e-01	2.058465051175070448e-01
3.773437499999994227e-01	1.318149054066103942e-01
8.708007812499999334e-01	3.531092902606071671e-01
5.765624999999996447e-01	2.056900777757578458e-01
3.999023437499994449e-01	1.389061234991769977e-01
6.611328124999995559e-01	2.271836448085917115e-01
6.883789062499997558e-01	2.316273599386602378e-01
4.609374999999995559e-01	1.502246433287864613e-01
7.348632812499997780e-01	2.332137849760008430e-01
5.129882812499995115e-01	1.570300063856281403e-01
2.812499999999993339e-01	9.288646519600678164e-02
4.018554687499994449e-01	1.200748022519992908e-01
4.771484374999995226e-01	1.393930675942574304e-01
3.730468749999994449e-01	1.081394260969897464e-01
6.132812499999995559e-01	1.748936387459958941e-01
4.572265624999994893e-01	1.271291130975256700e-01
6.630859374999995559e-01	1.838328669008656435e-01
3.893554687499993783e-01	1.091295890961793691e-01
6.578124999999996891e-01	1.749000252322845117e-01
3.259765624999994005e-01	8.917025978199431824e-02
4.096679687499994449e-01	1.055037091397550975e-01
5.739257812499996003e-01	1.459172331397245448e-01
4.798828124999994782e-01	1.189119951297894356e-01
4.265624999999995115e-01	1.051800353169351776e-01
2.874999999999993672e-01	7.970811115322870566e-02
5.105468749999995115e-01	1.203889697967633760e-01
3.025390624999993450e-01	7.906180306395532709e-02
7.919921874999997780e-01	1.918927077165032968e-01
2.979492187499993561e-01	7.685239430140927697e-02
6.857421874999998224e-01	1.619901634510396149e-01
5.311523437499995337e-01	1.206837903067766310e-01
