5.513671874999996891e-01	2.433469186059437628e-01
1.005273437500000089e+00	5.467712327576199627e-01
8.238281249999998002e-01	3.920568700012735941e-01
2.900390624999993339e-01	1.093362492759509946e-01
5.294921874999996003e-01	2.060608053180604804e-01
5.425781249999995781e-01	2.057065392689391981e-01
6.341796874999996447e-01	2.495194545315106427e-01
5.966796874999995559e-01	2.214794554510056690e-01
5.477539062499995337e-01	1.954037809218018562e-01
4.979492187499995337e-01	1.676309832370542763e-01
5.583984374999995115e-01	1.942862769874119100e-01
3.999023437499994449e-01	1.260283038033426506e-01
4.281249999999994782e-01	1.333351920211744979e-01
6.231445312499996891e-01	2.140360380843342736e-01
3.439453124999994338e-01	9.999186885188247886e-02
6.306640624999997335e-01	2.084805907401230674e-01
3.869140624999994338e-01	1.098349659358669322e-01
4.056640624999994227e-01	1.140764915586466310e-01
3.143554687499993117e-01	8.638099230650189697e-02
3.694335937499995115e-01	1.008899146027695953e-01
7.099609374999995559e-01	2.352690694936677984e-01
2.763671874999993894e-01	7.166969057036250146e-02
4.857421874999995892e-01	1.356019198478967125e-01
4.814453124999995004e-01	1.337137257694785142e-01
5.877929687499996447e-01	1.716228910949367803e-01
4.784179687499995337e-01	1.285961026384990491e-01
3.447265624999994449e-01	8.556986815134325075e-02
3.908203124999994338e-01	9.788658177247036574e-02
3.332031249999993783e-01	8.017610787527533478e-02
4.460937499999995115e-01	1.132712889742056028e-01
3.582031249999994005e-01	8.609368504858755378e-02
4.453124999999995559e-01	1.118661011722191928e-01
4.200195312499995781e-01	1.027042349034362756e-01
7.174804687499997113e-01	2.084534492042223464e-01
6.273437499999996447e-01	1.706169878634787584e-01
