4.329101562499995115e-01	1.984355338260934132e-01
2.365234374999993228e-01	9.799812756345864517e-02
2.286132812499993006e-01	9.149638147927145748e-02
7.351562499999997335e-01	3.666934453188840370e-01
3.800781249999993783e-01	1.526765879065347109e-01
5.063476562499995559e-01	2.025348358895276979e-01
8.907226562500000222e-01	4.195880475998199355e-01
6.760742187499997335e-01	2.779480527931560419e-01
3.809570312499994671e-01	1.382677860341626486e-01
4.082031249999994449e-01	1.360963227207687976e-01
5.273437499999995559e-01	1.893503272349066069e-01
3.402343749999994227e-01	1.126693051925988787e-01
4.467773437499995559e-01	1.469980813461377600e-01
1.154003906250000266e+00	4.722311781038902034e-01
2.646484374999993339e-01	8.514419755718652394e-02
4.510742187499995337e-01	1.424704812287630185e-01
6.182617187499996891e-01	1.971487029862369900e-01
5.076171874999995115e-01	1.554707112293580717e-01
3.552734374999994005e-01	1.052100883640523371e-01
3.414062499999994116e-01	9.926250789993948387e-02
4.046874999999994227e-01	1.153063723921502887e-01
3.357421874999994560e-01	9.710936949302974297e-02
3.005859374999994005e-01	8.579130593203981858e-02
6.234374999999996447e-01	1.721606190984086571e-01
3.483398437499993783e-01	9.279302029410890773e-02
9.700195312500000666e-01	2.863326430837322967e-01
6.027343749999997113e-01	1.587398624594381080e-01
3.571289062499993783e-01	9.393520365988948517e-02
5.908203124999997780e-01	1.538481202289168903e-01
4.205078124999995226e-01	1.066401404239402106e-01
5.263671874999995559e-01	1.301544157255812850e-01
5.655273437499995781e-01	1.390090223191876029e-01
4.020507812499994893e-01	9.773700804426398159e-02
5.734374999999996003e-01	1.396088312302229961e-01
6.294921874999996891e-01	1.507226760643544383e-01
