4.948242187499996003e-01	2.249625987816046002e-01
7.273437499999997335e-01	3.569271678266282555e-01
7.877929687499998224e-01	3.809685051309103510e-01
5.413085937499996225e-01	2.113735808473840572e-01
2.901367187499993561e-01	1.161381922337663963e-01
5.166015624999995559e-01	2.038123425714601089e-01
8.084960937499997558e-01	3.351721138210918549e-01
2.555664062499992673e-01	1.004077261338586352e-01
3.650390624999994005e-01	1.324178696212609530e-01
8.627929687499997780e-01	3.311861812513134939e-01
6.616210937499996669e-01	2.396093134869007324e-01
5.292968749999995559e-01	1.817293894610009786e-01
5.953124999999996891e-01	2.021029889532723056e-01
3.932617187499994893e-01	1.349451564993783270e-01
6.232421874999996003e-01	2.049035516891828668e-01
4.005859374999994893e-01	1.301095790084620119e-01
5.676757812499996225e-01	1.752533903209022859e-01
5.316406249999995337e-01	1.558811265379201338e-01
4.987304687499994893e-01	1.523289248579902111e-01
2.175781249999993172e-01	8.196669519031377082e-02
5.162109374999994671e-01	1.443511804377355934e-01
3.056640624999993339e-01	9.561517795055633762e-02
3.295898437499993339e-01	9.836578314629795816e-02
4.557617187499994893e-01	1.252035055502733751e-01
5.282226562499995337e-01	1.413401219902510886e-01
4.197265624999995115e-01	1.081824718597386437e-01
6.343749999999996891e-01	1.618645415009278832e-01
4.198242187499995337e-01	1.092588242774476803e-01
3.063476562499993783e-01	8.782215390462810856e-02
4.553710937499995115e-01	1.180687677967798693e-01
4.473632812499995781e-01	1.135104334812479798e-01
3.555664062499993561e-01	8.944612892021538975e-02
5.136718749999995559e-01	1.210555420162606477e-01
3.741210937499994671e-01	9.410026724351154559e-02
5.055664062499994893e-01	1.181519417364124969e-01
