6.158203124999996891e-01	2.747826453684412695e-01
1.451269531250001243e+00	9.430037070341077410e-01
3.889648437499994005e-01	1.481356893411958919e-01
4.208984374999995004e-01	1.578848603668569772e-01
3.412109374999994227e-01	1.220682092986407064e-01
5.266601562499996225e-01	1.940420540145885997e-01
2.780273437499993783e-01	9.631842910374194267e-02
6.552734374999995559e-01	2.485922732790978307e-01
6.358398437499996891e-01	2.318190502028030509e-01
4.544921874999994782e-01	1.495033217325774377e-01
4.601562499999995448e-01	1.484738646775034254e-01
5.458007812499996447e-01	1.792630320853447756e-01
2.721679687499993783e-01	8.208319436269842506e-02
4.583984374999995337e-01	1.389233476982641713e-01
4.836914062499995115e-01	1.448734911307654749e-01
3.511718749999994671e-01	9.897343784992848614e-02
3.723632812499995115e-01	1.043709158533180220e-01
5.361328124999995559e-01	1.573786265793307160e-01
4.518554687499994893e-01	1.239416368706536820e-01
4.539062499999995115e-01	1.242979237107118273e-01
4.614257812499995559e-01	1.233976941804989652e-01
4.991210937499995781e-01	1.338970339743603133e-01
3.769531249999994449e-01	9.611605613872899190e-02
5.396484374999996891e-01	1.447235894160378289e-01
5.505859374999995115e-01	1.465488349207514085e-01
5.526367187499996447e-01	1.446852688497561323e-01
4.178710937499995337e-01	1.010335722766991934e-01
5.107421874999995559e-01	1.289146288240461957e-01
3.533203124999994005e-01	8.221689156252953712e-02
7.063476562499997335e-01	1.905329275453821747e-01
5.145507812499995337e-01	1.249727120197542812e-01
3.562499999999994005e-01	7.964295918424339760e-02
4.595703124999995226e-01	1.058105416442442631e-01
3.698242187499994893e-01	8.222010284336479791e-02
5.742187499999995559e-01	1.378059664044789800e-01
