5.677734374999996447e-01	2.597735961253381798e-01
6.465820312499996891e-01	2.909783693491129752e-01
3.605468749999994893e-01	1.431773109391335785e-01
5.163085937499994893e-01	2.001483231182165090e-01
6.068359374999996447e-01	2.407244757248775957e-01
3.582031249999994005e-01	1.269737847793059038e-01
4.805664062499994671e-01	1.729528358683193323e-01
6.359374999999997113e-01	2.340371052998877488e-01
4.380859374999995226e-01	1.428794087611970631e-01
4.416015624999994893e-01	1.429405108353300480e-01
2.948242187499994227e-01	9.748593539562556975e-02
4.872070312499995337e-01	1.549273446907428742e-01
1.562890625000001865e+00	7.586189529564348888e-01
5.993164062499997113e-01	1.912579762889983770e-01
6.910156249999998002e-01	2.228743450796676073e-01
4.715820312499995337e-01	1.388184554757052047e-01
5.449218749999996669e-01	1.581298334459159405e-01
4.708007812499995781e-01	1.323819880459549680e-01
5.195312499999995559e-01	1.475276440755476925e-01
3.692382812499994671e-01	1.006100341808818799e-01
1.008789062500000000e+00	3.268674328801881024e-01
3.255859374999994227e-01	8.756489497093507268e-02
5.695312499999996003e-01	1.518689676421919044e-01
3.922851562499994893e-01	1.012756856097641045e-01
6.413085937499997113e-01	1.718610811348671441e-01
5.790039062499995337e-01	1.482548891137270564e-01
3.851562499999994782e-01	9.442070009581914058e-02
6.583007812499996891e-01	1.691443622309869166e-01
5.183593749999996225e-01	1.268003053963224491e-01
3.643554687499993561e-01	8.808168992997035540e-02
6.353515624999996891e-01	1.557405570299146835e-01
4.407226562499995115e-01	1.035229914670950518e-01
6.037109374999996003e-01	1.427970084527912242e-01
6.224609374999996447e-01	1.457496820237375867e-01
3.788085937499994227e-01	8.561948333558085100e-02
