5.723632812499996891e-01	2.765145445096503507e-01
1.242968750000000844e+00	8.408612448042910303e-01
2.770507812499993783e-01	1.091723303746753027e-01
5.158203124999996003e-01	2.175628169895290898e-01
5.547851562499995781e-01	2.308315881071987263e-01
5.787109374999994671e-01	2.327739847748711011e-01
2.568359374999993339e-01	9.265900212867987651e-02
3.740234374999994449e-01	1.289089130663591820e-01
5.513671874999996891e-01	2.033800216567562547e-01
4.086914062499994449e-01	1.365180173693411603e-01
4.785156249999995559e-01	1.624267113766167392e-01
5.336914062499996669e-01	1.816547249835665234e-01
3.583984374999994449e-01	1.105360004984297373e-01
5.111328124999994227e-01	1.646536167867209133e-01
6.333007812499996669e-01	2.138686724115672344e-01
2.266601562499993006e-01	6.807492750847664309e-02
4.186523437499994893e-01	1.231221268251710271e-01
7.111328124999996003e-01	2.386581092461373121e-01
5.429687499999995559e-01	1.631308472287041067e-01
4.385742187499994671e-01	1.236603535633736539e-01
4.501953124999995004e-01	1.247244467343308072e-01
5.360351562499996447e-01	1.518863610734415837e-01
1.080664062500000355e+00	3.979922300832898774e-01
4.249023437499994671e-01	1.115989680134710643e-01
4.509765624999995115e-01	1.147984267693294980e-01
4.434570312499995781e-01	1.138267205572571772e-01
3.928710937499995115e-01	9.777988099590875781e-02
5.208007812499996225e-01	1.349085007495303135e-01
5.489257812499995781e-01	1.419511660590969393e-01
8.154296874999997780e-01	2.375845507064932305e-01
3.634765624999994338e-01	8.563902250505923963e-02
3.874023437499994893e-01	9.024133318231779277e-02
2.610351562499994005e-01	6.051990004909451465e-02
6.655273437499996669e-01	1.727427200691534770e-01
4.224609374999995226e-01	9.622590143818954278e-02
