1.088671875000000178e+00	5.886832086413451570e-01
3.185546874999994338e-01	1.263912911622878110e-01
7.854492187499998446e-01	3.470205078257314613e-01
4.525390624999994782e-01	1.691404326319235207e-01
3.878906249999994893e-01	1.451760893508402261e-01
4.474609374999995448e-01	1.597537471287892308e-01
4.669921874999995448e-01	1.610560946599149390e-01
2.579101562499993561e-01	9.352081700727626901e-02
6.083007812499996447e-01	2.074786781575349015e-01
3.955078124999995004e-01	1.278877017506880043e-01
5.523437499999996891e-01	1.772008653838879899e-01
4.099609374999995115e-01	1.250088899441712809e-01
4.320312499999994782e-01	1.288385933295987384e-01
3.960937499999994671e-01	1.168255971001508353e-01
4.238281249999994449e-01	1.239587543688002863e-01
3.972656249999995115e-01	1.123795182529437192e-01
5.641601562499996003e-01	1.616100287577209027e-01
3.997070312499995115e-01	1.095626434874455712e-01
3.729492187499994227e-01	1.018368948141140373e-01
3.249999999999994005e-01	8.886343618468112160e-02
3.818359374999994449e-01	1.003522482736601551e-01
4.298828124999994338e-01	1.108141227646993326e-01
6.159179687499996003e-01	1.628506885385001823e-01
6.458984374999996447e-01	1.717369250181677853e-01
5.354492187499996225e-01	1.353357401031890506e-01
3.581054687499993783e-01	8.745403563323285445e-02
4.646484374999995115e-01	1.105387970060550673e-01
4.410156249999994671e-01	1.043346568520979734e-01
3.350585937499994671e-01	7.985307641619771024e-02
4.673828124999995226e-01	1.091481542774557917e-01
5.081054687499995115e-01	1.178817038960822822e-01
3.949218749999995337e-01	8.905286157795623547e-02
4.725585937499995337e-01	1.063947621585442094e-01
4.699218749999996003e-01	1.044823649059617998e-01
5.853515624999996447e-01	1.311377929159344979e-01
