7.089843749999996669e-01	3.486887349718315599e-01
2.836914062499993339e-01	1.189069685615114919e-01
5.997070312499996891e-01	2.516335446603009673e-01
4.792968749999995115e-01	1.896873248344335960e-01
5.427734374999995115e-01	2.116379272484119334e-01
4.962890624999995448e-01	1.857921807149671978e-01
4.499023437499994893e-01	1.549314661917907676e-01
4.153320312499995115e-01	1.426472421737060015e-01
3.936523437499994671e-01	1.317996898060086464e-01
2.368164062499993061e-01	8.327321501949304372e-02
6.557617187499996669e-01	2.299733377151223501e-01
3.988281249999994227e-01	1.249518042533956375e-01
7.151367187499997335e-01	2.466744547818859601e-01
3.836914062499994227e-01	1.165037836828874268e-01
4.286132812499995337e-01	1.280937392842002864e-01
3.781249999999994338e-01	1.100220990261518428e-01
3.694335937499995115e-01	1.057882350118172499e-01
6.872070312499998224e-01	2.113109020740812083e-01
5.131835937499994449e-01	1.440199666524008548e-01
7.406249999999998668e-01	2.259423098952330067e-01
3.384765624999994116e-01	9.047957511275327158e-02
5.223632812499996447e-01	1.417234938695670632e-01
5.604492187499995337e-01	1.505285633748746632e-01
7.076171874999996891e-01	1.979042276675977707e-01
8.475585937499997558e-01	2.474883853197490102e-01
3.907226562499994671e-01	9.753549646349059243e-02
5.658203124999996447e-01	1.424193968873686544e-01
4.182617187499995115e-01	1.005115765520829263e-01
6.011718749999996891e-01	1.492380276016832541e-01
4.681640624999995337e-01	1.109750048234614678e-01
4.371093749999994671e-01	1.010027799018894945e-01
5.425781249999995781e-01	1.282764598884872653e-01
2.869140624999993450e-01	6.913693637806722636e-02
4.737304687499994671e-01	1.077301091553079376e-01
4.786132812499995781e-01	1.071707937966008273e-01
