4.125976562499994449e-01	1.770417304906969358e-01
5.868164062499997558e-01	2.563033341455100422e-01
6.049804687499995559e-01	2.583953209591929867e-01
6.929687499999996891e-01	2.987671930554808841e-01
3.380859374999994338e-01	1.270150342545693645e-01
3.041015624999993672e-01	1.088503188926751436e-01
3.191406249999994005e-01	1.087201063623929181e-01
3.217773437499994449e-01	1.071701961648999640e-01
6.733398437499996669e-01	2.500635523133756810e-01
5.589843749999995337e-01	1.927799078835438495e-01
5.459960937499995781e-01	1.835738130214831787e-01
5.205078124999995559e-01	1.690410676822604041e-01
6.145507812499996225e-01	2.010004081161291811e-01
5.427734374999995115e-01	1.694949054218170270e-01
4.667968749999995559e-01	1.399677723232242987e-01
4.437499999999995337e-01	1.301901871769585994e-01
3.602539062499994227e-01	1.015277712896964085e-01
3.155273437499993561e-01	8.930237963230332199e-02
3.666992187499994449e-01	9.927442052797835759e-02
5.511718749999996447e-01	1.572810729753660319e-01
2.963867187499993339e-01	8.083409136927585670e-02
5.918945312499996891e-01	1.633166676344412205e-01
4.124023437499995115e-01	1.073610496066755571e-01
5.166992187499995781e-01	1.349388537253806974e-01
5.000976562499995781e-01	1.271597748880357870e-01
8.985351562499999112e-01	2.674822880902251732e-01
3.824218749999994671e-01	9.230704058199293294e-02
3.472656249999994671e-01	8.363705548531072398e-02
5.914062499999996891e-01	1.495681685657547222e-01
4.988281249999995115e-01	1.189322166961619687e-01
4.309570312499995115e-01	1.004325370613611268e-01
3.831054687499994005e-01	8.709201675988416380e-02
4.962890624999995448e-01	1.146260832852477735e-01
4.747070312499995781e-01	1.088789465278684754e-01
4.142578124999994338e-01	9.129048474900271215e-02
