4.714843749999995115e-01	2.086583792935140791e-01
1.747070312499992562e-01	7.557848769213475204e-02
6.151367187499996447e-01	2.828387464057670053e-01
4.939453124999995670e-01	2.073325943304307195e-01
1.505468750000001465e+00	9.399158323155534234e-01
4.464843749999994893e-01	1.774400054026875062e-01
6.552734374999995559e-01	2.715559686391481597e-01
4.831054687499994893e-01	1.840706810819411343e-01
7.392578124999997780e-01	2.879783572980885720e-01
7.830078124999997335e-01	2.994746266265311263e-01
5.340820312499996447e-01	1.917461244235999507e-01
6.382812499999996891e-01	2.223044031148858901e-01
5.495117187499996003e-01	1.860142731620826606e-01
5.807617187499996003e-01	1.906774816364218417e-01
5.598632812499995115e-01	1.842490832211693963e-01
4.424804687499994671e-01	1.369988934751641685e-01
3.419921874999994338e-01	1.108911050088596945e-01
7.769531249999998002e-01	2.366274972849435332e-01
3.869140624999994338e-01	1.181511351760590606e-01
6.278320312499996447e-01	1.767300611261742593e-01
4.246093749999995115e-01	1.227167775300791325e-01
5.857421874999997335e-01	1.650538775436610484e-01
3.830078124999994338e-01	1.112242692666997185e-01
3.939453124999994782e-01	1.065511109599249495e-01
6.522460937499997558e-01	1.749218606621377181e-01
6.323242187499996669e-01	1.641781142976262986e-01
4.885742187499995115e-01	1.290787435972189090e-01
6.422851562499997113e-01	1.636836794898304248e-01
6.971679687499996447e-01	1.751602206926124450e-01
5.429687499999995559e-01	1.357557232657106705e-01
5.176757812499995781e-01	1.263933518062612948e-01
7.216796874999997780e-01	1.745123881992540482e-01
7.070312499999997780e-01	1.686030311411471638e-01
4.153320312499995115e-01	1.015539671211399264e-01
5.382812499999996003e-01	1.257376313036729920e-01
