4.574218749999995337e-01	1.965408162523802071e-01
2.729492187499993339e-01	1.115068222421502775e-01
2.182617187499993061e-01	8.836111347885609868e-02
6.151367187499996447e-01	2.567837829693186413e-01
5.424804687499995559e-01	2.130251017803069802e-01
4.732421874999995226e-01	1.773156809109097676e-01
3.679687499999994560e-01	1.323253762610375195e-01
4.776367187499994671e-01	1.711591842955142717e-01
1.833984374999992895e-01	7.570057487828547871e-02
6.038085937499996225e-01	2.110935873455566103e-01
6.073242187499996447e-01	2.032690830491580003e-01
6.146484374999996447e-01	2.001393722571081779e-01
2.691406249999993561e-01	9.241385950227383461e-02
5.833007812499996225e-01	1.864581586468648522e-01
3.118164062499994005e-01	1.014352044932984587e-01
5.791992187499995781e-01	1.794806482961323613e-01
5.078124999999995559e-01	1.521274879010523495e-01
5.829101562499996447e-01	1.738061301003391290e-01
5.313476562499995781e-01	1.499300232811729416e-01
6.877929687499997335e-01	1.956253547353818678e-01
4.090820312499995337e-01	1.182890322671064920e-01
3.851562499999994782e-01	1.089641595465803414e-01
4.841796874999995670e-01	1.318733572034295198e-01
6.016601562499996891e-01	1.572890825699746475e-01
3.233398437499993561e-01	9.259956323341546336e-02
5.668945312499996669e-01	1.460937347327888880e-01
4.453124999999995559e-01	1.140729193551340281e-01
5.020507812499995781e-01	1.265194528437074417e-01
5.078124999999995559e-01	1.242126466977732935e-01
8.167968749999998668e-01	2.067263686727539018e-01
3.865234374999994560e-01	9.831644699060478054e-02
4.802734374999995115e-01	1.159552307504169294e-01
6.731445312499997335e-01	1.590993662724475011e-01
5.014648437499995559e-01	1.204809646956243874e-01
3.036132812499994227e-01	8.201027401908296544e-02
