3.532226562499993783e-01	1.512110484485130746e-01
4.210937499999994893e-01	1.750964090483567159e-01
4.943359374999996003e-01	2.074414029058353759e-01
3.774414062499994449e-01	1.460404516661780450e-01
3.659179687499993783e-01	1.331497988896151730e-01
4.907226562499995559e-01	1.887852844575588773e-01
8.325195312499998890e-01	3.776070514200409733e-01
5.479492187499995781e-01	2.032061420695105980e-01
7.703124999999998446e-01	3.156243255579062601e-01
9.501953125000000000e-01	4.079585768819405378e-01
5.303710937499995781e-01	1.809132957253417884e-01
4.704101562499996003e-01	1.518177509645274037e-01
5.490234374999996003e-01	1.779894049726184480e-01
3.457031249999994449e-01	1.032583978788802204e-01
4.266601562499995337e-01	1.282847905891044415e-01
3.387695312499994227e-01	9.532703043073088855e-02
3.300781249999993339e-01	9.451606052620084575e-02
5.335937499999996447e-01	1.574450814232507267e-01
6.859374999999997558e-01	2.135971355151298212e-01
4.729492187499995115e-01	1.319535370812793817e-01
5.364257812499996225e-01	1.491625543843883572e-01
5.245117187499995781e-01	1.445829554928512450e-01
4.186523437499994893e-01	1.104731262964402383e-01
4.317382812499994671e-01	1.122221393103040726e-01
3.292968749999993783e-01	8.178074653491206047e-02
5.928710937499995781e-01	1.604048059209889077e-01
4.961914062499995781e-01	1.260622709607641390e-01
4.169921874999995004e-01	1.019341933752724860e-01
4.620117187499994671e-01	1.135595901445868028e-01
3.874023437499994893e-01	9.184464110909547341e-02
6.614257812499996225e-01	1.732658775917209071e-01
6.014648437499996447e-01	1.512001031374560489e-01
4.834960937499995781e-01	1.137228270336588104e-01
5.002929687499995115e-01	1.145300427295021795e-01
4.505859374999995337e-01	1.009994641393330700e-01
