5.276367187499995115e-01	2.533908533199694113e-01
3.781249999999994338e-01	1.590132087901947322e-01
3.106445312499994671e-01	1.208441620799394212e-01
9.006835937499998446e-01	5.049138793633938249e-01
9.391601562499999334e-01	5.042744642527322574e-01
6.592773437499995781e-01	2.879744324381960374e-01
1.016699218749999911e+00	5.204793517559077598e-01
6.537109374999996447e-01	2.655592191444953176e-01
4.145507812499994449e-01	1.453025041683670693e-01
9.422851562499998668e-01	4.272455031384460589e-01
6.097656249999995337e-01	2.250060021921330422e-01
3.488281249999993783e-01	1.107341397080784801e-01
3.849609374999994893e-01	1.209653712196212400e-01
4.269531249999994893e-01	1.359500125459051356e-01
3.925781249999994449e-01	1.189693171107184116e-01
4.080078124999994560e-01	1.225335825450257349e-01
5.747070312499996669e-01	1.890565830871968889e-01
3.700195312499995337e-01	1.044303863771902097e-01
7.941406249999998224e-01	2.871917003408639979e-01
5.193359374999995115e-01	1.560107980429683017e-01
5.711914062499997558e-01	1.751781923657221018e-01
3.360351562499994671e-01	8.947186449582027190e-02
6.965820312499997335e-01	2.212501290979052293e-01
5.360351562499996447e-01	1.532011792567322672e-01
4.886718749999995337e-01	1.316379157820502244e-01
4.372070312499994893e-01	1.141561505343415966e-01
6.842773437499997113e-01	2.048905494700050955e-01
6.683593749999997558e-01	1.954805177739465105e-01
3.636718749999994227e-01	8.460573074172236807e-02
5.191406249999995781e-01	1.366994587120537175e-01
4.188476562499995337e-01	1.014996708912144358e-01
5.855468749999996891e-01	1.560159623661502015e-01
4.397460937499995115e-01	1.057407410724939961e-01
5.397460937499997113e-01	1.367412108964134176e-01
5.976562499999995559e-01	1.551931123959778558e-01
