3.614257812499994671e-01	1.468092045112392718e-01
6.451171874999996891e-01	2.824595271921967465e-01
9.038085937499998890e-01	4.274609233498383731e-01
4.823242187499995337e-01	1.890123338549436205e-01
5.691406249999996225e-01	2.171489390199433933e-01
3.097656249999993783e-01	1.166134832595486642e-01
5.044921874999994671e-01	1.792343618263587679e-01
7.787109374999996447e-01	2.890005168748786546e-01
3.805664062499993783e-01	1.303866189288708788e-01
3.678710937499994893e-01	1.212133737738714800e-01
1.113476562500000044e+00	4.371178816772525177e-01
4.478515624999995226e-01	1.440765978447991480e-01
8.684570312499999556e-01	2.976632624419440210e-01
8.892578124999999112e-01	3.015890492764023989e-01
2.212890624999993006e-01	8.288731843152954970e-02
3.592773437499994227e-01	1.089768477973318411e-01
2.337890624999993117e-01	7.986574631020518233e-02
8.167968749999998668e-01	2.463255116472545247e-01
5.254882812499995781e-01	1.505338090222720915e-01
4.069335937499994893e-01	1.095827445796527383e-01
6.022460937499997113e-01	1.673089170075753307e-01
3.541992187499993783e-01	9.939283277483905443e-02
7.675781249999997780e-01	2.141286173307272722e-01
6.384765624999997335e-01	1.706997083356321387e-01
5.574218749999996225e-01	1.452079152205179580e-01
5.783203124999996003e-01	1.489112368886204574e-01
4.236328124999994560e-01	1.074120459488969309e-01
4.512695312499995781e-01	1.123112166604796763e-01
5.523437499999996891e-01	1.339491839545798868e-01
8.322265624999998224e-01	2.133941304468307820e-01
5.212890624999997335e-01	1.255340888846819825e-01
4.936523437499995559e-01	1.178807323569372179e-01
3.160156249999993561e-01	8.166531225700869590e-02
2.958007812499994227e-01	7.625917941637345987e-02
4.201171874999995448e-01	9.648826027507625969e-02
