7.284179687499996447e-01	3.506094534106313221e-01
5.541992187499995559e-01	2.362976678489962234e-01
3.753906249999994227e-01	1.456626500645986089e-01
7.451171874999997780e-01	3.327422748470218461e-01
8.791992187499998446e-01	4.087019896563063859e-01
7.893554687499998446e-01	3.356358243598556723e-01
4.166992187499994893e-01	1.449837070827029173e-01
8.127929687499997335e-01	3.336149498428327420e-01
4.022460937499994227e-01	1.319011069253253898e-01
4.516601562499995559e-01	1.479296845489327106e-01
4.048828124999994116e-01	1.268944128207904476e-01
3.079101562499994005e-01	9.306328697553749307e-02
3.865234374999994560e-01	1.183370935760717640e-01
5.322265624999995559e-01	1.706775793948330788e-01
5.970703124999996447e-01	1.946160757968101451e-01
4.193359374999995337e-01	1.218949759872653693e-01
4.803710937499995337e-01	1.421783555067180904e-01
5.644531249999995559e-01	1.744101395964751944e-01
4.376953124999994893e-01	1.218599386047555522e-01
5.996093749999996669e-01	1.804096487819120131e-01
3.970703124999994671e-01	1.062371664835055907e-01
3.889648437499994005e-01	1.036547835034624249e-01
4.757812499999995448e-01	1.290691548331800720e-01
5.068359374999995559e-01	1.377740075711229306e-01
5.399414062499997558e-01	1.476147411780170393e-01
4.780273437499995559e-01	1.257612178838878880e-01
3.479492187499994005e-01	8.429239950975203621e-02
6.391601562499997780e-01	1.794686250728249610e-01
2.795898437499992895e-01	6.513293986983789696e-02
6.506835937499996225e-01	1.797760640078222838e-01
3.789062499999994449e-01	8.988293122374868549e-02
4.389648437499994449e-01	1.059282782253675170e-01
4.906249999999995337e-01	1.205085262817736785e-01
7.475585937499996669e-01	2.118718880820117945e-01
4.855468749999996003e-01	1.154975834814058466e-01
