5.933593749999996891e-01	2.533130731374093059e-01
3.633789062499994671e-01	1.371045420308147356e-01
5.960937499999996447e-01	2.381105330113199581e-01
7.158203124999997780e-01	2.941978409467312372e-01
4.632812499999995337e-01	1.619226498441491691e-01
5.519531249999996003e-01	1.965240637560684012e-01
5.351562499999995559e-01	1.843471456015944310e-01
6.460937499999996891e-01	2.236800024324576697e-01
7.759765624999999112e-01	2.772967552096596844e-01
6.188476562499997113e-01	2.038530979797080478e-01
5.803710937499996225e-01	1.840397149953243716e-01
7.231445312499997780e-01	2.374734662602429325e-01
5.561523437499995559e-01	1.676810845159862895e-01
4.869140624999995226e-01	1.416220442896895249e-01
5.154296874999995115e-01	1.484976983278472884e-01
5.152343749999995781e-01	1.457761872527994218e-01
5.610351562499995559e-01	1.572023542342133595e-01
6.245117187499996669e-01	1.751188857759060635e-01
2.085937499999993006e-01	7.122669844560768071e-02
2.998046874999993894e-01	8.487967091706043188e-02
6.865234374999997780e-01	1.887222144676869717e-01
4.816406249999994893e-01	1.230441320120200938e-01
4.721679687499995559e-01	1.193057476645614512e-01
5.289062499999994671e-01	1.338972416881416272e-01
4.170898437499994671e-01	1.021502175854907407e-01
5.672851562499996447e-01	1.408415692016804777e-01
4.104492187499995115e-01	9.968954864428189455e-02
3.504882812499994227e-01	8.543425896980817724e-02
6.431640624999996891e-01	1.573705775758975911e-01
4.648437499999995004e-01	1.065714630727631201e-01
6.487304687499996225e-01	1.537764964205299290e-01
8.610351562499998224e-01	2.172078618794238414e-01
4.323242187499994893e-01	9.761227467138637592e-02
4.863281249999995559e-01	1.068930201128750618e-01
5.051757812499995115e-01	1.096847732430424882e-01
