6.363281249999996891e-01	3.066487392088502184e-01
4.203124999999995337e-01	1.759577791027902849e-01
1.862304687499992950e-01	8.206498920938540276e-02
3.783203124999994227e-01	1.443698615234881577e-01
3.660156249999994005e-01	1.350187749962169503e-01
2.436523437499993339e-01	9.155719231838831129e-02
6.006835937499995781e-01	2.335383171407495462e-01
4.174804687499994449e-01	1.459562695905029794e-01
3.666992187499994449e-01	1.203069909849352054e-01
5.650390624999996891e-01	1.958361025521784260e-01
3.070312499999993672e-01	9.994452735378975272e-02
5.134765624999995115e-01	1.649649431174490810e-01
3.910156249999994227e-01	1.195878256187019040e-01
7.897460937499999334e-01	2.732091222982317991e-01
5.470703124999996003e-01	1.689829231072977334e-01
5.022460937499996225e-01	1.487810219284543822e-01
6.209960937499997558e-01	1.877528259935416499e-01
6.188476562499997113e-01	1.838828580447005590e-01
4.552734374999994893e-01	1.283703630380309824e-01
8.385742187499999334e-01	2.576436093050584741e-01
5.502929687499995559e-01	1.529470281403346732e-01
4.392578124999994560e-01	1.179889474332683624e-01
5.675781249999996003e-01	1.536026796365976554e-01
6.052734374999995115e-01	1.583714994803263054e-01
4.769531249999995337e-01	1.223135430341805857e-01
6.097656249999995337e-01	1.581867531187721720e-01
4.768554687499995115e-01	1.174472459593835505e-01
5.748046874999996891e-01	1.438980248961493624e-01
5.563476562499996003e-01	1.358636080928224965e-01
4.710937499999995337e-01	1.121220314103245075e-01
3.867187499999994449e-01	9.197244450082743550e-02
6.545898437499996225e-01	1.563000765296964356e-01
5.856445312499997113e-01	1.366283602498375438e-01
3.461914062499994449e-01	8.309770092053592183e-02
4.738281249999994893e-01	1.068514519529191464e-01
