6.460937499999996891e-01	3.405284646390114300e-01
4.394531249999994449e-01	1.962035343513605923e-01
9.089843749999998446e-01	4.857681888315677488e-01
5.006835937499994893e-01	2.107912495971172584e-01
4.161132812499994671e-01	1.712198965688238594e-01
3.230468749999994005e-01	1.287082559536211479e-01
3.141601562499993783e-01	1.204549062133866699e-01
4.019531249999994671e-01	1.461171970868379855e-01
5.687499999999996447e-01	2.110952041026754600e-01
4.357421874999995448e-01	1.533725461513719412e-01
3.208984374999994116e-01	1.133025580703601737e-01
1.143359375000000178e+00	4.615732557552864046e-01
4.831054687499994893e-01	1.644647886866880959e-01
5.098632812499994671e-01	1.679784250943409107e-01
4.616210937499994893e-01	1.482269649847107185e-01
3.104492187499994227e-01	1.002320356251768380e-01
7.080078124999997780e-01	2.218550460979137884e-01
4.954101562499996225e-01	1.519112787717608881e-01
5.369140624999997335e-01	1.614876275602313838e-01
5.125976562499995337e-01	1.494480306978915596e-01
5.170898437499995559e-01	1.471651684514020675e-01
4.308593749999994893e-01	1.203147833524258747e-01
3.101562499999994116e-01	9.718405999119644756e-02
6.962890624999997780e-01	1.930513007940064807e-01
4.848632812499995559e-01	1.294714006641096149e-01
3.902343749999994671e-01	1.082915448798239672e-01
5.715820312499997335e-01	1.495150149328221822e-01
4.480468749999995115e-01	1.178123177482290340e-01
9.232421874999998668e-01	2.459583894817417016e-01
8.184570312499999112e-01	2.111587939687713800e-01
3.260742187499994227e-01	9.419401696472493035e-02
6.798828124999996003e-01	1.642787635934216395e-01
3.080078124999993672e-01	8.801334345261396797e-02
4.078124999999994671e-01	1.030073171216925043e-01
5.209960937499996669e-01	1.241896561125394177e-01
