5.791015624999995559e-01	2.688135815043868337e-01
5.333007812499995781e-01	2.252633983924100247e-01
5.018554687499995337e-01	2.088941201532563130e-01
8.626953124999998668e-01	3.957035649640785469e-01
2.959960937499993561e-01	1.105737159350376475e-01
5.691406249999996225e-01	2.219317203256596649e-01
6.999023437499997113e-01	2.654956877356865474e-01
6.612304687499995781e-01	2.436873009708074578e-01
6.400390624999998668e-01	2.268495225315138863e-01
2.995117187499993783e-01	1.063036343893019320e-01
5.174804687499995337e-01	1.716527102303980756e-01
4.011718749999995115e-01	1.290289018238935659e-01
3.946289062499994671e-01	1.271119410554307771e-01
4.794921874999995004e-01	1.516394955332630301e-01
5.010742187499995781e-01	1.539904259088107075e-01
6.571289062499997558e-01	2.029927373705741889e-01
4.038085937499994449e-01	1.209998858034801728e-01
6.231445312499996891e-01	1.837603819400215333e-01
5.008789062499995337e-01	1.424656739740098599e-01
5.387695312499997113e-01	1.484456444363784489e-01
5.180664062499996669e-01	1.396510834109984667e-01
2.943359374999994227e-01	8.771290422306662893e-02
4.616210937499994893e-01	1.226180441186813658e-01
4.303710937499994893e-01	1.124953329002980895e-01
7.554687499999996891e-01	2.054687247814375728e-01
3.603515624999994449e-01	9.479679542419935934e-02
4.874999999999995448e-01	1.211158040197990726e-01
5.004882812499995559e-01	1.253765116782188660e-01
5.249023437499995559e-01	1.282891899325085683e-01
4.555664062499994449e-01	1.097086657103447799e-01
6.014648437499996447e-01	1.417227416570806808e-01
7.468749999999997335e-01	1.811899323222291025e-01
5.057617187499995337e-01	1.187976973728464281e-01
3.474609374999994560e-01	8.428039360206801556e-02
4.644531249999994671e-01	1.061220799960123640e-01
