7.641601562499997780e-01	3.600407419134347697e-01
3.102539062499993783e-01	1.223315013586270400e-01
1.572070312500001732e+00	9.748952851124688124e-01
2.447265624999993006e-01	9.954173340887759180e-02
3.291992187499993561e-01	1.232662871305612723e-01
7.537109374999997335e-01	3.059685054453346598e-01
6.819335937499996225e-01	2.617280630442787581e-01
5.280273437499994893e-01	1.849624469539022376e-01
5.748046874999996891e-01	2.007446185529448979e-01
4.351562499999995226e-01	1.391908413845759362e-01
6.415039062499997558e-01	2.141768450783197164e-01
5.468749999999995559e-01	1.737310159331877935e-01
4.291992187499994449e-01	1.318320169499558880e-01
4.546874999999994671e-01	1.367456887634270757e-01
2.907226562499993783e-01	8.997137967634201428e-02
4.352539062499994893e-01	1.243114124105925977e-01
4.358398437499995115e-01	1.226061635784793657e-01
3.732421874999994338e-01	1.055790447439390323e-01
5.876953124999997335e-01	1.658757823005813647e-01
5.568359374999996003e-01	1.520464265278704818e-01
4.666015624999995115e-01	1.254181151562104302e-01
4.707031249999995559e-01	1.234074796886727859e-01
7.157226562499997558e-01	1.990370311758271060e-01
7.888671874999999556e-01	2.200732906530324107e-01
3.824218749999994671e-01	9.614766981455710737e-02
3.471679687499994449e-01	8.804056694201541078e-02
5.429687499999995559e-01	1.333909324997440693e-01
6.488281249999996447e-01	1.645475867785948232e-01
8.013671874999999112e-01	2.090408492896742298e-01
5.926757812499996447e-01	1.425347968695881984e-01
3.830078124999994338e-01	9.026270276375500390e-02
5.040039062499995781e-01	1.154569717502749449e-01
5.687499999999996447e-01	1.313986105594049936e-01
4.357421874999995448e-01	9.761094093683839179e-02
4.613281249999995337e-01	1.017689014917812912e-01
