1.142382812500000400e+00	7.080963031839148103e-01
5.106445312499995337e-01	2.234222082397215037e-01
6.189453124999997335e-01	2.710045479143394220e-01
8.754882812499998890e-01	4.102669036580433026e-01
5.455078124999996891e-01	2.115930190811736722e-01
6.639648437499996447e-01	2.662788650954666658e-01
2.933593749999994227e-01	1.048541824885736579e-01
4.045898437499994005e-01	1.404244250618484346e-01
5.708007812499996669e-01	2.003476083865591839e-01
6.496093749999997113e-01	2.345061224942886213e-01
2.878906249999994005e-01	9.295540793955998915e-02
3.427734374999994449e-01	1.087087692809361045e-01
5.734374999999996003e-01	1.870973181605964097e-01
5.970703124999996447e-01	1.945373624327843831e-01
3.167968749999994227e-01	9.317219960699875403e-02
6.711914062499998446e-01	2.185867105016897627e-01
3.492187499999994116e-01	9.945815151189427161e-02
3.919921874999994782e-01	1.111127862596937438e-01
3.889648437499994005e-01	1.088626055700898793e-01
5.807617187499996003e-01	1.695730104598751342e-01
5.429687499999995559e-01	1.535126259537894777e-01
3.297851562499993783e-01	8.829867593355626709e-02
9.023437500000000000e-01	2.917363672454772461e-01
5.326171874999996447e-01	1.426716807897232264e-01
5.060546874999996003e-01	1.315136682067800933e-01
6.056640624999996003e-01	1.634438259427007378e-01
7.555664062499997113e-01	2.146405948490384963e-01
6.289062499999995559e-01	1.663103149908329026e-01
7.501953124999998224e-01	2.062829566669475145e-01
3.931640624999994671e-01	9.303102183884202903e-02
4.598632812499995337e-01	1.093371048271021134e-01
7.230468749999997558e-01	1.901277700258345860e-01
7.201171874999998668e-01	1.857042843811876343e-01
5.083007812499995559e-01	1.175556194121293724e-01
7.497070312499998224e-01	1.915389126020104194e-01
