4.322265624999994671e-01	1.947941625565230428e-01
3.977539062499995115e-01	1.647842082453795376e-01
5.042968749999995337e-01	2.115860904978836554e-01
3.706054687499994449e-01	1.421617944608353223e-01
4.138671874999994560e-01	1.561765820758830858e-01
4.895507812499995115e-01	1.836503428613655564e-01
5.325195312499996225e-01	1.970260344574127631e-01
5.067382812499995337e-01	1.806979069745423272e-01
3.915039062499994227e-01	1.311363366747813342e-01
3.702148437499994671e-01	1.214512458512394394e-01
5.604492187499995337e-01	1.888365909253866826e-01
8.431640624999998668e-01	3.139922427492953250e-01
4.400390624999994671e-01	1.372779342902715749e-01
3.233398437499993561e-01	1.006344103876981727e-01
1.382910156250000799e+00	6.003452438849858908e-01
5.491210937499996225e-01	1.683157402593512542e-01
3.869140624999994338e-01	1.132967707578677735e-01
4.774414062499995337e-01	1.394735283092513878e-01
4.141601562499994671e-01	1.157405305824640157e-01
5.305664062499996225e-01	1.496585767474918061e-01
3.512695312499994893e-01	9.412924457261824529e-02
5.177734374999996003e-01	1.426574734517121745e-01
5.245117187499995781e-01	1.388814083839796099e-01
4.264648437499994893e-01	1.112767796823930094e-01
5.020507812499995781e-01	1.287980899073757624e-01
4.969726562499995337e-01	1.251314835949574877e-01
7.361328124999997335e-01	1.979532765819006224e-01
6.069335937499996669e-01	1.536652338452222100e-01
6.153320312499996891e-01	1.542433621937263355e-01
4.749999999999995337e-01	1.140620184595003972e-01
5.431640624999996003e-01	1.291215478186247545e-01
5.857421874999997335e-01	1.395216704532565299e-01
4.809570312499995559e-01	1.106016271299565257e-01
3.470703124999994227e-01	7.978487121615036870e-02
7.864257812499998446e-01	1.931439456382564590e-01
