4.813476562499995337e-01	1.976032305866237682e-01
5.081054687499995115e-01	2.083480492386215743e-01
6.143554687499995781e-01	2.474905597365312515e-01
4.537109374999995226e-01	1.726455815301705665e-01
4.308593749999994893e-01	1.524641565999724224e-01
6.041015624999996891e-01	2.208991806205430619e-01
5.889648437499996891e-01	2.087251612850141991e-01
5.697265624999996447e-01	1.943991489872279321e-01
6.567382812499996669e-01	2.256846523491443379e-01
6.398437499999998224e-01	2.121595281247796727e-01
5.356445312499996669e-01	1.689252500617779151e-01
6.393554687499997113e-01	2.028460076952409707e-01
2.609374999999993783e-01	9.553236847516430319e-02
6.935546874999998224e-01	2.166917244912180407e-01
2.309570312499993061e-01	8.753039158995114255e-02
5.185546874999995559e-01	1.553485825763371020e-01
9.237304687499998668e-01	2.846379974276174174e-01
2.658203124999993228e-01	8.870914346455360810e-02
4.681640624999995337e-01	1.317253599527610231e-01
6.467773437499996225e-01	1.776126745946865482e-01
5.322265624999995559e-01	1.403069019022650521e-01
5.709960937499997113e-01	1.516522909536764940e-01
5.270507812499996003e-01	1.404216323214725615e-01
5.890624999999997113e-01	1.505875880757657492e-01
5.953124999999996891e-01	1.530576535615656153e-01
4.368164062499995115e-01	1.127931783958985856e-01
8.332031249999998224e-01	2.152869240430926590e-01
4.679687499999995448e-01	1.153181188154242531e-01
8.605468749999998224e-01	2.159070715233202820e-01
4.485351562499995115e-01	1.096058598542053453e-01
3.314453124999993672e-01	8.773207802266168309e-02
3.246093749999994227e-01	8.542829434867303673e-02
5.941406249999996447e-01	1.375761085407321560e-01
4.212890624999994782e-01	9.803450737396644799e-02
4.562499999999994893e-01	1.059731248000097270e-01
