4.947265624999995781e-01	2.211878266474825994e-01
3.975585937499994671e-01	1.623818764433675732e-01
4.389648437499994449e-01	1.792714666679440239e-01
2.719726562499993339e-01	9.759755540251539851e-02
5.888671874999997780e-01	2.483162570030040539e-01
3.316406249999993561e-01	1.192814507338800095e-01
4.561523437499994671e-01	1.681337020906141511e-01
3.920898437499994449e-01	1.332913927291805578e-01
2.256835937499993283e-01	7.517829998221396692e-02
5.059570312499995781e-01	1.777162332058485894e-01
4.035156249999994893e-01	1.307291110144512825e-01
4.020507812499994893e-01	1.285979424348228095e-01
2.272460937499992950e-01	7.036123787183362621e-02
1.978515624999993006e-01	6.101460666441614611e-02
3.885742187499994227e-01	1.157991874942826543e-01
3.249999999999994005e-01	9.356586849350530255e-02
5.033203124999996447e-01	1.565791810599791445e-01
5.009765624999995559e-01	1.530471305681911920e-01
4.095703124999994782e-01	1.164062607000074662e-01
4.311523437499994449e-01	1.221878610527496883e-01
7.029296874999997335e-01	2.297038048136452182e-01
3.320312499999993894e-01	8.689336741370005945e-02
3.650390624999994005e-01	9.622057607551033620e-02
5.644531249999995559e-01	1.618504393420274190e-01
4.216796874999995115e-01	1.108938446634173541e-01
3.214843749999993783e-01	7.980134594404773851e-02
3.429687499999994338e-01	8.369031718304797973e-02
4.130859374999995004e-01	1.025472476783863413e-01
4.910156249999995115e-01	1.271536501217178095e-01
6.356445312499997558e-01	1.748984683224477643e-01
8.529296874999998668e-01	2.636424794233359070e-01
5.244140624999995559e-01	1.312666563820864829e-01
5.184570312499996447e-01	1.267331378365302297e-01
2.916015624999993561e-01	6.538337534142375784e-02
5.320312499999995115e-01	1.294830513253275028e-01
