3.447265624999994449e-01	1.410305225000594576e-01
3.645507812499994005e-01	1.448636743568875174e-01
9.684570312500000444e-01	4.849484892269214642e-01
2.254882812499993117e-01	9.376437221017554224e-02
4.749999999999995337e-01	1.839072433854982980e-01
3.612304687499994227e-01	1.351062129316896177e-01
3.805664062499993783e-01	1.406392024071839997e-01
5.313476562499995781e-01	1.911271113354441886e-01
7.007812499999996891e-01	2.552127608365855060e-01
3.794921874999994116e-01	1.259276725181792955e-01
4.368164062499995115e-01	1.454570860569732449e-01
4.453124999999995559e-01	1.457539078939961985e-01
4.100585937499995337e-01	1.326223614275142959e-01
3.802734374999994227e-01	1.199729566802489183e-01
5.974609374999995115e-01	1.860749768905655133e-01
3.974609374999995004e-01	1.250779064231606341e-01
5.083007812499995559e-01	1.518597700111055937e-01
3.217773437499994449e-01	9.928405896821689003e-02
5.581054687499995559e-01	1.547162948009589978e-01
2.649414062499992895e-01	8.377385733238952581e-02
4.565429687499994449e-01	1.276625891456659723e-01
3.215820312499994005e-01	9.555913756512024460e-02
2.977539062499994227e-01	8.733118575334541944e-02
3.924804687499994227e-01	1.065957256709069989e-01
5.243164062499995337e-01	1.337851416968504070e-01
5.983398437499996003e-01	1.548270097936615408e-01
4.169921874999995004e-01	1.082657934887985424e-01
5.465820312499996003e-01	1.376939110301118596e-01
5.867187499999997335e-01	1.429060620807938720e-01
4.993164062499995115e-01	1.206436268972123776e-01
5.957031249999996669e-01	1.438472979572747723e-01
4.861328124999995670e-01	1.160574965235725980e-01
4.820312499999995226e-01	1.141681426125614185e-01
6.232421874999996003e-01	1.450779297644763377e-01
4.333984374999995115e-01	1.046019999324509092e-01
