4.140624999999994449e-01	1.684094227156029411e-01
4.005859374999994893e-01	1.573068365415415115e-01
3.121093749999993561e-01	1.195339118947882084e-01
1.011425781249999822e+00	4.654330960445329235e-01
2.524414062499993339e-01	1.007749735661494089e-01
4.469726562499994893e-01	1.579523057833096822e-01
4.824218749999995559e-01	1.647330033608206679e-01
5.521484374999996447e-01	1.877690373827762549e-01
4.202148437499995115e-01	1.383306458936226502e-01
3.569335937499994449e-01	1.146804208528839353e-01
4.318359374999994893e-01	1.349553961059927198e-01
3.604492187499994671e-01	1.141080043275053968e-01
3.568359374999994227e-01	1.070959915080092056e-01
5.682617187499996447e-01	1.661981426016654884e-01
3.886718749999994449e-01	1.110026588697312633e-01
6.857421874999998224e-01	2.027771177453145390e-01
7.386718749999998668e-01	2.171737325572499211e-01
2.733398437499993117e-01	8.368603321830758723e-02
6.008789062499996225e-01	1.682791941287950233e-01
4.100585937499995337e-01	1.123190330825505762e-01
4.130859374999995004e-01	1.103067489024034398e-01
3.822265624999994227e-01	1.008897785784669127e-01
5.854492187499996669e-01	1.521233345700409578e-01
5.275390624999996003e-01	1.346093171569435754e-01
2.902343749999993783e-01	8.011331823041328848e-02
6.051757812499996003e-01	1.519031203211284597e-01
3.661132812499994227e-01	9.284030262232641217e-02
4.992187499999995448e-01	1.204357660064482166e-01
7.426757812499997780e-01	1.833739252478808202e-01
5.415039062499996669e-01	1.271348556220577852e-01
4.561523437499994671e-01	1.059272874876603376e-01
5.379882812499996447e-01	1.238484095226007470e-01
6.160156249999996225e-01	1.399403832562319261e-01
6.409179687499997335e-01	1.465353342153434268e-01
4.287109374999995004e-01	9.636619795978335068e-02
