339.86832	19.114375
340.2509644343084	33996.28125
340.6335677717954	648.9785416666667
341.0161300043036	516.088125
341.3986511236755	818.2772916666667
341.78113112175373	747.2810416666666
342.16356999038084	736.3585416666666
342.5459677213995	765.4852083333334
342.92832430665214	10674.013125
343.3106397379815	1887.7720833333333
343.69291400723	793.7016666666667
344.0751471062403	762.7545833333334
344.45733902685504	873.7999999999998
344.83948976091665	929.3227083333333
345.2215993002679	884.7225
345.60366763675125	891.0939583333334
345.9856947622093	978.4739583333334
346.3676806684845	807.3547916666666
346.74962534741974	881.0816666666666
347.1315287908573	986.6658333333334
347.51339099064	986.6658333333334
347.8952119386102	932.0533333333333
348.2769916266106	922.0410416666667
348.6587300464838	1614.7095833333333
349.0404271900723	1084.9683333333332
349.4220830492187	1137.7604166666667
349.80369761576566	1089.519375
350.1852708815557	1234.2425
350.5668028384313	1129.5685416666668
350.9482934782352	1605.6075
351.32974279281	1103.1725
351.71115077399816	1060.3927083333335
352.0925174136422	1310.7
352.47384270358486	1233.3322916666668
352.8551266356687	1033.0864583333332
353.23636920173624	1164.1564583333334
353.61757039363005	1142.3114583333333
353.9987302031928	1435.3985416666667
354.379848622267	1356.2104166666666
354.76092564269516	1195.1035416666666
355.14196125632	1168.7075000000002
355.52295545498407	1338.0062500000001
355.90390823052985	1273.3814583333333
356.2848195748	2114.413958333333
356.6656894796371	1247.895625
357.04651793688373	1238.7935416666667
357.4273049383824	1185.0912500000002
357.8080504759759	1232.4220833333334
358.18875454150657	1346.198125
358.5694171268171	1248.8058333333333
358.9500382237499	1251.5364583333333
359.3306178241479	1303.4183333333333
359.7111559198534	1209.666875
360.0916525027091	1151.4135416666666
360.47210756455746	1230.6016666666667
360.85252109724127	1267.01
361.23289309260286	1155.054375
361.61322354248495	1203.2954166666666
361.99351243873014	1241.5241666666668
362.37375977318095	1445.4108333333334
362.75396553768	1351.6593750000002
363.1341297240698	1297.046875
363.514252324193	1115.0052083333333
363.8943333298922	1118.6460416666666
364.27437273300995	1506.3947916666668
364.65437052538874	1256.9977083333333
365.03432669887127	1117.7358333333332
365.4142412453001	1202.3852083333334
365.7941141565177	1664.7710416666669
366.1739454243669	1231.511875
366.55373504069	1237.8833333333334
366.93348299732975	1201.4750000000001
367.31318928612865	1288.8550000000002
367.6928538989293	1216.9485416666666
368.0724768275743	1111.364375
368.4520580639063	1426.2964583333335
368.83159759976763	1309.7897916666666
369.21109542700117	1806.7635416666665
369.59055153744936	1312.5204166666665
369.9699659229547	1206.0260416666667
370.34933857536	1135.94
370.72866948650767	1167.7972916666665
371.10795864824024	1189.6422916666668
371.4872060524004	1419.0147916666665
371.8664116908307	1268.8304166666667
372.2455755553737	2294.635208333333
372.6246976378721	1294.31625
373.00377793016827	1484.5497916666666
373.38281642410493	1405.3616666666667
373.76181311152465	1323.4429166666669
374.14076798427	1297.9570833333335
374.5196810341835	1403.5412500000002
374.8985522531078	1323.4429166666666
375.2773816328855	1209.666875
375.6561691653591	1235.1527083333333
376.0349148423712	1184.1810416666667
376.4136186557645	1052.2008333333333
376.7922805973814	1171.438125
377.17090065906456	1116.8256250000002
377.5494788326565	1148.6829166666669
377.92801511000005	1295.2264583333333
378.3065094829374	1390.7983333333334
378.6849619433114	1147.7727083333332
379.0633724829646	1419.0147916666667
379.4417410937395	1277.9325000000001
379.82006776747875	2045.2381249999999
380.1983524960249	1164.1564583333334
380.57659527122047	1129.5685416666668
380.9547960849082	1195.1035416666666
381.33295492893046	1085.8785416666667
381.71107179513	1254.2670833333332
382.08914667534935	1179.63
382.467179561431	1075.86625
382.84517044521766	1211.4872916666666
383.22311931855194	1256.9977083333333
383.60102617327624	1259.7283333333332
383.97889100123325	1543.7133333333331
384.35671379426554	1167.7972916666668
384.73449454421575	1167.7972916666665
385.1122332429263	1189.6422916666668
385.48992988224	1241.5241666666668
385.8675844539992	1131.3889583333332
386.24519695004665	1216.9485416666669
386.6227673622248	1178.7197916666667
387.0002956823763	1234.2425
387.3777819023437	1580.1216666666667
387.75522601396966	1333.4552083333335
388.1326280090966	1246.0752083333334
388.5099878795673	1210.5770833333333
388.8873056172243	1173.2585416666668
389.26458121391	1067.6743749999998
389.6418146614671	1262.4589583333334
390.0190059517382	1107.7235416666667
390.3961550765659	1100.441875
390.77326202779267	1299.7775
391.15032679726124	1084.9683333333335
391.5273493768141	1160.515625
391.9043297582938	1197.8341666666668
392.2812679335429	1181.4504166666666
392.65816389440414	1267.9202083333332
393.03501763272	1231.5118750000001
393.41182914033305	1274.2916666666667
393.7885984090858	1174.16875
394.165325430821	1439.9495833333333
394.5420101973811	1253.3568750000002
394.9186527006087	1141.4012500000001
395.29525293234644	1235.1527083333333
395.67181088443687	1142.3114583333333
396.04832654872257	1242.434375
396.424799917046	1433.578125
396.80123098124994	1116.825625
397.1776197331769	1329.814375
397.5539661646694	1218.7689583333333
397.93027026757005	1219.6791666666666
398.30653203372145	1216.9485416666669
398.6827514549662	1134.1195833333334
399.05892852314685	1367.1329166666667
399.4350632301059	1145.9522916666667
399.8111555676861	1239.70375
400.18720552772993	1151.4135416666668
400.56321310207994	1225.1404166666666
400.9391782825788	1187.8218749999999
401.315101061069	1241.5241666666668
401.6909814293932	1397.1697916666665
402.06681937939385	1215.1281250000002
402.4426149029137	1126.8379166666666
402.8183679917953	1257.9079166666668
403.19407863788103	1171.438125
403.56974683301377	1202.3852083333334
403.94537256903584	1122.286875
404.32095583779	1117.7358333333334
404.69649663111875	1387.1575
405.0719949408646	1319.8020833333333
405.4474507588703	1168.7075
405.82286407697836	1313.430625
406.1982348870312	1152.32375
406.57356318087164	1208.7566666666664
406.94884895034215	1124.1072916666667
407.3240921872853	1176.899375
407.6992928835437	1297.9570833333332
408.07445103095995	1130.47875
408.4495666213767	1275.201875
408.8246396466363	1155.9645833333334
409.19967009858135	1202.3852083333334
409.5746579690547	1348.92875
409.94960324989876	1094.0704166666667
410.324505932956	1166.8870833333333
410.69936601006924	1181.4504166666668
411.07418347308095	1235.1527083333333
411.4489583138336	1286.124375
411.82369052417	1365.3125
412.1983800959325	1085.8785416666667
412.5730270209638	1173.2585416666668
412.9476312911065	1157.7849999999999
413.32219289820307	1291.585625
413.6967118340962	1181.4504166666668
414.0711880906285	1248.8058333333336
414.4456216596423	1138.670625
414.8200125329805	1284.3039583333332
415.19436070248554	1262.4589583333334
415.56866615999996	1201.4750000000001
415.94292889736636	1294.3162499999999
416.3171489064274	1207.8464583333332
416.6913261790256	1402.6310416666668
417.0654607070035	1299.7775
417.43955248220374	1500.0233333333333
417.81360149646883	1333.4552083333335
418.1876077416415	1446.3210416666668
418.56157120956414	1135.9399999999998
418.9354918920794	1186.9116666666666
419.30936978103	1261.5487500000002
419.68320486825826	1260.6385416666665
420.056997145607	1260.6385416666667
420.43074660491874	1253.3568750000002
420.80445323803593	1198.744375
421.17811703680127	1340.7368749999998
421.55173799305726	1239.70375
421.9253160986466	1174.16875
422.2988513454117	1262.4589583333334
422.67234372519533	1238.7935416666667
423.04579322983994	1331.6347916666666
423.4191998511882	1506.3947916666666
423.79256358108256	1320.7122916666667
424.16588441136577	1309.7897916666668
424.5391623338803	1838.6208333333334
424.9123973404688	1330.7245833333334
425.2855894229737	1349.8389583333335
425.65873857323766	1243.3445833333333
426.03184478310334	1250.62625
426.4049080444133	1472.7170833333332
426.77792834901	1535.5214583333334
427.1509056887361	1353.4797916666666
427.5238400554342	1373.5043749999998
427.8967314409469	1337.0960416666667
428.2695798371167	1778.5470833333331
428.6423852357862	1458.1537500000002
429.0151476287981	1586.493125
429.38786700799477	2316.4802083333334
429.76054336521895	1615.6197916666667
430.13317669231316	1692.9875000000002
430.50576698111996	1532.7908333333332
430.878314223482	1713.0120833333333
431.25081841124177	1588.3135416666667
431.623279536242	2054.340208333333
431.99569759032505	1741.2285416666666
432.3680725653337	1892.3231250000001
432.7404044531105	1907.7966666666664
433.11269324549784	1847.7229166666666
433.4849389343386	1811.314583333333
433.85714151147505	1842.2616666666665
434.22930096874995	1889.5925
434.60141729800597	1934.1927083333333
434.9734904910854	2094.389375
435.3455205398311	2111.6833333333334
435.71750743608555	2027.0339583333334
436.08945117169117	2232.7410416666667
436.4613517384908	2173.5775
436.833209128327	2385.6560416666666
437.2050233330421	2205.4347916666666
437.57679434447897	2339.2354166666664
437.94852215448	2435.7175
438.3202067548878	2442.0889583333333
438.69184813754504	2529.4689583333334
439.0634462942942	2503.9831249999997
439.43500121697787	2653.2572916666663
439.8065128974388	2636.8735416666664
440.17798132751926	2673.281875
440.54940649906206	2725.1637499999997
440.92078840390974	2875.3481250000004
441.2921270339049	2905.3849999999998
441.66342238089	3017.3406250000003
442.0346744367077	3058.2999999999997
442.4058831932006	3061.030625
442.7770486422113	3107.45125
443.1481707755823	3202.112916666667
443.5192495851562	3562.5554166666666
443.89028506277566	3395.9872916666664
444.26127720028313	3426.9343750000003
444.6322259895213	3555.2737500000003
445.00313142233273	3548.9022916666668
445.37399349056	3574.388125
445.74481218604564	3554.363541666667
446.1155875006322	3781.005416666667
446.4863194261624	3599.873958333333
446.8570079544787	4361.718333333334
447.2276530774237	3689.074375
447.5982547868401	3700.907083333333
447.9688130745703	3796.478958333333
448.3393279324569	3713.6499999999996
448.7097993523426	3646.294583333334
449.08022732607	3542.5308333333337
449.45061184548155	3590.771875
449.82095290241983	3576.208541666667
450.1912504887275	3635.3720833333336
450.56150459624706	3481.546875
450.93171521682126	3559.8247916666664
451.30188234229246	3744.5970833333336
451.67200596450334	3291.3133333333335
452.04208607529654	3203.933333333333
452.4121226665145	3007.3283333333334
452.78211573	3126.5656249999997
453.15206525759544	2891.731875
453.52197124114343	2838.029583333333
453.8918336724866	2781.5966666666664
454.2616525434675	2749.7393749999997
454.6314278459287	3162.9739583333335
455.0011595717129	2580.4406249999997
455.37084771266245	2631.412291666667
455.74049226062016	2605.9264583333334
456.11009320742846	2448.460416666667
456.47965054492994	2347.4272916666664
456.8491642649673	2376.5539583333334
457.21863435938303	2385.6560416666666
457.5880608200197	2430.25625
457.95744363871995	2349.2477083333333
458.3267828073262	2183.5897916666668
458.69607831768127	2343.7864583333335
459.0653301616276	2306.4679166666665
459.43453833100773	2243.663541666667
459.8037028176643	2269.149375
460.17282361344	2104.4016666666666
460.54190071017723	2321.03125
460.9109340997186	2149.001875
461.2799237739068	2056.160625
461.64886972458436	2276.4310416666667
462.01777194359374	2133.528333333333
462.38663042277767	2820.735625
462.75544515397866	2126.2466666666664
463.1242161290393	2112.593541666667
463.49294333980225	1958.7683333333334
463.86162677810995	1943.2947916666665
464.2302664358051	2045.2381249999999
464.5988623047302	1996.9970833333334
464.96741437672785	1822.2370833333334
465.3359226436407	2193.602083333333
465.70438709731116	2320.1210416666668
466.0728077295821	2021.5727083333331
466.4411845322957	1868.6577083333334
466.8095174972949	1874.1189583333335
467.1778066164222	1729.3958333333333
467.54605188151993	1744.869375
467.914253284431	2151.7325
468.2824108169978	1675.6935416666668
468.65052447106297	1861.3760416666667
469.0185942384692	1921.4497916666667
469.38662011105873	1714.8325000000002
469.75460208067443	1670.2322916666665
470.1225401391589	1669.3220833333332
470.49043427835454	1542.8031249999997
470.85828449010404	1839.5310416666664
471.22609076624997	1499.1131249999999
471.5938530986349	1561.0072916666668
471.96157147910145	1781.2777083333333
472.3292458994921	1601.0564583333335
472.69687635164945	1618.350416666667
473.06446282741626	1690.256875
473.4320053186349	1662.9506250000002
473.7995038171479	1573.7502083333336
474.1669583147982	1487.2804166666667
474.5343688034279	2306.467916666667
474.90173527488	1539.1622916666668
475.26905772099684	1510.0356249999998
475.63633613362094	2103.4914583333334
476.0035705045952	1659.3097916666666
476.3707608257619	1771.2654166666669
476.7379070889637	1632.91375
477.1050092860433	1568.2889583333333
477.4720674088431	2094.389375
477.8390814492057	1569.1991666666665
478.2060513989739	1581.9420833333334
478.57297724998995	1420.8352083333332
478.9398589940967	1431.7577083333333
479.30669662313665	1434.4883333333335
479.67349012895227	1574.6604166666668
480.04023950338626	1738.4979166666665
480.4069447382812	1474.5375000000001
480.77360582547965	1532.7908333333335
481.1402227568242	2017.931875
481.5067955241573	1502.7539583333335
481.8733241193217	1501.84375
482.23980853416	1439.0393750000003
482.60624876051463	1454.5129166666666
482.97264479022823	1547.3541666666667
483.3389966151434	1537.341875
483.70530422710266	1493.6518750000002
484.0715676179487	1491.8314583333333
484.43778677952406	1467.2558333333334
484.80396170367123	1495.4722916666667
485.170092382233	1462.7047916666668
485.53617880705167	1704.8202083333333
485.90222096996996	1962.4091666666666
486.2682188628305	1752.1510416666667
486.63417247747583	1381.69625
487.0000818057485	2032.4952083333335
487.36594683949113	1598.3258333333333
487.73176757054625	1576.4808333333333
488.09754399075644	1874.1189583333335
488.46327609196436	1511.8560416666667
488.8289638660125	1467.2558333333334
489.19460730474356	1540.9827083333337
489.56020639999997	2707.8697916666665
489.9257611436244	1541.8929166666667
490.29127152745946	1607.4279166666668
490.65673754334756	1548.264375
491.0221591831315	1468.1660416666666
491.3875364386538	1595.5952083333334
491.75286930175685	1487.2804166666667
492.11815776428347	2053.43
492.4834018180762	1992.4460416666668
492.8486014549774	1598.3258333333333
493.21375666683	1694.8079166666666
493.5788674454763	1599.2360416666668
493.94393378275896	2170.8468749999997
494.30895567052073	1739.408125
494.67393310060385	1599.2360416666668
495.0388660648512	1734.8570833333333
495.4037545551053	1848.633125
495.76859856320857	1832.249375
496.1333980810037	1855.0045833333334
496.49815310033335	1753.06125
496.8628636130399	1983.3439583333336
497.22752961096626	1686.616041666667
497.59215108595464	1766.7143749999998
497.95672802984774	1743.048958333333
498.3212604344883	2231.8308333333334
498.6857482917187	1749.4204166666666
499.05019159338167	1985.164375
499.4145903313197	2037.04625
499.7789444973753	1935.1029166666667
500.14325408339124	2198.1531250000003
500.50751908121	1804.0329166666668
500.8717394826741	1798.5716666666667
501.2359152796262	1934.1927083333333
501.6000464639089	1885.9516666666666
501.9641330273647	1994.2664583333335
502.3281749618363	2111.683333333333
502.69217225916606	1993.35625
503.0561249111968	2106.2220833333336
503.42003290977095	1899.6047916666666
503.78389624673116	1904.1558333333332
504.14771491391997	1852.2739583333332
504.51148890318	2072.544375
504.8752182063538	2159.924375
505.238902815284	1981.5235416666667
505.60254272181305	1993.35625
505.9661379177837	1928.7314583333336
506.3296883950385	1935.1029166666667
506.69319414541985	1922.36
507.05665516077056	3505.2122916666667
507.42007143293307	2070.7239583333335
507.78344295374995	2046.1483333333333
508.14676971506384	2812.5437500000003
508.51005170871747	2047.96875
508.8732889265531	2156.2835416666667
509.2364813604135	2017.931875
509.5996290021412	1996.086875
509.9627318435789	2162.655
510.325789876569	2121.695625
510.6888030929541	2017.0216666666668
511.051771484577	2020.6625000000001
511.41469504328	2128.9772916666666
511.77757376090574	2025.2135416666667
512.1404076292971	2019.7522916666667
512.5031966402962	2170.846875
512.8659407857458	2064.3524999999995
513.2286400574887	2074.364791666667
513.5912944473672	2093.4791666666665
513.953903947224	2034.315625
514.3164685489018	2039.7768750000002
514.6789882442428	2143.540625
515.04146302509	2193.602083333333
515.4038928832857	2199.9735416666667
515.7662778106726	2053.43
516.1286177990931	2125.336458333333
516.4909128403904	2152.6427083333333
516.8531629264063	2533.1097916666668
517.2153680489837	2193.6020833333337
517.5775281999652	2114.4139583333335
517.9396433711935	2142.630416666667
518.3017135545108	2082.556666666667
518.66373874176	2182.679583333333
519.0257189247836	2047.96875
519.3876540954242	2137.1691666666666
519.7495442455245	2271.8800000000006
520.1113893669268	2317.3904166666666
520.4731894514738	2128.0670833333334
520.8349444910081	2135.3487499999997
521.1966544773722	2261.867708333333
521.558319402409	2057.9810416666664
521.9199392579607	2137.1691666666666
522.28151403587	2357.4395833333333
522.6430437279796	2396.5785416666663
523.0045283261317	2199.0633333333335
523.3659678221695	2117.1445833333332
523.7273622079351	1998.8175
524.0887114752712	2076.185208333333
524.4500156160204	1927.82125
524.8112746220253	1964.2295833333335
525.1724884851286	2005.1889583333334
525.5336571971726	2949.9852083333335
525.8947807500001	2080.73625
526.2558591354534	2016.1114583333335
526.6168923453754	2027.0339583333334
526.9778803716086	1955.1274999999998
527.3388232059956	1982.4337500000001
527.6997208403786	4161.4725
528.0605732666008	2047.0585416666665
528.4213804765045	1910.5272916666665
528.782142461932	1981.5235416666667
529.1428592147264	2000.6379166666666
529.50353072673	1879.5802083333335
529.8641569897852	1971.5112500000002
530.224737995735	2209.985833333333
530.5852737364216	1932.3722916666666
530.9457642036878	1941.474375
531.3062093893762	1963.319375
531.6666092853293	1832.249375
532.0269638833895	1805.8533333333332
532.3872731753997	1980.6133333333335
532.7475371532023	1991.5358333333334
533.10775580864	1767.6245833333332
533.4679291335551	1803.1227083333333
533.8280571197906	1836.8004166666667
534.1881397591887	2078.915833333334
534.5481770435923	1902.3354166666668
534.9081689648438	1820.4166666666667
535.2681155147857	1868.6577083333334
535.6280166852607	1768.534791666667
535.9878724681114	1998.8174999999999
536.3476828551802	1795.8410416666666
536.7074478383099	2124.42625
537.0671674093431	1882.3108333333332
537.4268415601222	1712.101875
537.7864702824897	1763.98375
538.1460535682887	1825.8779166666666
538.5055914093612	1753.06125
538.8650837975499	1771.2654166666669
539.2245307246978	1767.6245833333335
539.5839321826469	1695.718125
539.9432881632401	1687.52625
540.30259865832	1682.9752083333333
540.6618636597291	1748.5102083333331
541.0210831593098	1712.1018749999996
541.380257148905	1834.0697916666668
541.7393856203572	1709.3712500000001
542.0984685655087	1659.3097916666666
542.4575059762025	1811.3145833333335
542.8164978442809	1646.5668749999998
543.1754441615866	1625.6320833333332
543.5343449199621	1779.4572916666666
543.89320011125	1660.22
544.2520097272928	1536.4316666666666
544.6107737599334	1592.8645833333333
544.9694922010141	1548.264375
545.3281650423775	1638.375
545.6867922758662	1642.9260416666666
546.0453738933229	1596.5054166666666
546.40390988659	1680.2445833333334
546.7624002475101	1797.6614583333333
547.1208449679259	1672.0527083333334
547.4792440396799	1537.341875
547.8375974546148	1519.1377083333334
548.195905204573	1967.8704166666666
548.5541672813971	1497.2927083333332
548.91238367693	1531.8806249999998
549.2705543830137	1569.1991666666665
549.6286793914913	1639.2852083333335
549.986758694205	1605.6075
550.3447922829978	1459.0639583333334
550.702780149712	1660.22
551.0607222861901	1448.1414583333335
551.4186186842746	1597.4156250000003
551.7764693358087	1551.9052083333336
552.1342742326343	1482.7293750000001
552.4920333665942	1656.5791666666664
552.8497467295313	1468.1660416666666
553.2074143132876	1406.2718750000001
553.565036109706	1607.4279166666665
553.9226121106294	1573.7502083333331
554.2801423078997	1504.574375
554.63762669336	1490.92125
554.9950652588526	1579.2114583333332
555.3524579962202	1518.2275
555.7098048973054	1398.9902083333334
556.0671059539508	1588.3135416666667
556.4243611579986	1449.051666666667
556.7815705012921	1443.5904166666667
557.1387339756732	1628.3627083333333
557.495851572985	1387.1575
557.8529232850698	1459.9741666666669
558.20994910377	1401.7208333333335
558.5669290209286	1449.961875
558.9238630283878	1428.116875
559.2807511179905	1385.337083333333
559.6375932815791	1412.6433333333334
559.9943895109963	1422.655625
560.3511397980844	1394.4391666666668
560.7078441346864	1535.5214583333334
561.0645025126445	1520.0479166666664
561.4211149238015	1524.5989583333333
561.77768136	1402.6310416666668
562.1342018130823	1389.8881250000002
562.4906762748914	1416.2841666666666
562.8471047372697	1509.1254166666665
563.2034871920595	1434.4883333333335
563.5598236311037	1401.7208333333335
563.9161140462448	2010.6502083333332
564.2723584293254	1602.876875
564.6285567721882	1433.578125
564.9847090666755	1443.5904166666667
565.34081530463	1432.6679166666665
565.6968754778943	1829.51875
566.052889578311	1803.1227083333333
566.4088575977227	2186.320416666667
566.7647795279719	1509.1254166666668
567.1206553609012	1559.186875
567.4764850883533	1438.1291666666668
567.8322687021706	1411.733125
568.1880061941957	1678.4241666666667
568.5436975562714	1581.031875
568.89934278024	1759.4327083333335
569.2549418579441	1735.7672916666668
569.6104947812267	1915.9885416666668
569.9660015419297	1712.101875
570.3214621318963	1552.8154166666666
570.6768765429688	1620.1708333333333
571.0322447669896	1639.2852083333335
571.3875667958016	1586.493125
571.7428426212473	1941.4743749999998
572.0980722351692	1652.028125
572.45325562941	1739.408125
572.8083927958121	1664.7710416666669
573.1634837262183	1808.5839583333334
573.5185284124709	1747.6000000000001
573.8735268464127	1795.8410416666666
574.2284790198863	1911.4375
574.5833849247341	1869.5679166666666
574.9382445527988	2087.1077083333334
575.293057895923	1999.727708333333
575.6478249459491	1981.5235416666667
576.0025456947199	2134.438541666667
576.357220134078	2156.283541666666
576.7118482558658	2379.2845833333336
577.066430051926	2239.1124999999997
577.4209655141011	2375.6437499999997
577.7754546342337	2574.979375
578.1298974041664	2565.8772916666667
578.4842938157419	2760.6618750000002
578.8386438608024	2775.2252083333333
579.192947531191	2724.2535416666665
579.54720481875	2877.1685416666664
579.9014157153218	2870.7970833333334
580.2555802127495	3068.3122916666666
580.609698302875	3228.5089583333333
580.9637699775415	3374.142291666667
581.3177952285913	3465.1631249999996
581.6717740478667	3531.6083333333336
582.0257064272109	3730.9439583333333
582.3795923584662	3842.8995833333333
582.7334318334749	4222.456458333333
583.08722484408	4484.5964583333325
583.4409713821237	4632.050208333334
583.794671439449	4468.2127083333335
584.1483250078983	4966.096666666666
584.501932079314	4925.137291666667
584.8554926455387	5134.4852083333335
585.2090066984154	5565.923958333333
585.5624742297861	5568.654583333334
585.9158952314937	5787.104583333334
586.2692696953808	6011.926041666666
586.6225976132899	6262.233333333334
586.9758789770636	6557.140833333334
587.3291137785446	6911.211875
587.6823020095754	7004.963333333333
588.0354436619982	7303.511666666666
588.3885387276563	7647.5704166666665
588.7415871983918	7852.3672916666665
589.0945890660471	8067.176458333332
589.4475443224653	8195.515833333333
589.8004529594888	8717.975416666666
590.15331496896	9180.36125
590.5061303427216	9531.701666666666
590.8588990726163	9549.905833333332
591.2116211504864	10072.365416666667
591.5642965681747	10493.791875
591.9169253175238	10484.689791666668
592.269507390376	10877.899791666669
592.6220427785742	11392.167500000001
592.974531473961	11509.584375
593.3269734683787	12085.746249999998
593.6793687536699	12286.902291666667
594.0317173216775	12475.315416666666
594.3840191642438	12731.994166666665
594.7362742732114	12947.713541666666
595.0884826404231	13398.266666666665
595.4406442577213	13623.088125
595.7927591169484	13958.955000000002
596.1448272099474	14031.771666666667
596.4968485285606	14627.958125
596.8488230646306	14657.084791666668
597.2007508099999	14947.441249999998
597.5526317565115	15292.410208333333
597.9044658960074	16541.216041666663
598.2562532203306	15846.727083333333
598.6079937213235	15998.731875
598.9596873908287	15851.278124999999
599.3113342206889	16143.455
599.6629342027466	16535.754791666666
600.0144873288441	18402.592083333333
600.3659935908244	16893.466666666667
600.71745298053	16895.287083333333
601.0688654898032	17032.728541666667
601.4202311104871	17392.260833333334
601.7715498344237	17647.119166666667
602.1228216534558	18072.186458333334
602.4740465594261	17908.348958333332
602.8252245441772	17966.602291666666
603.1763555995517	17955.679791666666
603.5274397173916	18090.390624999996
603.8784768895403	18650.16875
604.22946710784	18584.633749999997
604.5804103641332	18660.181041666667
604.9313066502625	19383.796666666665
605.2821559580708	18898.655625
605.6329582794003	19211.767291666667
605.9837136060937	19105.272916666665
606.3344219299937	19189.922291666666
606.6850832429426	19725.12479166667
607.0356975367833	19163.52625
607.3862648033582	20646.255625
607.73678503451	19473.907291666666
608.0872582220811	19597.695624999997
608.4376843579142	19739.688124999997
608.7880634338519	19941.754375
609.1383954417366	19630.463125
609.4886803734113	19569.479166666668
609.838918220718	19632.283541666668
610.1891089754997	19613.169166666663
610.5392526295989	19434.76833333333
610.8893491748582	19605.8875
611.2393986031199	19438.409166666665
611.589400906227	19196.29375
611.9393560760218	19331.914791666666
612.289264104347	19373.784375
612.6391249830451	19385.617083333334
612.9889387039588	19373.784375
613.3387052589305	19390.168125
613.6884246398027	19162.616041666664
614.0380968384185	19306.428958333334
614.38772184662	19103.4525
614.7372996562499	18893.194375000003
615.0868302591509	19033.36645833333
615.4363136471654	18924.141458333335
615.785749812136	19093.440208333337
616.1351387459055	18616.491041666668
616.4844804403161	18893.194375000003
616.8337748872108	18732.997708333332
617.1830220784319	18743.920208333333
617.5322220058221	18388.938958333336
617.8813746612238	18495.43333333333
618.2304800364799	18602.837916666667
618.5795381234328	18327.044791666667
618.9285489139249	18270.611875000002
619.2775123997992	18124.978541666667
619.6264285728979	18111.325416666663
619.9752974250638	17878.312083333334
620.3241189481392	17777.278958333332
620.6728931339671	18027.58625
621.0216199743898	17515.138958333333
621.3702994612498	17643.478333333336
621.71893158639	17370.415833333336
622.0675163416527	17439.591666666667
622.4160537188806	17147.414791666666
622.7645437099163	16963.552708333333
623.1129863066024	16909.850416666668
623.4613815007812	17029.087708333333
623.8097292842956	16617.673541666667
624.1580296489882	16606.751041666666
624.5062825867013	16421.97875
624.8544880892778	16479.321874999998
625.20264614856	16161.659166666666
625.5507567563906	16247.21875
625.8988199046122	15778.461458333333
626.2468355850674	16032.409583333334
626.5948037895986	15762.077708333332
626.9427245100487	15625.546458333332
627.2905977382602	15440.774166666664
627.6384234660752	15302.4225
627.9862016853368	15654.673125000001
628.3339323878878	15181.364791666667
628.6816155655699	14968.376041666668
629.0292512102264	15272.385625
629.3768393136999	15959.592916666666
629.7243798678326	14676.199166666667
630.071872864467	15469.900833333333
630.4193182954463	14657.995
630.7667161526125	14616.125416666668
631.1140664278083	14323.038333333336
631.4613691128765	14373.099791666667
631.8086241996596	13982.620416666667
632.1558316799999	14164.662083333335
632.5029915457404	13764.170416666666
632.8501037887233	14062.71875
633.1971684007915	13651.304583333333
633.5441853737874	13496.569166666668
633.8911546995539	13259.914999999999
634.2380763699327	13117.012291666668
634.5849503767676	13324.539791666668
634.9317767119002	12869.435625
635.2785553671735	12902.203125
635.6252863344299	12888.550000000001
635.9719696055123	12523.556458333333
636.318605172263	12589.091458333334
636.6651930265247	12281.441041666665
637.0117331601399	12123.975
637.3582255649512	12005.647916666667
637.7046702328013	12380.65375
638.0510671555326	12022.941874999999
638.3974163249877	11753.520208333333
638.7437177330092	11823.606250000003
639.08997137144	13910.713958333334
639.4361772321222	11515.955833333333
639.7823353068986	11373.053124999999
640.1284455876117	11235.611666666666
640.4745080661042	11130.937708333333
640.8205227342187	11140.039791666668
641.1664895837977	10768.674791666666
641.5124086066837	10641.245625000001
641.8582797947192	10631.233333333332
642.2041031397473	10835.119999999999
642.54987863361	10486.510208333333
642.8956062681501	10538.392083333334
643.2412860352101	10470.126458333334
643.586917926633	10243.484583333333
643.9325019342607	10121.516666666665
644.2780380499362	10045.059166666668
644.623526265502	9779.278333333334
644.9689665728008	9998.638541666665
645.3143589636749	9997.728333333333
645.6597034299672	9711.012708333334
646.00499996352	9693.71875
646.3502485561759	9971.332291666668
646.6954491997778	9390.619375
647.040601886168	9292.316874999999
647.385706607189	9286.855624999998
647.7307633546837	9186.732708333335
648.0757721204944	9103.90375
648.4207328964637	9045.650416666665
648.7656456744345	8899.106875
649.1105104462491	9005.60125
649.4553272037499	8736.179583333333
649.8000959387799	8772.587916666665
650.1448166431815	8971.013333333334
650.4894893087971	8679.746666666666
650.8341139274694	8503.16625
651.1786904910413	8270.152916666668
651.5232189913548	8301.099999999999
651.867699420253	8221.001666666667
652.2121317695781	8066.26625
652.5565160311729	8053.5233333333335
652.9008521968799	7917.902291666666
653.2451402585418	7755.885208333333
653.589380208001	7934.286041666666
653.9335720371001	8026.217083333334
654.2777157376819	7747.693333333334
654.6218113015888	7749.513749999999
654.9658587206632	7453.696041666666
655.3098579867482	7707.644166666668
655.6538090916857	7602.970208333333
655.9977120273187	7379.058958333334
656.34156678549	7228.874583333333
656.6853733580418	7566.561874999999
657.0291317368166	7241.6175
657.3728419136573	7321.715833333333
657.7165038804063	7011.334791666667
658.0601176289063	6951.261041666666
658.4036831509995	6953.991666666666
658.7472004385293	6869.342291666667
659.0906694833374	7043.192083333334
659.4340902772667	6755.56625
659.77746281216	6893.0077083333335
660.1207870798596	7019.526666666668
660.4640630722082	6713.696666666666
660.8072907810484	6525.283541666668
661.1504701982227	6649.071875000001
661.4936013155738	6592.638958333334
661.8366841249441	6496.156875000001
662.1797186181763	6405.136041666666
662.5227047871128	6187.59625
662.8656426235966	6520.732499999999
663.2085321194701	6406.046249999999
663.5513732665754	6131.163333333334
663.8941660567558	6015.5668749999995
664.2369104818536	6053.795625
664.5796065337111	5974.607499999999
664.9222542041712	5979.158541666667
665.2648534850765	5970.0564583333335
665.6074043682694	6092.934583333333
665.9499068455925	5900.880625000001
666.2923609088887	5788.014791666666
666.63476655	5713.377708333333
666.9771237607694	5587.768958333333
667.3194325330395	5711.557291666667
667.6616928586526	5538.617708333334
668.0039047294514	5473.992916666667
668.3460681372787	5424.841666666666
668.6881830739768	5463.980625
669.0302495313884	5353.845416666667
669.3722675013561	5883.586666666666
669.7142369757223	5500.388958333333
670.0561579463299	5226.41625
670.3980304050212	5212.763125
670.7398543436391	5207.301875
671.0816297540256	4965.186458333334
671.4233566280238	5686.981666666667
671.7650349574764	5061.668541666667
672.1066647342252	4989.762083333334
672.4482459501136	5032.541875
672.7897785969838	5480.364375
673.1312626666784	4774.952916666666
673.4726981510399	4806.810208333333
673.8140850419113	4909.66375
674.1554233311347	4566.515208333333
674.4967130105528	4642.972708333334
674.8379540720083	4721.250625000001
675.1791465073437	5010.696875
675.5202903084016	4950.623125
675.8613854670248	4468.2127083333335
676.2024319750553	4476.404583333333
676.5434298243362	4592.001041666666
676.88437900671	4590.180625
677.2252795140191	4527.376249999999
677.5661313381062	4405.408333333334
677.9069344708139	4229.738125
678.2476889039847	4278.889375
678.5883946294612	4110.5008333333335
678.9290516390861	4075.9129166666667
679.2696599247018	4271.607708333333
679.6102194781508	4167.843958333334
679.9507302912762	3996.724791666666
680.29119235592	4170.574583333334
680.631605663925	4169.664374999999
680.9719702071338	3998.545208333333
681.312285977389	4005.826875
681.6525529665331	4104.1293749999995
681.9927711664087	4126.8845833333335
682.3329405688585	3798.299375
682.6730611657248	3716.3806250000002
683.0131329488505	3921.1775000000002
683.353155910078	3683.613125
683.6931300412499	3853.822083333333
684.0330553342089	3817.4137499999997
684.3729317807973	3753.6991666666668
684.7127593728582	3742.7766666666666
685.0525381022335	3658.127291666666
685.3922679607663	3464.2529166666664
685.7319489402989	3588.0412499999998
686.0715810326739	3522.50625
686.4111642297341	3497.9306249999995
686.750698523322	3366.860625
687.0901839052799	3454.240625
687.4296203674508	3324.9910416666667
687.7690079016771	3385.064791666666
688.1083464998012	3384.154583333333
688.4476361536658	3105.630833333333
688.7868768551137	3390.5260416666665
689.1260685959872	3236.700833333334
689.465211368129	3213.035416666666
689.8043051633817	3421.4731250000004
690.1433499735879	3178.4474999999998
690.48234579059	4188.77875
690.8212926062307	3917.536666666667
691.1601904123526	3067.402083333333
691.4990392007982	3071.0429166666668
691.8378389634104	2947.2545833333334
692.1765896920311	2988.2139583333333
692.5152913785035	2977.291458333333
692.8539440146701	2892.6420833333336
693.1925475923734	3238.5212500000002
693.5311021034557	2931.7810416666666
693.86960753976	17130.120833333334
694.2080638931286	3606.2454166666666
694.5464711554041	2842.580625
694.8848293184293	2727.894375
695.2231383740468	3002.7772916666668
695.5613983140987	2675.1022916666666
695.899609130428	2592.273333333333
696.2377708148773	2728.804583333333
696.5758833592889	2618.669375
696.9139467555057	2740.6372916666664
697.25196099537	2687.845208333333
697.5899260707245	2772.494583333333
697.9278419734118	2768.8537499999998
698.2657086952745	2549.4935416666663
698.603526228155	2706.049375
698.9412945638961	2925.4095833333336
699.2790136943405	2459.382916666667
699.6166836113304	2538.5710416666666
699.9543043067085	2650.5266666666666
700.2918757723176	2707.8697916666665
700.629398	2691.4860416666666
700.9668709815984	2392.0274999999997
701.3042947089555	2320.1210416666668
701.6416691739137	2634.142916666666
701.9789943683154	2627.771458333333
702.3162702840036	2398.398958333333
702.6534969128209	2377.4641666666666
702.9906742466095	2142.630416666667
703.3278022772121	2425.7052083333333
703.6648809964715	2131.7079166666667
704.00191039623	2157.19375
704.3388904683302	2180.8591666666666
704.6758212046151	2074.364791666667
705.0127025969267	2340.145625
705.3495346371078	2125.336458333333
705.6863173170012	2258.2268750000003
706.0230506284493	2086.1974999999998
706.3597345632945	1999.727708333333
706.6963691133798	2064.3525000000004
707.0329542705473	2040.6870833333335
707.3694900266399	2178.1285416666665
707.7059763735002	2029.7645833333336
708.0424133029707	2139.8997916666667
708.3788008068938	1951.4866666666667
708.7151388771123	2190.8714583333335
709.0514275054688	2116.234375
709.3876666838056	2184.4999999999995
709.7238564039657	1929.6416666666664
710.0599966577913	1910.5272916666665
710.3960874371253	2102.5812499999997
710.73212873381	2129.8875000000003
711.0681205396882	2615.93875
711.4040628466022	30614.857291666664
711.7399556463948	3257.6356249999994
712.0757989309087	1995.176666666667
712.4115926919862	1972.4214583333332
712.7473369214699	1767.6245833333332
713.0830316112028	1775.8164583333335
713.418676753027	1886.8618749999998
713.7542723387851	1866.8372916666667
714.08981836032	1805.8533333333332
714.425314809474	1989.7154166666667
714.7607616780898	1808.5839583333334
715.09615895801	1763.98375
715.4315066410772	1713.9222916666665
715.7668047191336	1789.4695833333333
716.1020531840225	1804.0329166666663
716.4372520275859	1667.5016666666668
716.7724012416666	1879.5802083333335
717.107500818107	1695.718125
717.44255074875	1679.3343750000001
717.777551025438	1620.1708333333333
718.1125016400134	1655.6689583333334
718.4474025843191	1637.4647916666665
718.7822538501974	1855.0045833333334
719.1170554294912	1690.256875
719.4518073140429	1626.5422916666666
719.7865094956949	1740.3183333333334
720.1211619662901	1723.024375
720.4557647176711	1707.5508333333335
720.7903177416799	1616.53
721.1248210301598	1700.269166666667
721.459274574953	1789.4695833333335
721.7936783679021	1624.721875
722.1280324008497	1576.480833333333
722.4623366656388	1658.3995833333336
722.7965911541114	1641.105625
723.13079585811	2118.9649999999997
723.4649507694777	1822.2370833333332
723.7990558800569	1619.260625
724.13311118169	1678.4241666666667
724.4671166662197	1516.4070833333333
724.8010723254887	1550.9950000000001
725.1349781513393	1520.0479166666667
725.4688341356142	1642.9260416666668
725.8026402701563	1524.5989583333333
726.1363965468076	1468.1660416666666
726.4701029574111	1611.9789583333331
726.8037594938094	1595.5952083333332
727.1373661478447	1694.8079166666666
727.4709229113599	1590.133958333333
727.8044297761977	1411.733125
728.1378867342002	1380.786041666667
728.4712937772103	1536.4316666666666
728.8046508970707	1438.1291666666666
729.1379580856236	1461.7945833333333
729.4712153347119	1427.2066666666667
729.8044226361783	1487.2804166666665
730.137579981865	1527.3295833333332
730.4706873636146	1503.6641666666667
730.80374477327	1522.7785416666666
731.1367522026735	1584.6727083333333
731.4697096436678	1412.6433333333334
731.8026170880954	1693.8977083333332
732.1354745277993	1571.0195833333335
732.4682819546213	1565.5583333333334
732.8010393604045	1573.7502083333336
733.1337467369915	1777.6368750000001
733.4664040762245	1565.5583333333334
733.7990113699465	1435.3985416666667
734.1315686099999	1585.5829166666665
734.4640757882273	1711.1916666666666
734.7965328964714	1584.6727083333335
735.1289399265746	1561.9175000000002
735.4612968703796	1421.7454166666666
735.7936037197286	1715.7427083333332
736.1258604664649	1450.8720833333334
736.4580671024305	1409.9127083333333
736.7902236194681	1397.1697916666665
737.1223300094205	1345.287916666667
737.45438626413	1240.6139583333334
737.7863923754393	1416.2841666666666
738.118348335191	1297.9570833333332
738.4502541352277	1412.6433333333332
738.7821097673918	1430.8475
739.1139152235262	1410.8229166666667
739.4456704954733	1599.2360416666663
739.7773755750756	1482.7293750000001
740.1090304541757	1316.1612499999999
740.4406351246164	1409.0024999999998
740.7721895782399	1706.640625
741.1036938068892	1540.9827083333332
741.4351478024066	1338.0062500000001
741.7665515566348	1607.4279166666668
742.0979050614163	1775.8164583333335
742.4292083085937	1668.411875
742.7604612900096	1498.2029166666669
743.0916639975067	1520.9581249999999
743.4228164229273	1374.4145833333334
743.7539185581142	1210.5770833333333
744.0849703949099	1422.655625
744.4159719251571	1461.7945833333333
744.7469231406983	1315.2510416666667
745.0778240333758	1490.0110416666666
745.4086745950326	1278.8427083333333
745.7394748175113	1541.8929166666667
746.0702246926539	1341.6470833333333
746.4009242123037	1396.2595833333332
746.731573368303	1361.6716666666666
747.0621721524942	1338.0062500000001
747.39272055672	1348.92875
747.723218572823	1398.08
748.0536661926458	1338.0062500000001
748.384063408031	1284.3039583333332
748.7144102108211	1353.4797916666666
749.0447065928587	1548.264375
749.3749525459865	1368.9533333333331
749.7051480620469	1472.7170833333332
750.0352931328825	1359.85125
750.365387750336	1418.1045833333335
750.6954319062501	1362.581875
751.025425592467	1337.0960416666667
751.3553688008293	1282.4835416666667
751.6852615231801	1330.7245833333334
752.0151037513616	1599.2360416666663
752.3448954772161	1523.68875
752.6746366925869	1589.2237499999999
753.004327389316	1567.3787499999999
753.333967559246	2040.6870833333335
753.66355719422	1443.5904166666667
753.99309628608	1377.1452083333334
754.3225848266688	1424.4760416666666
754.652022807829	1353.4797916666666
754.9814102214033	1373.5043749999998
755.3107470592339	1388.9779166666667
755.6400333131637	1340.7368749999998
755.9692689750353	1391.7085416666666
756.298454036691	1352.5695833333332
756.6275884899737	1436.3087500000001
756.9566723267259	1366.2227083333335
757.28570553879	1493.6518749999998
757.6146881180086	1557.3664583333332
757.9436200562246	1204.205625
758.2725013452803	1272.47125
758.6013319770183	1601.0564583333332
758.9301119432813	1408.0922916666666
759.2588412359117	1272.4712499999998
759.5875198467521	1170.5279166666667
759.9161477676453	1481.8191666666664
760.2447249904338	1277.0222916666667
760.5732515069599	1294.3162499999999
760.9017273090666	1338.9164583333331
761.2301523885964	1545.5337499999998
761.5585267373914	1331.6347916666666
761.8868503472946	1300.6877083333334
762.2151232101487	1404.4514583333332
762.5433453177961	1444.500625
762.8715166620792	1334.3654166666665
763.1996372348409	1239.70375
763.5277070279236	1440.8597916666668
763.85572603317	1289.7652083333332
764.1836942424226	1281.5733333333333
764.5116116475239	1488.190625
764.8394782403163	1336.1858333333332
765.1672940126431	1265.1895833333335
765.4950589563462	1237.8833333333334
765.8227730632684	1282.4835416666667
766.1504363252524	1297.9570833333335
766.4780487341407	1414.4637500000001
766.8056102817754	1287.0345833333333
767.13312096	1466.345625
767.4605807606565	1240.6139583333334
767.7879896755875	1220.5893750000002
768.1153476966355	1376.235
768.4426548156436	1372.5941666666668
768.7699110244537	1388.9779166666667
769.0971163149088	1627.4525
769.4242706788516	1323.4429166666666
769.7513741081242	1374.4145833333332
770.0784265945695	1218.7689583333333
770.40542813003	1398.08
770.7323787063482	1316.16125
771.059278315367	1540.0725
771.3861269489287	1509.1254166666665
771.7129245988758	1482.7293750000001
772.0396712570512	1404.4514583333332
772.3663669152974	1406.2718750000001
772.6930115654565	1409.9127083333333
773.0196051993717	1327.08375
773.3461478088853	1413.553541666667
773.6726393858401	1295.2264583333333
773.9990799220781	1307.0591666666667
774.3254694094426	1423.5658333333333
774.6518078397759	1490.0110416666666
774.9780952049204	1280.663125
775.3043314967188	1327.08375
775.6305167070137	1442.6802083333334
775.9566508276476	1424.4760416666668
776.2827338504633	1405.3616666666667
776.6087657673032	1353.4797916666666
776.93474657001	1263.3691666666666
777.2606762504261	1379.8758333333333
777.5865548003943	1327.9939583333332
777.9123822117568	1326.1735416666668
778.2381584763566	1257.9079166666668
778.5638835860362	1314.3408333333334
778.889557532638	1252.4466666666667
779.2151803080047	1401.7208333333335
779.540751903979	1559.186875
779.8662723124031	1251.5364583333333
780.1917415251199	1296.1366666666668
780.5171595339721	1463.6149999999998
780.8425263308019	1449.051666666667
781.1678419074518	1538.2520833333335
781.493106255765	1419.0147916666667
781.8183193675837	1394.4391666666668
782.1434812347505	1320.7122916666667
782.4685918491078	1416.2841666666666
782.7936512024986	1249.7160416666666
783.118659286765	1318.891875
783.4436160937499	1600.1462499999998
783.768521615296	1216.0383333333332
784.0933758432454	1945.1152083333334
784.418178769441	1303.4183333333333
784.7429303857256	1405.3616666666667
785.0676306839412	1246.0752083333334
785.3922796559308	1300.6877083333331
785.716877293537	1290.6754166666667
786.0414235886021	1389.8881250000002
786.3659185329689	1253.3568750000002
786.69036211848	1370.77375
787.0147543369778	1638.375
787.339095180305	1362.581875
787.6633846403042	1330.7245833333334
787.987622708818	1368.9533333333336
788.3118093776886	1341.6470833333333
788.6359446387593	1459.9741666666669
788.9600284838722	1342.5572916666667
789.2840609048698	1282.4835416666667
789.6080418935949	1368.043125
789.93197144189	1255.1772916666666
790.2558495415977	1273.3814583333333
790.5796761845605	1320.7122916666667
790.9034513626214	1388.0677083333333
791.2271750676223	1446.3210416666668
791.5508472914062	1338.9164583333334
791.8744680258158	1280.663125
792.1980372626931	1440.8597916666668
792.5215549938813	1398.9902083333334
792.8450212112227	1626.5422916666666
793.16843590656	1606.5177083333335
793.4917990717355	1445.4108333333334
793.8151106985922	1521.868333333333
794.1383707789723	1211.4872916666666
794.4615793047186	1427.2066666666667
794.7847362676737	1470.8966666666668
795.1078416596802	1395.349375
795.4308954725801	1208.7566666666667
795.7538976982169	1548.264375
796.0768483284327	3972.1491666666666
796.3997473550701	1857.7352083333333
796.7225947699715	1409.0024999999998
797.0453905649798	1452.6924999999999
797.3681347319375	1239.70375
797.690827262687	1300.6877083333331
798.0134681490712	1244.2547916666667
798.3360573829325	1423.5658333333333
798.6585949561133	1342.5572916666667
798.9810808604566	1374.4145833333332
799.3035150878045	1368.9533333333336
799.6258976299999	1728.485625
799.9482284788854	1494.5620833333332
800.2705076263034	1772.1756249999999
800.5927350640966	1382.6064583333334
800.9149107841075	1486.3702083333335
801.2370347781787	1713.0120833333333
801.5591070381528	1341.6470833333333
801.8811275558725	1325.2633333333333
802.2030963231803	1420.8352083333332
802.5250133319183	1437.2189583333336
802.84687857393	1317.9816666666666
803.1686920410574	1470.8966666666665
803.4904537251431	1469.9864583333335
803.8121636180297	1453.602708333333
804.13382171156	1328.9041666666667
804.4554279975763	1235.1527083333333
804.7769824679212	1403.5412500000002
805.0984851144376	1419.0147916666667
805.4199359289677	1419.0147916666667
805.7413349033543	1358.0308333333332
806.06268202944	1286.124375
806.3839772990672	1288.855
806.7052207040786	2448.460416666667
807.0264122363169	1404.4514583333332
807.3475518876243	1329.814375
807.6686396498436	1372.5941666666668
807.9896755148177	1322.5327083333334
808.3106594743887	1422.655625
808.6315915203992	1526.4193749999997
808.9524716446922	1278.8427083333333
809.2732998391101	1298.8672916666667
809.594076095495	1423.5658333333333
809.9148004056901	1375.3247916666667
810.235472761538	1273.3814583333333
810.5560931548807	1358.0308333333335
810.8766615775612	1336.1858333333332
811.1971780214221	1223.32
811.5176424783058	1279.7529166666666
811.8380549400548	1315.2510416666667
812.1584153985121	1414.4637500000001
812.4787238455199	1312.5204166666665
812.7989802729209	1281.5733333333333
813.1191846725578	1403.54125
813.4393370362732	1375.3247916666667
813.759437355909	1379.8758333333333
814.0794856233088	1458.1537500000002
814.3994818303146	1260.6385416666665
814.7194259687689	1263.3691666666666
815.0393180305146	1278.8427083333333
815.3591580073941	1393.5289583333333
815.6789458912499	1312.5204166666667
815.9986816739249	1278.8427083333333
816.3183653472614	1317.0714583333333
816.637996903102	1404.4514583333332
816.9575763332895	1468.1660416666666
817.2771036296664	1761.253125
817.5965787840748	1350.7491666666667
817.9160017883579	1525.5091666666667
818.2353726343582	1409.9127083333333
818.5546913139178	1299.7775
818.87395781888	1382.6064583333334
819.1931721410868	1269.7406250000001
819.5123342723809	1669.3220833333335
819.8314442046052	1245.165
820.1505019296019	1398.9902083333334
820.4695074392138	1297.9570833333335
820.7884607252832	1208.7566666666664
821.107361779653	1302.508125
821.4262105941658	1295.2264583333333
821.7450071606638	1299.7775
822.0637514709899	1578.3012499999998
822.3824435169868	1479.99875
822.7010832904965	1443.5904166666667
823.0196707833622	2219.9981249999996
823.3382059874264	1373.5043749999998
823.6566888945312	1221.4995833333335
823.9751194965196	1226.050625
824.2934977852343	1325.2633333333333
824.6118237525172	1253.3568750000002
824.9300973902117	1179.63
825.24831869016	1298.8672916666667
825.5664876442045	1391.7085416666666
825.8846042441882	1476.3579166666666
826.2026684819534	1329.8143750000002
826.5206803493426	1400.810625
826.8386398381987	1421.7454166666666
827.156546940364	1450.8720833333334
827.4744016476814	1327.0837499999998
827.7922039519929	1442.6802083333332
828.1099538451416	2936.3320833333332
828.42765131897	1406.2718750000001
828.7452963653204	1399.9004166666666
829.0628889760359	1255.1772916666666
829.3804291429586	1302.508125
829.697916857931	1307.0591666666667
830.0153521127962	1258.818125
830.3327348993965	1246.0752083333334
830.6500652095742	1357.120625
830.9673430351726	1348.92875
831.2845683680337	1542.8031250000001
831.6017411999999	1256.0874999999999
831.9188615229143	1503.6641666666667
832.2359293286195	1694.8079166666666
832.5529446089574	1411.733125
832.8699073557715	1392.6187499999999
833.1868175609037	1301.5979166666666
833.5036752161967	1229.6914583333335
833.8204803134935	1345.287916666667
834.1372328446362	1320.7122916666667
834.4539328014675	1387.1575
834.7705801758299	1365.3125
835.0871749595664	1358.0308333333332
835.4037171445192	1226.9608333333333
835.7202067225306	1211.4872916666666
836.0366436854439	1196.0137499999998
836.3530280251014	1378.965625
836.6693597333452	1368.0431250000001
836.9856388020186	1452.6924999999999
837.3018652229639	1419.0147916666665
837.6180389880233	1442.6802083333332
837.9341600890399	1346.1981250000001
838.2502285178563	1297.046875
838.5662442663146	1303.4183333333333
838.8822073262578	1270.6508333333334
839.1981176895283	1318.891875
839.5139753479687	1229.6914583333332
839.8297802934217	1396.2595833333332
840.1455325177297	1176.899375
840.4612320127352	1351.659375
840.7768787702812	1365.3125
841.0924727822099	1426.2964583333335
841.4080140403643	1259.7283333333335
841.7235025365862	1309.7897916666668
842.038938262719	1345.287916666667
842.3543212106048	1270.6508333333334
842.6696513720862	1407.1820833333331
842.9849287390061	2086.1974999999998
843.3001533032069	1348.0185416666666
843.6153250565309	1361.6716666666666
843.9304439908211	1361.6716666666664
844.24551009792	1319.8020833333333
844.5605233696699	1308.8795833333334
844.8754837979137	1285.2141666666666
845.190391374494	1315.2510416666667
845.5052460912531	1315.2510416666667
845.8200479400336	1360.7614583333334
846.1347969126784	2301.0066666666667
846.4494930010297	1364.4022916666668
846.7641361969305	1479.0885416666667
847.0787264922232	1623.8116666666665
847.3932638787498	1659.3097916666666
847.7077483483539	1274.2916666666667
848.0221798928775	1324.3531249999999
848.3365585041632	1606.5177083333335
848.6508841740534	1353.4797916666666
848.9651568943913	1234.2425
849.2793766570189	2998.22625
849.5935434537789	1641.1056250000001
849.9076572765141	1288.8549999999998
850.221718117067	1244.2547916666667
850.5357259672799	1402.6310416666668
850.8496808189958	1242.434375
851.1635826640571	1305.23875
851.4774314943061	1374.4145833333332
851.7912273015859	1406.2718750000001
852.1049700777388	1278.8427083333333
852.4186598146072	1581.031875
852.732296504034	1232.4220833333331
853.0458801378618	1203.2954166666666
853.3594107079327	1198.744375
853.67288820609	1271.5610416666666
853.9863126241758	1314.3408333333334
854.2996839540325	1231.5118750000001
854.6130021875033	1265.1895833333333
854.9262673164303	1426.2964583333332
855.2394793326564	1257.9079166666668
855.5526382280236	1308.8795833333334
855.8657439943752	1287.0345833333333
856.1787966235535	1260.6385416666667
856.4917961074007	1222.4097916666667
856.80474243776	1277.022291666667
857.1176356064736	1303.4183333333333
857.4304756053841	1438.1291666666666
857.7432624263345	1340.7368749999998
858.0559960611668	1513.6764583333334
858.3686765017236	1185.0912499999997
858.681303739848	1235.1527083333333
858.9938777673823	1210.5770833333333
859.3063985761688	1957.858125
859.6188661580505	1273.3814583333333
859.93128050487	1319.8020833333333
860.2436416084694	1175.0789583333333
860.5559494606917	1172.3483333333334
860.8682040533795	1237.8833333333332
861.1804053783749	1251.5364583333333
861.4925534275212	1131.3889583333332
861.8046481926605	1208.7566666666664
862.1166896656355	1256.9977083333333
862.4286778382884	1186.0014583333334
862.7406127024626	1305.23875
863.0524942500001	1166.8870833333333
863.3643224727433	1240.6139583333334
863.6760973625354	1391.7085416666669
863.9878189112187	1213.3077083333333
864.2994871106355	1295.2264583333333
864.6111019526287	1477.2681249999998
864.9226634290409	1190.5525
865.2341715317144	1590.133958333333
865.5456262524921	1335.275625
865.8570275832164	1347.1083333333333
866.1683755157298	1194.1933333333334
866.4796700418752	1206.93625
866.7909111534951	1205.1158333333333
867.1020988424316	1213.3077083333333
867.4132331005279	1201.4750000000001
867.7243139196262	1233.3322916666666
868.0353412915691	1175.9891666666667
868.3463152081995	1448.1414583333335
868.6572356613597	1284.3039583333334
868.9681026428924	1324.3531249999999
869.2789161446399	1075.86625
869.5896761584452	1325.2633333333333
869.9003826761507	1196.923958333333
870.2110356895988	1287.9447916666666
870.5216351906323	1165.976875
870.8321811710938	1348.0185416666666
871.1426736228256	1221.4995833333332
871.4531125376707	1108.63375
871.7634979074714	1161.4258333333332
872.0738297240702	1208.7566666666664
872.38410797931	1395.349375
872.6943326650331	1143.2216666666666
873.0045037730821	1162.3360416666667
873.3146212952998	1158.6952083333333
873.6246852235287	1168.7074999999998
873.9346955496112	1164.1564583333334
874.24465226539	1175.9891666666665
874.5545553627078	1848.633125
874.8644048334069	1411.733125
875.17420066933	1175.9891666666665
875.48394286232	1274.2916666666667
875.793631404219	1167.7972916666665
876.1032662868698	1806.763541666667
876.4128475021149	1302.508125
876.7223750417972	1325.2633333333333
877.0318488977587	1162.3360416666667
877.3412690618425	1256.9977083333333
877.650635525891	1194.1933333333334
877.9599482817465	1215.128125
878.269207321252	1054.9314583333335
878.57841263625	1091.3397916666668
878.8875642185828	1172.3483333333334
879.1966620600934	1226.9608333333333
879.5057061526242	1182.360625
879.8146964880174	1178.7197916666667
880.1236330581162	1379.8758333333335
880.4325158547629	1497.2927083333332
880.7413448697998	1400.810625
881.05012009507	1277.9325
881.358841522416	1224.2302083333334
881.6675091436798	1129.5685416666668
881.9761229507047	1188.7320833333333
882.2846829353331	1145.0420833333333
882.5931890894074	1127.7481249999998
882.9016414047699	1211.4872916666666
883.2100398732638	1237.8833333333334
883.5183844867314	1128.6583333333335
883.826675237015	1181.4504166666668
884.1349121159577	1328.9041666666667
884.4430951154019	1564.648125
884.7512242271898	1369.8635416666666
885.0592994431647	1339.8266666666666
885.3673207551687	1333.4552083333335
885.6752881550442	1188.7320833333333
885.9832016346343	1175.0789583333335
886.2910611857814	1139.5808333333332
886.5988668003275	1242.4343749999998
886.9066184701161	1353.4797916666666
887.2143161869893	1118.6460416666666
887.5219599427896	1133.209375
887.82954972936	1165.976875
888.1370855385427	1309.7897916666668
888.4445673621801	1145.9522916666667
888.7519951921154	1300.6877083333331
889.0593690201907	1246.9854166666667
889.3666888382488	1173.2585416666666
889.673954638132	1237.8833333333332
889.9811664116833	1145.0420833333333
890.288324150745	1213.3077083333333
890.5954278471595	1182.360625
890.90247749277	1208.7566666666667
891.2094730794186	1325.2633333333333
891.5164145989478	1211.4872916666666
891.8233020432004	1471.8068750000002
892.1301354040191	1469.07625
892.4369146732461	1289.7652083333332
892.7436398427244	1168.7075
893.0503109042965	1621.99125
893.3569278498044	1221.4995833333332
893.6634906710915	1212.3975
893.96999936	1213.3077083333335
894.2764539083722	1751.2408333333333
894.5828543080514	1531.880625
894.8892005508795	1198.744375
895.1954926286993	1235.1527083333333
895.5017305333536	2032.4952083333335
895.8079142566849	1263.3691666666666
896.1140437905356	1120.4664583333333
896.4201191267481	1217.85875
896.7261402571654	1102.2622916666667
897.03210717363	1124.107291666667
897.3380198679843	1283.3937500000002
897.643878332071	1386.2472916666666
897.9496825577328	1594.6850000000002
898.2554325368118	1221.4995833333332
898.5611282611512	1395.349375
898.8667697225933	1308.8795833333334
899.1723569129805	1244.2547916666665
899.4778898241558	1214.2179166666667
899.7833684479614	1436.30875
900.0887927762399	1176.899375
900.3941628008342	1159.6054166666665
900.6994785135867	1200.5647916666667
901.0047399063398	1388.0677083333333
901.3099469709363	1789.4695833333333
901.6150996992188	1319.8020833333333
901.9201980830295	1237.8833333333334
902.2252421142116	2123.5160416666663
902.5302317846073	1222.4097916666667
902.8351670860594	1200.5647916666667
903.1400480104098	1398.9902083333334
903.4448745495021	1280.663125
903.7496466951783	1524.5989583333333
904.0543644392808	1353.4797916666666
904.3590277736527	1172.3483333333334
904.6636366901363	1170.5279166666667
904.968191180574	1170.5279166666667
905.2726912368087	1431.7577083333333
905.5771368506829	1324.353125
905.8815280140391	1267.01
906.18586471872	1534.61125
906.490146956568	1196.0137499999998
906.7943747194257	1280.663125
907.0985479991359	1580.1216666666667
907.4026667875411	1373.5043749999998
907.7067310764836	1324.3531249999999
908.0107408578065	1167.7972916666668
908.3146961233518	1323.4429166666669
908.6185968649625	1214.2179166666667
908.9224430744811	1412.6433333333334
909.2262347437501	1272.47125
909.529971864612	1256.9977083333335
909.8336544289094	6682.749583333334
910.137282428485	1485.46
910.4408558551816	1266.0997916666668
910.7443747008411	1174.16875
911.0478389573069	1459.9741666666666
911.351248616421	1808.5839583333334
911.6546036700261	1312.5204166666665
911.9579041099649	1360.7614583333332
912.26114992808	1201.4750000000001
912.5643411162137	1852.2739583333332
912.867477666209	1611.9789583333334
913.1705595699083	1188.7320833333333
913.4735868191539	1137.7604166666667
913.7765594057887	1227.8710416666665
914.0794773216553	1151.4135416666668
914.382340558596	1211.4872916666666
914.6851491084537	1711.1916666666668
914.9879029630708	1307.0591666666667
915.2906021142899	1301.5979166666666
915.5932465539537	1322.5327083333334
915.8958362739046	1216.0383333333332
916.1983712659853	1248.8058333333333
916.5008515220383	1272.4712500000003
916.8032770339062	1175.9891666666665
917.1056477934318	1131.3889583333332
917.407963792457	1540.0725
917.7102250228253	1260.6385416666665
918.0124314763789	1259.7283333333332
918.3145831449599	1102.2622916666667
918.6166800204115	1242.434375
918.9187220945763	1230.6016666666667
919.2207093592963	2020.6625000000001
919.5226418064146	1159.6054166666665
919.8245194277738	1196.01375
920.1263422152159	1194.1933333333334
920.4281101605843	1175.9891666666665
920.7298232557209	1183.2708333333333
921.0314814924685	1168.7075000000002
921.3330848626699	1246.0752083333334
921.6346333581675	1538.2520833333335
921.9361269708037	1297.9570833333332
922.2375656924214	1161.4258333333335
922.538949514863	1149.593125
922.8402784299712	1327.08375
923.1415524295884	1330.7245833333334
923.4427715055573	1145.9522916666667
923.7439356497206	1177.8095833333334
924.0450448539206	1242.434375
924.34609911	1194.1933333333334
924.6470984098015	1264.2793749999998
924.9480427451673	1136.8502083333333
925.2489321079405	1258.8181249999998
925.5497664899635	1214.2179166666667
925.8505458830786	1267.9202083333332
926.1512702791289	1126.8379166666666
926.4519396699565	1243.3445833333333
926.752554047404	1257.9079166666668
927.0531134033143	1243.3445833333335
927.35361772953	1095.8908333333331
927.6540670178932	1122.2868749999998
927.9544612602471	1281.5733333333335
928.2548004484337	1136.8502083333333
928.5550845742961	1110.4541666666667
928.8553136296762	1170.5279166666667
929.1554876064173	1149.593125
929.4556064963617	1379.8758333333335
929.7556702913517	1339.8266666666666
930.0556789832303	1399.9004166666666
930.35563256384	1292.4958333333334
930.6555310250232	1308.8795833333334
930.9553743586226	1180.5402083333333
931.2551625564809	1234.2425
931.5548956104402	1303.4183333333333
931.8545735123437	1135.9399999999998
932.1541962540336	1184.1810416666667
932.4537638273525	1079.5070833333332
932.7532762241433	1259.7283333333332
933.0527334362483	1393.5289583333333
933.3521354555098	1174.16875
933.6514822737711	1175.9891666666667
933.9507738828743	1499.1131249999999
934.2500102746618	1253.356875
934.5491914409766	1165.976875
934.8483173736612	1431.7577083333333
935.1473880645581	1196.0137499999998
935.4464035055097	1146.8625
935.745363688359	1175.9891666666665
936.0442686049482	1308.8795833333334
936.3431182471198	1201.4750000000001
936.641912606717	1143.2216666666666
936.9406516755819	1141.40125
937.239335445557	1251.5364583333333
937.537963908485	1170.5279166666667
937.8365370562088	1339.8266666666666
938.1350548805704	1169.6177083333334
938.4335173734129	1078.596875
938.7319245265786	1168.7075000000002
939.0302763319099	1216.9485416666666
939.3285727812499	1202.3852083333334
939.626813866441	1052.2008333333333
939.9249995793253	1249.7160416666668
940.223129911746	1144.131875
940.5212048555455	1187.8218749999999
940.8192244025662	1171.438125
941.1171885446508	1122.286875
941.415097273642	1147.7727083333332
941.7129505813822	1191.4627083333332
942.0107484597139	1236.973125
942.30849090048	1183.2708333333333
942.6061778955228	1140.4910416666667
942.9038094366849	1594.6850000000002
943.2013855158092	1769.445
943.4989061247379	1219.6791666666666
943.7963712553136	1217.85875
944.0937808993792	1210.5770833333333
944.3911350487772	1229.6914583333335
944.6884336953495	1389.8881250000002
944.9856768309398	1608.338125
945.28286444739	1361.6716666666666
945.5799965365427	1601.0564583333332
945.8770730902406	1258.818125
946.1740941003263	1274.2916666666667
946.4710595586421	1362.5818749999999
946.7679694570312	1220.5893749999998
947.0648237873357	1208.7566666666667
947.3616225413981	1113.1847916666668
947.6583657110614	1163.2462500000001
947.9550532881678	1240.6139583333334
948.25168526456	1382.6064583333334
948.5482616320805	1274.2916666666667
948.8447823825722	1413.5535416666664
949.1412475078774	1249.7160416666666
949.4376569998386	1132.2991666666667
949.7340108502987	1165.0666666666666
950.0303090511001	1127.748125
950.3265515940852	1273.3814583333333
950.6227384710969	1145.0420833333335
950.9188696739777	1140.491041666667
951.2149451945699	1267.9202083333332
951.5109650247166	1176.899375
951.8069291562598	1080.4172916666666
952.1028375810424	1194.1933333333334
952.3986902909071	1460.8843749999999
952.6944872776962	1183.2708333333333
952.9902285332523	1116.825625
953.2859140494182	1170.5279166666667
953.5815438180365	1155.054375
953.8771178309494	1524.5989583333333
954.1726360799998	1287.9447916666666
954.4680985570304	1108.63375
954.7635052538835	1103.1725
955.0588561624015	1157.785
955.3541512744275	1130.47875
955.6493905818038	1180.540208333333
955.9445740763729	1275.201875
956.2397017499775	1206.0260416666667
956.5347735944603	1301.5979166666666
956.8297896016634	1286.124375
957.1247497634299	1358.0308333333332
957.4196540716023	1287.9447916666668
957.7145025180229	1213.3077083333335
958.0092950945348	1149.593125
958.3040317929799	1216.9485416666666
958.5987126052012	1309.7897916666668
958.8933375230413	2008.8297916666663
959.1879065383425	1479.0885416666667
959.4824196429477	1532.7908333333335
959.7768768286993	1205.1158333333333
960.07127808744	1344.3777083333334
960.3656234110122	1139.5808333333334
960.6599127912586	1114.095
960.9541462200218	1129.5685416666668
961.2483236891444	1176.899375
961.5424451904687	1313.430625
961.8365107158377	1283.39375
962.1305202570937	1170.5279166666667
962.4244738060793	1370.77375
962.7183713546373	1191.4627083333332
963.01221289461	1080.4172916666669
963.3059984178401	1184.1810416666667
963.5997279161703	1107.7235416666665
963.893401381443	1282.4835416666667
964.1870188055007	1366.2227083333335
964.4805801801863	1175.0789583333333
964.7740854973422	1246.0752083333334
965.0675347488107	1269.7406250000001
965.3609279264349	1247.895625
965.6542650220572	1157.785
965.9475460275199	1128.658333333333
966.240770934666	1093.1602083333335
966.5339397353379	1277.9325000000001
966.8270524213779	1133.209375
967.120108984629	1101.3520833333334
967.4131094169337	1161.4258333333335
967.7060537101345	1200.5647916666667
967.9989418560739	1246.9854166666667
968.2917738465945	1239.70375
968.5845496735391	1335.275625
968.8772693287499	1169.6177083333332
969.16993280407	1099.5316666666665
969.4625400913416	1091.3397916666665
969.755091182407	1115.0052083333333
970.0475860691095	1861.3760416666664
970.3400247432913	1306.1489583333332
970.6324071967948	1632.0035416666667
970.924733421463	1165.0666666666668
971.2170034091381	1195.1035416666666
971.5092171516628	1186.0014583333334
971.80137464088	2182.679583333333
972.0934758686318	1174.1687499999998
972.385520826761	1323.4429166666666
972.6775095071101	1250.62625
972.9694419015219	1245.165
973.2613180018386	1136.8502083333333
973.5531377999032	1139.5808333333332
973.8449012875581	1159.6054166666665
974.1366084566458	1144.131875
974.4282592990087	1379.8758333333333
974.71985380649	1169.6177083333334
975.0113919709318	1246.9854166666667
975.3028737841765	1094.980625
975.5942992380673	1098.6214583333333
975.8856683244463	1177.8095833333334
976.1769810351561	1152.32375
976.4682373620396	1393.5289583333333
976.7594372969393	1213.3077083333335
977.0505808316972	1175.0789583333333
977.3416679581567	1406.2718750000001
977.6326986681601	1317.0714583333333
977.9236729535495	1227.8710416666665
978.2145908061682	1256.0875
978.5054522178584	2537.6608333333334
978.7962571804626	1290.6754166666667
979.0870056858237	1198.744375
979.3776977257842	1486.370208333333
979.6683332921862	1294.31625
979.9589123768728	1640.1954166666667
980.2494349716867	1385.337083333333
980.53990106847	1242.4343749999998
980.8303106590655	1313.4306250000002
981.1206637353158	1148.6829166666666
981.4109602890635	1165.0666666666668
981.7012003121511	1247.8956249999999
981.9913837964212	1338.9164583333334
982.2815107337166	1362.581875
982.5715811158793	1133.2093750000001
982.8615949347526	1101.3520833333334
983.1515521821785	1236.9731250000002
983.4414528499998	1303.4183333333333
983.7312969300594	1317.9816666666668
984.0210844141994	1407.1820833333331
984.3108152942625	1474.5375000000001
984.6004895620915	1263.3691666666666
984.8901072095288	1189.6422916666668
985.1796682284167	1160.515625
985.4691726105984	1366.2227083333335
985.7586203479162	1670.232291666667
986.0480114322123	1222.4097916666667
986.33734585533	1111.364375
986.6266236091113	1226.9608333333333
986.9158446853992	1577.3910416666665
987.2050090760357	1214.2179166666667
987.4941167728639	1164.1564583333331
987.7831677677262	1131.3889583333332
988.0721620524652	1248.8058333333333
988.3610996189235	1145.9522916666667
988.6499804589438	1288.8549999999998
988.9388045643683	1178.7197916666667
989.2275719270399	1061.3029166666668
989.5162825388013	1135.9399999999998
989.8049363914945	1114.095
990.0935334769628	1136.8502083333333
990.3820737870484	1165.0666666666666
990.6705573135936	1289.7652083333332
990.9589840484416	1307.969375
991.2473539834347	1232.4220833333336
991.5356671104153	1565.5583333333334
991.8239234212261	1256.9977083333333
992.1121229077099	1181.4504166666666
992.400265561709	1168.7075
992.6883513750662	1165.0666666666668
992.9763803396239	1090.4295833333333
993.2643524472247	1322.5327083333334
993.5522676897112	1206.93625
993.8401260589261	1135.0297916666668
994.1279275467119	1080.4172916666666
994.4156721449109	1271.5610416666666
994.7033598453662	1404.4514583333337
994.99099063992	1307.969375
995.2785645204149	1166.8870833333333
995.5660814786938	1196.9239583333335
995.853541506599	1277.022291666667
996.140944595973	1247.895625
996.4282907386587	1351.659375
996.7155799264985	1074.9560416666666
997.0028121513348	1363.4920833333333
997.2899874050105	1289.7652083333335
997.5771056793681	1135.0297916666666
997.8641669662499	1033.0864583333332
998.1511712574988	1289.7652083333335
998.4381185449574	1176.899375
998.725008820468	1336.1858333333332
999.0118420758735	1145.0420833333333
999.2986183030163	1103.1725
999.585337493739	1196.9239583333333
999.8719996398839	1155.054375
1000.158604733294	1094.9806250000001
1000.445152765812	1559.186875
1000.7316437292799	1200.5647916666667
1001.0180776155407	1338.9164583333331
1001.3044544164371	1121.3766666666666
1001.5907741238111	1518.2275
1001.8770367295059	1693.8977083333332
1002.1632422253638	1194.1933333333334
1002.4493906032271	1233.3322916666666
1002.735481854939	1080.4172916666666
1003.0215159723417	1415.3739583333336
1003.3074929472778	1157.785
1003.59341277159	1252.4466666666667
1003.8792754371208	1274.2916666666667
1004.1650809357126	1383.5166666666667
1004.4508292592081	1312.5204166666665
1004.7365203994503	1318.891875
1005.0221543482811	1125.9277083333334
1005.3077310975436	1257.9079166666668
1005.5932506390802	1136.8502083333333
1005.8787129647335	1138.670625
1006.1641180663456	1244.2547916666665
1006.4494659357599	1270.6508333333331
1006.7347565648188	1187.8218749999999
1007.0199899453642	1602.876875
1007.3051660692394	1145.9522916666665
1007.5902849282868	1103.1725
1007.8753465143486	1146.8625
1008.160350819268	1245.165
1008.4452978348874	1276.1120833333332
1008.7301875530488	1301.5979166666666
1009.0150199655957	1323.4429166666666
1009.2997950643701	1124.1072916666667
1009.5845128412144	1231.5118750000001
1009.8691732879718	1141.4012500000001
1010.1537763964845	1174.16875
1010.4383221585949	1330.7245833333334
1010.7228105661462	1113.1847916666668
1011.0072416109805	1150.5033333333333
1011.2916152849402	1182.360625
1011.5759315798686	1166.8870833333333
1011.8601904876076	1023.984375
1012.144392	1184.1810416666665
1012.4285361088884	1169.6177083333332
1012.7126228061155	1161.4258333333335
1012.9966520835236	1542.8031249999997
1013.2806239329553	1185.0912500000002
1013.5645383462538	1157.785
1013.8483953152609	1310.7
1014.1321948318193	1181.4504166666666
1014.4159368877722	1168.7074999999998
1014.6996214749615	1269.7406250000001
1014.98324858523	1335.275625
1015.2668182104202	1247.895625
1015.5503303423751	1337.0960416666667
1015.8337849729367	1281.573333333333
1016.1171820939478	1182.360625
1016.4005216972512	1271.5610416666666
1016.6838037746892	1126.8379166666666
1016.9670283181047	1316.16125
1017.2501953193398	1339.8266666666666
1017.5333047702371	1203.2954166666666
1017.81635666264	1286.124375
1018.0993509883903	1297.9570833333335
1018.3822877393309	1182.360625
1018.6651669073037	1206.0260416666667
1018.9479884841523	1169.6177083333332
1019.2307524617187	1228.78125
1019.5134588318456	1234.2425
1019.7961075863757	1320.7122916666665
1020.0786987171514	1138.670625
1020.3612322160153	1284.3039583333332
1020.6437080748101	1300.6877083333336
1020.9261262853781	1222.4097916666667
1021.208486839562	1206.93625
1021.4907897292048	1264.279375
1021.7730349461489	1441.7699999999998
1022.0552224822362	1193.283125
1022.33735232931	1099.5316666666665
1022.6194244792129	1290.6754166666667
1022.9014389237868	1234.2425
1023.1833956548752	1318.891875
1023.46529466432	1317.9816666666666
1023.7471359439638	1072.2254166666667
1024.0289194856498	1175.0789583333333
1024.3106452812199	1269.740625
1024.5923133225172	1167.7972916666668
1024.8739236013837	1246.9854166666667
1025.1554761096625	1246.9854166666667
1025.436970839196	1246.9854166666667
