339.86832	19.114375
340.2509644343084	33996.28125
340.6335677717954	573.43125
341.0161300043036	534.2922916666666
341.3986511236755	673.5541666666667
341.78113112175373	582.5333333333333
342.16356999038084	640.7866666666667
342.5459677213995	653.5295833333333
342.92832430665214	5514.952291666667
343.3106397379815	1174.16875
343.69291400723	692.6685416666666
344.0751471062403	645.3377083333334
344.45733902685504	727.2564583333333
344.83948976091665	766.3954166666666
345.2215993002679	694.4889583333334
345.60366763675125	789.1506249999999
345.9856947622093	765.4852083333334
346.3676806684845	707.231875
346.74962534741974	771.8566666666666
347.1315287908573	853.7754166666667
347.51339099064	842.8529166666667
347.8952119386102	806.4445833333334
348.2769916266106	775.4975000000001
348.6587300464838	1211.4872916666666
349.0404271900723	939.335
349.4220830492187	973.9229166666668
349.80369761576566	983.9352083333333
350.1852708815557	1028.5354166666666
350.5668028384313	1021.25375
350.9482934782352	1317.9816666666668
351.32974279281	1020.3435416666666
351.71115077399816	938.4247916666667
352.0925174136422	1149.593125
352.47384270358486	1073.1356250000001
352.8551266356687	989.3964583333333
353.23636920173624	1109.5439583333334
353.61757039363005	1097.71125
353.9987302031928	1213.3077083333335
354.379848622267	1142.3114583333333
354.76092564269516	1118.6460416666666
355.14196125632	1100.441875
355.52295545498407	1090.4295833333333
355.90390823052985	1175.9891666666665
356.2848195748	1566.4685416666664
356.6656894796371	1154.1441666666667
357.04651793688373	1139.5808333333332
357.4273049383824	1102.2622916666667
357.8080504759759	1093.1602083333332
358.18875454150657	1153.2339583333332
358.5694171268171	1068.5845833333333
358.9500382237499	1100.441875
359.3306178241479	1112.2745833333333
359.7111559198534	1127.748125
360.0916525027091	1118.6460416666666
360.47210756455746	1067.6743749999998
360.85252109724127	1101.3520833333334
361.23289309260286	1111.364375
361.61322354248495	1129.5685416666668
361.99351243873014	1145.0420833333335
362.37375977318095	1205.1158333333335
362.75396553768	1178.7197916666667
363.1341297240698	1128.6583333333335
363.514252324193	1049.4702083333334
363.8943333298922	1051.2906249999999
364.27437273300995	1252.4466666666665
364.65437052538874	1083.1479166666666
365.03432669887127	1093.1602083333332
365.4142412453001	1048.5600000000002
365.7941141565177	1310.7
366.1739454243669	1089.519375
366.55373504069	1133.2093750000001
366.93348299732975	1082.2377083333333
367.31318928612865	1105.903125
367.6928538989293	1075.86625
368.0724768275743	1061.3029166666665
368.4520580639063	1176.899375
368.83159759976763	1135.9399999999998
369.21109542700117	1349.8389583333335
369.59055153744936	1172.3483333333334
369.9699659229547	1074.9560416666668
370.34933857536	1110.4541666666667
370.72866948650767	1042.1885416666667
371.10795864824024	1094.980625
371.4872060524004	1247.8956249999999
371.8664116908307	1141.40125
372.2455755553737	1619.2606250000001
372.6246976378721	1179.63
373.00377793016827	1175.0789583333335
373.38281642410493	1169.6177083333334
373.76181311152465	1181.4504166666666
374.14076798427	1155.9645833333334
374.5196810341835	1181.4504166666666
374.8985522531078	1175.0789583333333
375.2773816328855	1087.6989583333332
375.6561691653591	1103.1725
376.0349148423712	1073.1356250000001
376.4136186557645	1026.715
376.7922805973814	1062.213125
377.17090065906456	1011.2414583333333
377.5494788326565	1074.0458333333333
377.92801511000005	1148.6829166666666
378.3065094829374	1215.128125
378.6849619433114	1104.0827083333334
379.0633724829646	1162.3360416666667
379.4417410937395	1124.1072916666665
379.82006776747875	1533.7010416666665
380.1983524960249	1071.3152083333334
380.57659527122047	1019.4333333333334
380.9547960849082	1082.2377083333333
381.33295492893046	1056.751875
381.71107179513	1081.3275
382.08914667534935	1077.6866666666665
382.467179561431	1014.8822916666667
382.84517044521766	1063.1233333333332
383.22311931855194	1081.3275
383.60102617327624	1133.2093750000001
383.97889100123325	1251.5364583333333
384.35671379426554	1093.1602083333335
384.73449454421575	1072.225416666667
385.1122332429263	1074.0458333333333
385.48992988224	1135.9399999999998
385.8675844539992	1029.445625
386.24519695004665	1073.135625
386.6227673622248	1073.1356250000001
387.0002956823763	1110.4541666666667
387.3777819023437	1210.5770833333333
387.75522601396966	1128.6583333333333
388.1326280090966	1044.9191666666666
388.5099878795673	1106.8133333333333
388.8873056172243	1072.225416666667
389.26458121391	1064.9437500000001
389.6418146614671	1130.47875
390.0190059517382	1041.2783333333334
390.3961550765659	996.678125
390.77326202779267	1132.2991666666667
391.15032679726124	1055.8416666666667
391.5273493768141	1046.7395833333333
391.9043297582938	1086.78875
392.2812679335429	1074.9560416666666
392.65816389440414	1111.3643749999999
393.03501763272	1137.7604166666667
393.41182914033305	1110.4541666666667
393.7885984090858	1087.6989583333334
394.165325430821	1217.85875
394.5420101973811	1118.6460416666666
394.9186527006087	1101.3520833333332
395.29525293234644	1104.0827083333334
395.67181088443687	1058.5722916666666
396.04832654872257	1144.131875
396.424799917046	1182.360625
396.80123098124994	1067.6743749999998
397.1776197331769	1121.3766666666668
397.5539661646694	1141.4012500000001
397.93027026757005	1105.903125
398.30653203372145	1072.2254166666664
398.6827514549662	1041.2783333333334
399.05892852314685	1173.2585416666668
399.4350632301059	1057.6620833333334
399.8111555676861	1127.748125
400.18720552772993	1065.8539583333334
400.56321310207994	1098.6214583333333
400.9391782825788	1133.2093750000001
401.315101061069	1108.63375
401.6909814293932	1175.0789583333333
402.06681937939385	1077.6866666666667
402.4426149029137	1016.7027083333334
402.8183679917953	1126.8379166666666
403.19407863788103	1134.1195833333334
403.56974683301377	1045.829375
403.94537256903584	1050.3804166666666
404.32095583779	1052.2008333333333
404.69649663111875	1182.360625
405.0719949408646	1155.054375
405.4474507588703	1095.8908333333331
405.82286407697836	1166.8870833333333
406.1982348870312	1044.008958333333
406.57356318087164	1094.0704166666667
406.94884895034215	1083.1479166666668
407.3240921872853	1104.9929166666668
407.6992928835437	1170.5279166666667
408.07445103095995	1076.7764583333335
408.4495666213767	1122.286875
408.8246396466363	1019.4333333333333
409.19967009858135	1064.9437500000001
409.5746579690547	1163.24625
409.94960324989876	1085.8785416666667
410.324505932956	1111.364375
410.69936601006924	1094.980625
411.07418347308095	1142.3114583333333
411.4489583138336	1193.283125
411.82369052417	1187.8218749999999
412.1983800959325	1067.6743749999998
412.5730270209638	1083.1479166666666
412.9476312911065	1107.7235416666665
413.32219289820307	1201.475
413.6967118340962	1129.5685416666665
414.0711880906285	1155.9645833333334
414.4456216596423	1130.47875
414.8200125329805	1180.5402083333336
415.19436070248554	1167.7972916666665
415.56866615999996	1125.9277083333334
415.94292889736636	1172.3483333333334
416.3171489064274	1224.2302083333334
416.6913261790256	1261.54875
417.0654607070035	1267.01
417.43955248220374	1338.0062500000001
417.81360149646883	1235.1527083333333
418.1876077416415	1287.9447916666668
418.56157120956414	1180.5402083333333
418.9354918920794	1263.3691666666666
419.30936978103	1293.4060416666669
419.68320486825826	1256.9977083333335
420.056997145607	1330.7245833333334
420.43074660491874	1307.0591666666667
420.80445323803593	1310.7
421.17811703680127	1346.198125
421.55173799305726	1352.5695833333334
421.9253160986466	1345.287916666667
422.2988513454117	1388.9779166666667
422.67234372519533	1423.5658333333333
423.04579322983994	1428.116875
423.4191998511882	1547.3541666666667
423.79256358108256	1524.5989583333333
424.16588441136577	1547.3541666666667
424.5391623338803	1819.5064583333333
424.9123973404688	1678.4241666666667
425.2855894229737	1680.2445833333334
425.65873857323766	1717.563125
426.03184478310334	1737.5877083333332
426.4049080444133	1864.1066666666668
426.77792834901	2055.2504166666668
427.1509056887361	1898.6945833333332
427.5238400554342	1971.5112500000002
427.8967314409469	2067.9933333333333
428.2695798371167	2408.4112499999997
428.6423852357862	2258.226875
429.0151476287981	2426.6154166666665
429.38786700799477	2873.5277083333335
429.76054336521895	2617.7591666666667
430.13317669231316	2722.433125
430.50576698111996	2777.045625
430.878314223482	2949.9852083333335
431.25081841124177	3030.99375
431.623279536242	3410.550625
431.99569759032505	3232.1497916666667
432.3680725653337	3503.391875
432.7404044531105	3710.0091666666667
433.11269324549784	3795.5687500000004
433.4849389343386	4014.9289583333334
433.85714151147505	4045.8760416666664
434.22930096874995	4293.452708333333
434.60141729800597	4489.147499999999
434.9734904910854	4590.180625
435.3455205398311	4821.373541666667
435.71750743608555	4964.27625
436.08945117169117	5310.155416666667
436.4613517384908	5426.662083333334
436.833209128327	5768.900416666666
437.2050233330421	5892.68875
437.57679434447897	6059.256875
437.94852215448	6469.760833333334
438.3202067548878	6530.744791666667
438.69184813754504	6956.722291666668
439.0634462942942	7306.2422916666665
439.43500121697787	7401.814166666667
439.8065128974388	7673.966458333333
440.17798132751926	7888.775624999999
440.54940649906206	8177.311666666666
440.92078840390974	8606.93
441.2921270339049	8937.335625
441.66342238089	9149.414166666667
442.0346744367077	9377.876458333334
442.4058831932006	9630.004166666668
442.7770486422113	10073.275625
443.1481707755823	10341.787083333335
443.5192495851562	10819.646458333335
443.89028506277566	10965.279791666666
444.26127720028313	11381.245
444.6322259895213	11763.532500000001
445.00313142233273	11959.227291666664
445.37399349056	12111.232083333334
445.74481218604564	12230.469375
446.1155875006322	12550.862708333334
446.4863194261624	12620.948750000001
446.8570079544787	13168.894166666667
447.2276530774237	12783.876041666668
447.5982547868401	12791.157708333332
447.9688130745703	12896.741875
448.3393279324569	12713.789999999999
448.7097993523426	12676.471458333333
449.08022732607	12550.862708333334
449.45061184548155	12372.461874999999
449.82095290241983	12265.967499999999
450.1912504887275	12063.90125
450.56150459624706	12010.198958333334
450.93171521682126	11661.589166666667
451.30188234229246	11454.061666666666
451.67200596450334	11104.541666666666
452.04208607529654	10645.796666666667
452.4121226665145	10246.215208333333
452.78211573	9936.744375
453.15206525759544	9518.048541666667
453.52197124114343	9320.533333333333
453.8918336724866	8818.098333333333
454.2616525434675	8596.917708333332
454.6314278459287	8788.971666666666
455.0011595717129	8020.755833333333
455.37084771266245	7911.530833333333
455.74049226062016	7634.827499999999
456.11009320742846	7412.736666666667
456.47965054492994	7127.841458333333
456.8491642649673	7007.693958333333
457.21863435938303	6900.289375
457.5880608200197	6690.03125
457.95744363871995	6487.965
458.3267828073262	6288.629375
458.69607831768127	6209.441250000001
459.0653301616276	6042.873125000001
459.43453833100773	5979.158541666667
459.8037028176643	5917.264375
460.17282361344	5835.345624999999
460.54190071017723	5866.292708333333
460.9109340997186	5618.716041666667
461.2799237739068	5470.352083333334
461.64886972458436	5438.494791666667
462.01777194359374	5423.021250000001
462.38663042277767	5693.353125000001
462.75544515397866	5200.930416666667
463.1242161290393	5038.913333333333
463.49294333980225	4933.329166666667
463.86162677810995	4844.12875
464.2302664358051	4726.711875
464.5988623047302	4504.621041666666
464.96741437672785	4378.102083333332
465.3359226436407	4534.657916666666
465.70438709731116	4557.413125
466.0728077295821	4194.240000000001
466.4411845322957	4015.839166666667
466.8095174972949	4034.9535416666663
467.1778066164222	3801.03
467.54605188151993	3775.5441666666666
467.914253284431	3914.8060416666667
468.2824108169978	3547.081875
468.65052447106297	3455.150833333333
469.0185942384692	3433.3058333333333
469.38662011105873	3247.6233333333334
469.75460208067443	3192.1006250000005
470.1225401391589	3149.320833333333
470.49043427835454	2976.38125
470.85828449010404	3018.2508333333335
471.22609076624997	2861.6949999999997
471.5938530986349	2803.441666666667
471.96157147910145	2865.335833333333
472.3292458994921	2805.2620833333335
472.69687635164945	2804.3518750000003
473.06446282741626	2740.6372916666664
473.4320053186349	2736.0862500000003
473.7995038171479	2668.7308333333335
474.1669583147982	2597.7345833333334
474.5343688034279	2966.368958333333
474.90173527488	2579.5304166666665
475.26905772099684	2540.391458333333
475.63633613362094	2829.837708333333
476.0035705045952	2543.122083333333
476.3707608257619	2620.489791666667
476.7379070889637	2560.416041666667
477.1050092860433	2551.313958333333
477.4720674088431	2757.021041666667
477.8390814492057	2439.3583333333336
478.2060513989739	2446.64
478.57297724998995	2333.7741666666666
478.9398589940967	2335.5945833333335
479.30669662313665	2382.015208333333
479.67349012895227	2390.2070833333332
480.04023950338626	2489.4197916666667
480.4069447382812	2327.4027083333335
480.77360582547965	2398.398958333333
481.1402227568242	2554.044583333333
481.5067955241573	2360.170208333333
481.8733241193217	2285.533125
482.23980853416	2313.7495833333337
482.60624876051463	2219.087916666667
482.97264479022823	2324.6720833333334
483.3389966151434	2280.071875
483.70530422710266	2290.084166666667
484.0715676179487	2260.0472916666668
484.43778677952406	2317.3904166666666
484.80396170367123	2267.3289583333335
485.170092382233	2225.4593750000004
485.53617880705167	2394.758125
485.90222096996996	2554.9547916666666
486.2682188628305	2515.8158333333336
486.63417247747583	2301.9168750000003
487.0000818057485	2672.3716666666664
487.36594683949113	2352.8885416666667
487.73176757054625	2395.6683333333335
488.09754399075644	2565.877291666666
488.46327609196436	2432.0766666666664
488.8289638660125	2427.5256249999998
489.19460730474356	2477.5870833333333
489.56020639999997	3095.6185416666667
489.9257611436244	2586.8120833333337
490.29127152745946	2557.6854166666667
490.65673754334756	2564.9670833333334
491.0221591831315	2597.7345833333334
491.3875364386538	2668.7308333333335
491.75286930175685	2674.1920833333334
492.11815776428347	3000.0466666666666
492.4834018180762	2989.124166666667
492.8486014549774	2863.5154166666666
493.21375666683	2924.499375
493.5788674454763	2985.4833333333336
493.94393378275896	3259.456041666667
494.30895567052073	3130.2064583333336
494.67393310060385	3084.696041666666
495.0388660648512	3197.561875000001
495.4037545551053	3289.4929166666666
495.76859856320857	3274.019375
496.1333980810037	3462.4325000000003
496.49815310033335	3379.603541666667
496.8628636130399	3478.81625
497.22752961096626	3475.1754166666665
497.59215108595464	3578.028958333334
497.95672802984774	3601.6943749999996
498.3212604344883	3872.9364583333336
498.6857482917187	3681.792708333333
499.05019159338167	3924.818333333333
499.4145903313197	4008.5575000000003
499.7789444973753	4003.09625
500.14325408339124	4080.4639583333337
500.50751908121	3971.2389583333334
500.8717394826741	4101.39875
501.2359152796262	4187.868541666667
501.6000464639089	4136.896874999999
501.9641330273647	4345.334583333333
502.3281749618363	4429.07375
502.69217225916606	4358.0775
503.0561249111968	4554.6825
503.42003290977095	4536.4783333333335
503.78389624673116	4536.4783333333335
504.14771491391997	4544.670208333334
504.51148890318	4719.430208333332
504.8752182063538	4797.708125
505.238902815284	4784.965208333334
505.60254272181305	4822.28375
505.9661379177837	4893.28
506.3296883950385	4933.329166666666
506.69319414541985	4938.790416666667
507.05665516077056	5712.4675
507.42007143293307	5085.333958333333
507.78344295374995	5079.872708333333
508.14676971506384	5541.348333333332
508.51005170871747	5200.930416666667
508.8732889265531	5326.5391666666665
509.2364813604135	5301.963541666667
509.5996290021412	5220.044791666667
509.9627318435789	5264.645
510.325789876569	5403.906875
510.6888030929541	5327.449374999999
511.051771484577	5322.8983333333335
511.41469504328	5492.1970833333335
511.77757376090574	5495.837916666666
512.1404076292971	5427.572291666666
512.5031966402962	5548.63
512.8659407857458	5649.663125
513.2286400574887	5558.642291666667
513.5912944473672	5477.63375
513.953903947224	5471.262291666666
514.3164685489018	5522.233958333334
514.6789882442428	5527.6952083333335
515.04146302509	5560.462708333333
515.4038928832857	5616.895625
515.7662778106726	5583.217916666667
516.1286177990931	5602.332291666667
516.4909128403904	5648.752916666667
516.8531629264063	5732.4920833333335
517.2153680489837	5577.756666666667
517.5775281999652	5559.552500000001
517.9396433711935	5583.217916666667
518.3017135545108	5585.948541666668
518.66373874176	5568.654583333334
519.0257189247836	5514.952291666666
519.3876540954242	5557.732083333333
519.7495442455245	5571.385208333333
520.1113893669268	5566.834166666667
520.4731894514738	5519.503333333333
520.8349444910081	5538.617708333334
521.1966544773722	5483.095
521.558319402409	5339.282083333333
521.9199392579607	5456.698958333333
522.28151403587	5534.976875
522.6430437279796	5588.679166666666
523.0045283261317	5350.204583333333
523.3659678221695	5342.012708333334
523.7273622079351	5206.391666666666
524.0887114752712	5267.375625
524.4500156160204	5150.8689583333335
524.8112746220253	5159.971041666667
525.1724884851286	5169.983333333334
525.5336571971726	5718.838958333334
525.8947807500001	5139.946458333333
526.2558591354534	5215.493750000001
526.6168923453754	5080.782916666667
526.9778803716086	4942.431250000001
527.3388232059956	5039.823541666668
527.6997208403786	6119.330625
528.0605732666008	4988.851875
528.4213804765045	4787.695833333334
528.782142461932	4894.190208333333
529.1428592147264	4959.725208333333
529.50353072673	4789.51625
529.8641569897852	4880.537083333334
530.224737995735	4999.774375
530.5852737364216	4744.005833333334
530.9457642036878	4795.887708333333
531.3062093893762	4633.8706250000005
531.6666092853293	4584.719375
532.0269638833895	4647.52375
532.3872731753997	4635.691041666667
532.7475371532023	4666.638125
533.10775580864	4528.286458333333
533.4679291335551	4435.4452083333335
533.8280571197906	4437.265625
534.1881397591887	4535.568125000001
534.5481770435923	4453.649375000001
534.9081689648438	4386.293958333333
535.2681155147857	4358.077499999999
535.6280166852607	4296.183333333333
535.9878724681114	4408.138958333333
536.3476828551802	4115.962083333333
536.7074478383099	4378.102083333333
537.0671674093431	4220.636041666666
537.4268415601222	4171.484791666667
537.7864702824897	4053.1577083333336
538.1460535682887	4077.7333333333336
538.5055914093612	4055.888333333333
538.8650837975499	4085.9252083333326
539.2245307246978	4045.8760416666664
539.5839321826469	3938.4714583333334
539.9432881632401	3972.1491666666666
540.30259865832	3907.5243750000004
540.6618636597291	3947.5735416666666
541.0210831593098	3892.0508333333332
541.380257148905	3869.295625
541.7393856203572	3698.1764583333334
542.0984685655087	3695.445833333333
542.4575059762025	3777.3645833333335
542.8164978442809	3673.6008333333334
543.1754441615866	3639.923125
543.5343449199621	3642.65375
543.89320011125	3483.367291666667
544.2520097272928	3460.6120833333334
544.6107737599334	3447.869166666667
544.9694922010141	3374.142291666667
545.3281650423775	3375.0525000000002
545.6867922758662	3384.154583333333
546.0453738933229	3282.2112500000003
546.40390988659	3349.566666666667
546.7624002475101	3453.330416666666
547.1208449679259	3374.1422916666666
547.4792440396799	3224.8681249999995
547.8375974546148	3219.406875
548.195905204573	3425.1139583333334
548.5541672813971	3095.6185416666667
548.91238367693	3111.0920833333334
549.2705543830137	3135.667708333333
549.6286793914913	3122.924791666667
549.986758694205	3162.9739583333335
550.3447922829978	2938.1525
550.702780149712	3103.8104166666667
551.0607222861901	3004.5977083333332
551.4186186842746	3050.108125
551.7764693358087	2959.0872916666667
552.1342742326343	2944.523958333333
552.4920333665942	2886.2706249999997
552.8497467295313	2953.6260416666664
553.2074143132876	2830.7479166666667
553.565036109706	2864.425625
553.9226121106294	2861.6949999999997
554.2801423078997	2858.0541666666663
554.63762669336	2742.4577083333334
554.9950652588526	2803.441666666667
555.3524579962202	2756.1108333333336
555.7098048973054	2708.78
556.0671059539508	2819.8254166666666
556.4243611579986	2746.0985416666667
556.7815705012921	2675.1022916666666
557.1387339756732	2699.677916666667
557.495851572985	2649.6164583333334
557.8529232850698	2635.9633333333336
558.20994910377	2598.644791666667
558.5669290209286	2613.208125
558.9238630283878	2614.1183333333333
559.2807511179905	2588.6324999999997
559.6375932815791	2606.8366666666666
559.9943895109963	2525.828125
560.3511397980844	2468.485
560.7078441346864	2601.3754166666668
561.0645025126445	2554.0445833333333
561.4211149238015	2615.93875
561.77768136	2559.505833333333
562.1342018130823	2474.856458333333
562.4906762748914	2457.5625
562.8471047372697	2605.9264583333334
563.2034871920595	2449.3706249999996
563.5598236311037	2420.243958333333
563.9161140462448	2809.813125
564.2723584293254	2582.2610416666666
564.6285567721882	2407.501041666667
564.9847090666755	2465.754375
565.34081530463	2429.346041666666
565.6968754778943	2636.8735416666664
566.052889578311	2542.2118749999995
566.4088575977227	2824.3764583333336
566.7647795279719	2402.95
567.1206553609012	2400.219375
567.4764850883533	2398.398958333333
567.8322687021706	2317.3904166666666
568.1880061941957	2456.6522916666668
568.5436975562714	2427.525625
568.89934278024	2433.8970833333337
569.2549418579441	2503.983125
569.6104947812267	2554.9547916666666
569.9660015419297	2434.8072916666665
570.3214621318963	2428.4358333333334
570.6768765429688	2331.9537499999997
571.0322447669896	2400.219375
571.3875667958016	2335.594583333333
571.7428426212473	2540.391458333333
572.0980722351692	2418.4235416666666
572.45325562941	2417.513333333334
572.8083927958121	2397.48875
573.1634837262183	2454.831875
573.5185284124709	2417.513333333333
573.8735268464127	2421.1541666666667
574.2284790198863	2441.1787499999996
574.5833849247341	2420.243958333333
574.9382445527988	2565.877291666667
575.293057895923	2461.2033333333334
575.6478249459491	2494.8810416666665
576.0025456947199	2552.224166666667
576.357220134078	2528.55875
576.7118482558658	2667.820625
577.066430051926	2568.6079166666664
577.4209655141011	2637.78375
577.7754546342337	2640.5143749999997
578.1298974041664	2750.6495833333333
578.4842938157419	2774.315
578.8386438608024	2737.906666666667
579.192947531191	2703.31875
579.54720481875	2840.760208333333
579.9014157153218	2815.2743749999995
580.2555802127495	2847.1316666666667
580.609698302875	2959.0872916666667
580.9637699775415	2995.495625
581.3177952285913	3053.748958333333
581.6717740478667	3112.9125000000004
582.0257064272109	3148.410625
582.3795923584662	3262.186666666667
582.7334318334749	3437.856875
583.08722484408	3447.869166666667
583.4409713821237	3577.11875
583.794671439449	3539.8002083333336
584.1483250078983	3710.919375
584.501932079314	3689.074375
584.8554926455387	3757.34
585.2090066984154	4013.108541666667
585.5624742297861	3973.0593750000003
585.9158952314937	4116.872291666667
586.2692696953808	4115.051875
586.6225976132899	4299.824166666666
586.9758789770636	4396.30625
587.3291137785446	4533.747708333333
587.6823020095754	4578.347916666666
588.0354436619982	4863.243125
588.3885387276563	4936.97
588.7415871983918	5029.81125
589.0945890660471	5148.138333333333
589.4475443224653	5309.245208333334
589.8004529594888	5497.658333333334
590.15331496896	5766.169791666667
590.5061303427216	5828.063958333332
590.8588990726163	5941.84
591.2116211504864	6096.575416666667
591.5642965681747	6292.270208333334
591.9169253175238	6345.062291666666
592.269507390376	6413.327916666666
592.6220427785742	6670.006666666667
592.974531473961	6813.819583333333
593.3269734683787	6941.24875
593.6793687536699	7105.08625
594.0317173216775	7168.800833333334
594.3840191642438	7356.30375
594.7362742732114	7422.748958333334
595.0884826404231	7700.3625
595.4406442577213	7744.052500000001
595.7927591169484	7833.252916666667
596.1448272099474	8021.666041666666
596.4968485285606	8163.658541666667
596.8488230646306	8278.344791666668
597.2007508099999	8444.002708333333
597.5526317565115	8411.235208333334
597.9044658960074	9115.736458333333
598.2562532203306	8693.399791666667
598.6079937213235	8905.478333333333
598.9596873908287	8685.207916666668
599.3113342206889	8908.208958333335
599.6629342027466	9204.936875000001
600.0144873288441	9870.299166666666
600.3659935908244	9170.348958333334
600.71745298053	9270.471875000001
601.0688654898032	9315.982291666665
601.4202311104871	9540.803750000001
601.7715498344237	9580.852916666667
602.1228216534558	9780.188541666668
602.4740465594261	9839.352083333333
602.8252245441772	9844.813333333334
603.1763555995517	9670.053333333335
603.5274397173916	9741.959791666666
603.8784768895403	9968.601666666667
604.22946710784	10080.557291666666
604.5804103641332	10059.6225
604.9313066502625	10391.848541666666
605.2821559580708	10191.602708333334
605.6329582794003	10245.305
605.9837136060937	10349.978958333333
606.3344219299937	10273.521458333335
606.6850832429426	10458.29375
607.0356975367833	10326.313541666668
607.3862648033582	10826.017916666666
607.73678503451	10410.962916666665
608.0872582220811	10449.191666666666
608.4376843579142	10478.318333333335
608.7880634338519	10579.351458333333
609.1383954417366	10548.404375
609.4886803734113	10392.75875
609.838918220718	10490.151041666666
610.1891089754997	10484.689791666666
610.5392526295989	10421.885416666666
610.8893491748582	10379.105625
611.2393986031199	10359.081041666666
611.589400906227	10313.570625
611.9393560760218	10367.272916666667
612.289264104347	10258.047916666666
612.6391249830451	10230.741666666667
612.9889387039588	10158.835208333332
613.3387052589305	10076.00625
613.6884246398027	10075.096041666666
614.0380968384185	10214.357916666666
614.38772184662	10105.132916666667
614.7372996562499	10041.418333333333
615.0868302591509	9974.062916666668
615.4363136471654	10065.08375
615.785749812136	10130.61875
616.1351387459055	10003.189583333333
616.4844804403161	10035.046875
616.8337748872108	9872.119583333333
617.1830220784319	9864.837916666665
617.5322220058221	9842.992916666668
617.8813746612238	9843.903124999999
618.2304800364799	9848.454166666666
618.5795381234328	9786.56
618.9285489139249	9699.18
619.2775123997992	9792.931458333334
619.6264285728979	9615.440833333334
619.9752974250638	9643.657291666666
620.3241189481392	9488.011666666665
620.6728931339671	9441.591041666667
621.0216199743898	9458.885
621.3702994612498	9309.610833333332
621.71893158639	9345.108958333332
622.0675163416527	9217.679791666667
622.4160537188806	9062.944375
622.7645437099163	9143.042708333332
623.1129863066024	9014.703333333333
623.4613815007812	9035.638125
623.8097292842956	9023.805416666666
624.1580296489882	8942.796875
624.5062825867013	8785.330833333333
624.8544880892778	8715.244791666666
625.20264614856	8654.260833333334
625.5507567563906	8706.142708333333
625.8988199046122	8486.7825
626.2468355850674	8575.072708333333
626.5948037895986	8464.027291666667
626.9427245100487	8352.981875
627.2905977382602	8351.161458333334
627.6384234660752	8193.695416666667
627.9862016853368	8342.969583333334
628.3339323878878	8188.234166666666
628.6816155655699	7867.840833333333
629.0292512102264	8085.380625000001
629.3768393136999	8550.497083333334
629.7243798678326	7957.951458333333
630.071872864467	8128.160416666667
630.4193182954463	7987.988333333334
630.7667161526125	7815.958958333334
631.1140664278083	7592.047708333334
631.4613691128765	7703.093124999999
631.8086241996596	7569.2925
632.1558316799999	7706.733958333333
632.5029915457404	7479.181874999999
632.8501037887233	7567.472083333334
633.1971684007915	7465.52875
633.5441853737874	7319.895416666666
633.8911546995539	7205.209166666667
634.2380763699327	7193.376458333333
634.5849503767676	7291.678958333333
634.9317767119002	7216.131666666667
635.2785553671735	7107.8168749999995
635.6252863344299	6971.285625
635.9719696055123	6873.893333333333
636.318605172263	6876.623958333333
636.6651930265247	6703.684375
637.0117331601399	6652.7127083333335
637.3582255649512	6644.520833333333
637.7046702328013	6725.529375000001
638.0510671555326	6572.614375
638.3974163249877	6484.324166666668
638.7437177330092	6365.086875
639.08997137144	7529.243333333333
639.4361772321222	6284.078333333334
639.7823353068986	6198.51875
640.1284455876117	6129.342916666667
640.4745080661042	6182.134999999999
640.8205227342187	6069.269166666666
641.1664895837977	5946.391041666667
641.5124086066837	5888.137708333335
641.8582797947192	5882.676458333334
642.2041031397473	5948.211458333334
642.54987863361	5865.3825
642.8956062681501	5917.264375
643.2412860352101	5797.116875
643.586917926633	5626.907916666666
643.9325019342607	5620.536458333333
644.2780380499362	5601.422083333334
644.623526265502	5484.005208333333
644.9689665728008	5534.066666666667
645.3143589636749	5533.156458333334
645.6597034299672	5426.662083333334
646.00499996352	5499.478749999999
646.3502485561759	5560.462708333333
646.6954491997778	5366.588333333333
647.040601886168	5254.6327083333335
647.385706607189	5287.4002083333335
647.7307633546837	5117.19125
648.0757721204944	5159.971041666667
648.4207328964637	5096.256458333333
648.7656456744345	4967.917083333334
649.1105104462491	5085.333958333334
649.4553272037499	4980.66
649.8000959387799	4977.019166666666
650.1448166431815	5084.42375
650.4894893087971	4924.227083333333
650.8341139274694	4823.193958333333
651.1786904910413	4782.234583333334
651.5232189913548	4716.699583333334
651.867699420253	4737.634375000001
652.2121317695781	4721.250625000001
652.5565160311729	4694.854583333334
652.9008521968799	4536.4783333333335
653.2451402585418	4462.751458333333
653.589380208001	4543.76
653.9335720371001	4603.833750000001
654.2777157376819	4442.726875
654.6218113015888	4470.033125000001
654.9658587206632	4271.607708333333
655.3098579867482	4449.098333333332
655.6538090916857	4347.155
655.9977120273187	4278.889375
656.34156678549	4223.366666666666
656.6853733580418	4318.028333333333
657.0291317368166	4156.01125
657.3728419136573	4226.097291666666
657.7165038804063	4102.308958333334
658.0601176289063	4016.749375
658.4036831509995	4121.423333333333
658.7472004385293	4025.851458333333
659.0906694833374	4100.488541666667
659.4340902772667	4016.749375
659.77746281216	4021.300416666667
660.1207870798596	4031.312708333333
660.4640630722082	3927.5489583333333
660.8072907810484	3794.658541666666
661.1504701982227	3865.6547916666664
661.4936013155738	3922.087708333333
661.8366841249441	3824.695416666667
662.1797186181763	3741.8664583333334
662.5227047871128	3730.9439583333333
662.8656426235966	3831.066875
663.2085321194701	3760.0706250000003
663.5513732665754	3633.5516666666663
663.8941660567558	3622.629166666667
664.2369104818536	3629.000625
664.5796065337111	3566.1962499999995
664.9222542041712	3520.6858333333334
665.2648534850765	3537.9797916666666
665.6074043682694	3650.845625
665.9499068455925	3472.444791666667
666.2923609088887	3433.3058333333333
666.63476655	3443.318125
666.9771237607694	3399.6281249999997
667.3194325330395	3462.4325000000003
667.6616928586526	3369.59125
668.0039047294514	3242.162083333333
668.3460681372787	3300.4154166666667
668.6881830739768	3295.8643749999997
669.0302495313884	3186.639375
669.3722675013561	3465.1631250000005
669.7142369757223	3304.0562499999996
670.0561579463299	3200.2924999999996
670.3980304050212	3207.5741666666668
670.7398543436391	3213.9456250000003
671.0816297540256	3110.1818749999998
671.4233566280238	3416.9220833333334
671.7650349574764	3142.949375
672.1066647342252	3026.4427083333335
672.4482459501136	3017.3406250000003
672.7897785969838	3326.8114583333336
673.1312626666784	2981.8425
673.4726981510399	2963.638333333334
673.8140850419113	3000.0466666666666
674.1554233311347	2914.4870833333334
674.4967130105528	2878.9889583333334
674.8379540720083	2909.9360416666664
675.1791465073437	3072.8633333333332
675.5202903084016	3051.9285416666667
675.8613854670248	2788.8783333333326
676.2024319750553	2774.315
676.5434298243362	2887.1808333333333
676.88437900671	2844.4010416666665
677.2252795140191	2789.788541666667
677.5661313381062	2736.996458333333
677.9069344708139	2655.0777083333337
678.2476889039847	2636.8735416666664
678.5883946294612	2607.7468750000003
678.9290516390861	2603.195833333333
679.2696599247018	2635.963333333333
679.6102194781508	2620.489791666667
679.9507302912762	2602.285625
680.29119235592	2613.2081250000006
680.631605663925	2654.1675
680.9719702071338	2516.7260416666663
681.312285977389	2595.914166666667
681.6525529665331	2608.6570833333335
681.9927711664087	2527.6485416666665
682.3329405688585	2437.5379166666667
682.6730611657248	2473.94625
683.0131329488505	2422.064375
683.353155910078	2424.795
683.6931300412499	2459.382916666667
684.0330553342089	2431.166458333333
684.3729317807973	2422.974583333333
684.7127593728582	2310.10875
685.0525381022335	2359.2599999999998
685.3922679607663	2240.9329166666666
685.7319489402989	2326.4925
686.0715810326739	2361.990625
686.4111642297341	2260.9575
686.750698523322	2173.5775
687.0901839052799	2236.381875
687.4296203674508	2175.397916666667
687.7690079016771	2210.896041666667
688.1083464998012	2181.7693750000003
688.4476361536658	2193.602083333333
688.7868768551137	2199.0633333333335
689.1260685959872	2129.8875000000003
689.465211368129	2136.2589583333333
689.8043051633817	2179.03875
690.1433499735879	2143.540625
690.48234579059	2659.62875
690.8212926062307	2432.986875
691.1601904123526	2037.0462499999996
691.4990392007982	1993.35625
691.8378389634104	2039.7768749999998
692.1765896920311	2016.1114583333335
692.5152913785035	2016.1114583333335
692.8539440146701	1976.9724999999999
693.1925475923734	2106.222083333333
693.5311021034557	2038.8666666666666
693.86960753976	4569.245833333333
694.2080638931286	2169.936666666667
694.5464711554041	1968.780625
694.8848293184293	1945.1152083333334
695.2231383740468	1998.8175
695.5613983140987	1920.5395833333332
695.899609130428	1837.710625
696.2377708148773	1895.05375
696.5758833592889	1815.8656250000001
696.9139467555057	1907.7966666666664
697.25196099537	1905.9762499999997
697.5899260707245	1950.5764583333332
697.9278419734118	1927.82125
698.2657086952745	1801.3022916666669
698.603526228155	1845.9025
698.9412945638961	1942.3845833333332
699.2790136943405	1753.9714583333334
699.6166836113304	1777.636875
699.9543043067085	1809.4941666666666
700.2918757723176	1906.8864583333334
700.629398	1847.7229166666666
700.9668709815984	1779.4572916666666
701.3042947089555	1765.8041666666668
701.6416691739137	1859.555625
701.9789943683154	1834.0697916666668
702.3162702840036	1689.3466666666666
702.6534969128209	1712.101875
702.9906742466095	1624.721875
703.3278022772121	1723.9345833333334
703.6648809964715	1631.0933333333335
704.00191039623	1591.0441666666666
704.3388904683302	1541.8929166666665
704.6758212046151	1557.3664583333332
705.0127025969267	1763.0735416666666
705.3495346371078	1609.2483333333332
705.6863173170012	1608.3381250000002
706.0230506284493	1551.9052083333336
706.3597345632945	1530.0602083333333
706.6963691133798	1592.8645833333333
707.0329542705473	1494.5620833333332
707.3694900266399	1652.9383333333333
707.7059763735002	1503.6641666666667
708.0424133029707	1531.880625
708.3788008068938	1540.9827083333332
708.7151388771123	1556.45625
709.0514275054688	1533.7010416666665
709.3876666838056	1624.721875
709.7238564039657	1502.7539583333335
710.0599966577913	1463.615
710.3960874371253	1574.6604166666666
710.73212873381	1498.2029166666669
711.0681205396882	1858.645416666667
711.4040628466022	16318.215000000002
711.7399556463948	2335.594583333333
712.0757989309087	1534.61125
712.4115926919862	1487.2804166666665
712.7473369214699	1374.4145833333332
713.0830316112028	1459.0639583333334
713.418676753027	1460.8843749999999
713.7542723387851	1448.1414583333333
714.08981836032	1400.810625
714.425314809474	1549.1745833333334
714.7607616780898	1383.5166666666667
715.09615895801	1410.8229166666667
715.4315066410772	1400.810625
715.7668047191336	1404.4514583333332
716.1020531840225	1398.08
716.4372520275859	1365.3125
716.7724012416666	1452.6925
717.107500818107	1370.77375
717.44255074875	1372.5941666666668
717.777551025438	1321.6225000000002
718.1125016400134	1337.0960416666665
718.4474025843191	1290.6754166666667
718.7822538501974	1449.961875
719.1170554294912	1367.1329166666667
719.4518073140429	1304.3285416666668
719.7865094956949	1344.3777083333332
720.1211619662901	1313.430625
720.4557647176711	1326.1735416666668
720.7903177416799	1285.2141666666666
721.1248210301598	1375.3247916666667
721.459274574953	1450.8720833333334
721.7936783679021	1311.6102083333335
722.1280324008497	1289.7652083333335
722.4623366656388	1334.3654166666665
722.7965911541114	1354.39
723.13079585811	1595.5952083333332
723.4649507694777	1417.194375
723.7990558800569	1293.4060416666669
724.13311118169	1369.8635416666666
724.4671166662197	1246.9854166666667
724.8010723254887	1260.6385416666667
725.1349781513393	1241.5241666666668
725.4688341356142	1311.6102083333335
725.8026402701563	1251.5364583333333
726.1363965468076	1261.5487500000002
726.4701029574111	1290.6754166666667
726.8037594938094	1231.511875
727.1373661478447	1296.1366666666665
727.4709229113599	1279.7529166666666
727.8044297761977	1193.283125
728.1378867342002	1195.1035416666666
728.4712937772103	1285.2141666666666
728.8046508970707	1195.1035416666666
729.1379580856236	1172.3483333333334
729.4712153347119	1219.6791666666668
729.8044226361783	1254.2670833333334
730.137579981865	1284.3039583333334
730.4706873636146	1276.1120833333334
730.80374477327	1308.8795833333334
731.1367522026735	1301.5979166666666
731.4697096436678	1195.1035416666666
731.8026170880954	1350.7491666666667
732.1354745277993	1302.508125
732.4682819546213	1218.7689583333333
732.8010393604045	1258.8181249999998
733.1337467369915	1326.1735416666668
733.4664040762245	1284.3039583333332
733.7990113699465	1209.6668750000001
734.1315686099999	1290.6754166666667
734.4640757882273	1368.0431250000001
734.7965328964714	1336.1858333333332
735.1289399265746	1242.434375
735.4612968703796	1168.7075
735.7936037197286	1373.5043750000002
736.1258604664649	1212.3975
736.4580671024305	1216.9485416666666
736.7902236194681	1219.6791666666668
737.1223300094205	1190.5525
737.45438626413	1174.16875
737.7863923754393	1191.4627083333332
738.118348335191	1135.9400000000003
738.4502541352277	1211.4872916666666
738.7821097673918	1234.2425
739.1139152235262	1238.7935416666667
739.4456704954733	1277.022291666667
739.7773755750756	1231.511875
740.1090304541757	1200.5647916666667
740.4406351246164	1218.7689583333333
740.7721895782399	1362.581875
741.1036938068892	1257.9079166666668
741.4351478024066	1201.4750000000001
741.7665515566348	1263.3691666666666
742.0979050614163	1350.7491666666667
742.4292083085937	1302.508125
742.7604612900096	1233.3322916666668
743.0916639975067	1255.1772916666666
743.4228164229273	1172.3483333333334
743.7539185581142	1106.8133333333333
744.0849703949099	1237.8833333333332
744.4159719251571	1231.511875
744.7469231406983	1144.131875
745.0778240333758	1236.973125
745.4086745950326	1118.6460416666666
745.7394748175113	1274.2916666666667
746.0702246926539	1114.095
746.4009242123037	1209.666875
746.731573368303	1228.78125
747.0621721524942	1181.4504166666666
747.39272055672	1202.3852083333334
747.723218572823	1196.9239583333333
748.0536661926458	1149.593125
748.384063408031	1106.8133333333333
748.7144102108211	1145.0420833333335
749.0447065928587	1277.9325000000001
749.3749525459865	1153.2339583333332
749.7051480620469	1247.8956249999999
750.0352931328825	1180.540208333333
750.365387750336	1234.2425
750.6954319062501	1168.7075000000002
751.025425592467	1175.0789583333333
751.3553688008293	1165.976875
751.6852615231801	1140.4910416666667
752.0151037513616	1291.585625
752.3448954772161	1234.2425
752.6746366925869	1298.8672916666667
753.004327389316	1302.508125
753.333967559246	1488.190625
753.66355719422	1170.5279166666667
753.99309628608	1164.1564583333334
754.3225848266688	1216.0383333333332
754.652022807829	1176.899375
754.9814102214033	1147.7727083333332
755.3107470592339	1185.0912500000002
755.6400333131637	1155.054375
755.9692689750353	1142.3114583333333
756.298454036691	1147.7727083333334
756.6275884899737	1177.8095833333334
756.9566723267259	1115.9154166666667
757.28570553879	1203.2954166666666
757.6146881180086	1236.9731250000002
757.9436200562246	1143.2216666666666
758.2725013452803	1144.131875
758.6013319770183	1267.01
758.9301119432813	1186.0014583333334
759.2588412359117	1128.6583333333335
759.5875198467521	1098.6214583333333
759.9161477676453	1230.6016666666667
760.2447249904338	1150.5033333333333
760.5732515069599	1100.441875
760.9017273090666	1178.7197916666667
761.2301523885964	1250.62625
761.5585267373914	1212.3975
761.8868503472946	1156.8747916666666
762.2151232101487	1189.6422916666668
762.5433453177961	1235.1527083333333
762.8715166620792	1183.2708333333333
763.1996372348409	1104.9929166666666
763.5277070279236	1213.3077083333335
763.85572603317	1120.4664583333333
764.1836942424226	1177.8095833333334
764.5116116475239	1264.279375
764.8394782403163	1177.8095833333334
765.1672940126431	1143.2216666666666
765.4950589563462	1115.9154166666667
765.8227730632684	1175.9891666666667
766.1504363252524	1134.1195833333331
766.4780487341407	1236.0629166666668
766.8056102817754	1127.748125
767.13312096	1246.0752083333334
767.4605807606565	1101.3520833333334
767.7879896755875	1078.596875
768.1153476966355	1206.0260416666667
768.4426548156436	1200.5647916666667
768.7699110244537	1175.0789583333333
769.0971163149088	1293.4060416666669
769.4242706788516	1183.2708333333333
769.7513741081242	1154.1441666666667
770.0784265945695	1144.131875
770.40542813003	1166.8870833333333
770.7323787063482	1165.0666666666668
771.059278315367	1286.124375
771.3861269489287	1232.4220833333334
771.7129245988758	1225.1404166666669
772.0396712570512	1171.438125
772.3663669152974	1230.6016666666665
772.6930115654565	1205.1158333333333
773.0196051993717	1165.0666666666666
773.3461478088853	1175.9891666666665
773.6726393858401	1140.4910416666667
773.9990799220781	1136.8502083333333
774.3254694094426	1250.62625
774.6518078397759	1306.1489583333332
774.9780952049204	1132.2991666666667
775.3043314967188	1155.9645833333334
775.6305167070137	1233.3322916666666
775.9566508276476	1219.6791666666668
776.2827338504633	1165.976875
776.6087657673032	1139.5808333333332
776.93474657001	1128.6583333333335
777.2606762504261	1219.6791666666668
777.5865548003943	1124.1072916666667
777.9123822117568	1186.0014583333334
778.2381584763566	1149.593125
778.5638835860362	1160.515625
778.889557532638	1104.0827083333334
779.2151803080047	1167.7972916666668
779.540751903979	1272.47125
779.8662723124031	1115.9154166666667
780.1917415251199	1154.1441666666667
780.5171595339721	1184.1810416666667
780.8425263308019	1157.785
781.1678419074518	1239.70375
781.493106255765	1218.7689583333333
781.8183193675837	1234.2425
782.1434812347505	1115.0052083333333
782.4685918491078	1200.5647916666667
782.7936512024986	1152.32375
783.118659286765	1157.785
783.4436160937499	1304.3285416666668
783.768521615296	1154.1441666666667
784.0933758432454	1511.8560416666667
784.418178769441	1143.2216666666666
784.7429303857256	1235.1527083333333
785.0676306839412	1149.593125
785.3922796559308	1143.2216666666666
785.716877293537	1156.8747916666666
786.0414235886021	1231.5118750000001
786.3659185329689	1148.6829166666666
786.69036211848	1210.5770833333333
787.0147543369778	1329.8143750000002
787.339095180305	1186.9116666666666
787.6633846403042	1145.9522916666667
787.987622708818	1176.899375
788.3118093776886	1156.8747916666666
788.6359446387593	1206.93625
788.9600284838722	1152.3237500000002
789.2840609048698	1188.7320833333333
789.6080418935949	1225.1404166666666
789.93197144189	1133.2093750000001
790.2558495415977	1124.1072916666665
790.5796761845605	1143.2216666666666
790.9034513626214	1217.85875
791.2271750676223	1170.5279166666667
791.5508472914062	1135.0297916666666
791.8744680258158	1119.5562499999999
792.1980372626931	1215.128125
792.5215549938813	1214.2179166666667
792.8450212112227	1312.5204166666665
793.16843590656	1281.5733333333335
793.4917990717355	1234.2425
793.8151106985922	1250.62625
794.1383707789723	1079.5070833333334
794.4615793047186	1188.7320833333333
794.7847362676737	1228.78125
795.1078416596802	1196.01375
795.4308954725801	1106.8133333333333
795.7538976982169	1277.0222916666667
796.0768483284327	2448.4604166666663
796.3997473550701	1409.9127083333333
796.7225947699715	1235.1527083333333
797.0453905649798	1192.3729166666665
797.3681347319375	1129.5685416666665
797.690827262687	1155.9645833333334
798.0134681490712	1125.9277083333334
798.3360573829325	1204.2056249999998
798.6585949561133	1179.63
798.9810808604566	1177.8095833333334
799.3035150878045	1169.6177083333334
799.6258976299999	1382.6064583333334
799.9482284788854	1226.9608333333333
800.2705076263034	1361.6716666666666
800.5927350640966	1133.2093750000001
800.9149107841075	1244.2547916666665
801.2370347781787	1344.3777083333332
801.5591070381528	1142.3114583333333
801.8811275558725	1153.2339583333332
802.2030963231803	1234.2425
802.5250133319183	1214.2179166666667
802.84687857393	1163.24625
803.1686920410574	1239.70375
803.4904537251431	1282.4835416666667
803.8121636180297	1256.0875
804.13382171156	1186.9116666666669
804.4554279975763	1089.519375
804.7769824679212	1223.32
805.0984851144376	1244.2547916666665
805.4199359289677	1223.32
805.7413349033543	1158.6952083333333
806.06268202944	1138.670625
806.3839772990672	1179.63
806.7052207040786	1752.1510416666667
807.0264122363169	1210.5770833333333
807.3475518876243	1126.8379166666666
807.6686396498436	1172.3483333333334
807.9896755148177	1145.9522916666667
808.3106594743887	1160.515625
808.6315915203992	1240.6139583333334
808.9524716446922	1150.5033333333333
809.2732998391101	1140.4910416666667
809.594076095495	1187.8218749999999
809.9148004056901	1158.6952083333333
810.235472761538	1139.5808333333332
810.5560931548807	1144.131875
810.8766615775612	1133.2093750000001
811.1971780214221	1113.1847916666668
811.5176424783058	1151.4135416666668
811.8380549400548	1132.2991666666667
812.1584153985121	1207.8464583333332
812.4787238455199	1156.8747916666669
812.7989802729209	1136.8502083333333
813.1191846725578	1208.7566666666664
813.4393370362732	1145.042083333333
813.759437355909	1216.0383333333332
814.0794856233088	1240.6139583333334
814.3994818303146	1105.903125
814.7194259687689	1122.286875
815.0393180305146	1162.3360416666667
815.3591580073941	1215.128125
815.6789458912499	1155.9645833333334
815.9986816739249	1130.47875
816.3183653472614	1151.4135416666666
816.637996903102	1186.9116666666666
816.9575763332895	1322.5327083333334
817.2771036296664	1358.9410416666667
817.5965787840748	1141.40125
817.9160017883579	1246.9854166666667
818.2353726343582	1222.4097916666667
818.5546913139178	1165.976875
818.87395781888	1181.4504166666666
819.1931721410868	1076.776458333333
819.5123342723809	1273.3814583333333
819.8314442046052	1115.9154166666667
820.1505019296019	1217.85875
820.4695074392138	1183.2708333333333
820.7884607252832	1172.3483333333334
821.107361779653	1174.16875
821.4262105941658	1090.4295833333333
821.7450071606638	1156.8747916666669
822.0637514709899	1235.1527083333333
822.3824435169868	1239.70375
822.7010832904965	1193.283125
823.0196707833622	1516.4070833333335
823.3382059874264	1189.6422916666668
823.6566888945312	1140.4910416666664
823.9751194965196	1141.4012500000001
824.2934977852343	1118.6460416666666
824.6118237525172	1153.2339583333332
824.9300973902117	1090.4295833333333
825.24831869016	1123.1970833333332
825.5664876442045	1202.3852083333334
825.8846042441882	1283.39375
826.2026684819534	1082.2377083333333
826.5206803493426	1135.9399999999998
826.8386398381987	1180.5402083333333
827.156546940364	1191.4627083333332
827.4744016476814	1113.1847916666666
827.7922039519929	1252.4466666666667
828.1099538451416	1970.6010416666668
828.42765131897	1156.8747916666669
828.7452963653204	1186.0014583333334
829.0628889760359	1157.7849999999999
829.3804291429586	1107.7235416666665
829.697916857931	1137.7604166666667
830.0153521127962	1134.1195833333334
830.3327348993965	1069.4947916666667
830.6500652095742	1125.0175
830.9673430351726	1198.744375
831.2845683680337	1219.6791666666668
831.6017411999999	1116.8256249999997
831.9188615229143	1292.4958333333334
832.2359293286195	1369.8635416666668
832.5529446089574	1169.6177083333334
832.8699073557715	1175.9891666666665
833.1868175609037	1202.3852083333331
833.5036752161967	1144.131875
833.8204803134935	1124.1072916666665
834.1372328446362	1142.3114583333333
834.4539328014675	1139.5808333333334
834.7705801758299	1208.7566666666667
835.0871749595664	1203.2954166666666
835.4037171445192	1134.1195833333334
835.7202067225306	1113.1847916666666
836.0366436854439	1131.3889583333332
836.3530280251014	1214.2179166666665
836.6693597333452	1174.16875
836.9856388020186	1184.1810416666667
837.3018652229639	1213.3077083333335
837.6180389880233	1182.360625
837.9341600890399	1143.2216666666668
838.2502285178563	1169.6177083333334
838.5662442663146	1118.6460416666666
838.8822073262578	1093.1602083333332
839.1981176895283	1116.825625
839.5139753479687	1083.1479166666668
839.8297802934217	1177.8095833333334
840.1455325177297	1108.63375
840.4612320127352	1173.2585416666666
840.7768787702812	1191.4627083333332
841.0924727822099	1153.2339583333332
841.4080140403643	1080.4172916666666
841.7235025365862	1163.24625
842.038938262719	1115.9154166666665
842.3543212106048	1124.107291666667
842.6696513720862	1196.9239583333333
842.9849287390061	1584.6727083333333
843.3001533032069	1191.4627083333332
843.6153250565309	1168.7075000000002
843.9304439908211	1146.8625
844.24551009792	1109.5439583333334
844.5605233696699	1210.5770833333333
844.8754837979137	1125.9277083333334
845.190391374494	1162.3360416666667
845.5052460912531	1174.16875
845.8200479400336	1165.976875
846.1347969126784	1649.2975
846.4494930010297	1175.0789583333333
846.7641361969305	1269.7406250000001
847.0787264922232	1286.124375
847.3932638787498	1271.5610416666666
847.7077483483539	1231.5118750000001
848.0221798928775	1148.6829166666666
848.3365585041632	1338.9164583333334
848.6508841740534	1129.5685416666665
848.9651568943913	1072.2254166666667
849.2793766570189	2037.04625
849.5935434537789	1394.4391666666668
849.9076572765141	1134.1195833333334
850.221718117067	1134.1195833333334
850.5357259672799	1256.0874999999999
850.8496808189958	1126.8379166666666
851.1635826640571	1140.4910416666664
851.4774314943061	1137.7604166666667
851.7912273015859	1144.131875
852.1049700777388	1125.9277083333334
852.4186598146072	1245.165
852.732296504034	1088.6091666666669
853.0458801378618	1111.364375
853.3594107079327	1056.751875
853.67288820609	1109.5439583333334
853.9863126241758	1168.7074999999998
854.2996839540325	1178.7197916666667
854.6130021875033	1134.1195833333334
854.9262673164303	1225.1404166666664
855.2394793326564	1129.5685416666668
855.5526382280236	1146.8625
855.8657439943752	1147.7727083333332
856.1787966235535	1123.1970833333332
856.4917961074007	1117.7358333333332
856.80474243776	1125.9277083333334
857.1176356064736	1158.6952083333333
857.4304756053841	1194.1933333333334
857.7432624263345	1164.1564583333331
858.0559960611668	1246.0752083333334
858.3686765017236	1078.596875
858.681303739848	1086.78875
858.9938777673823	1093.1602083333332
859.3063985761688	1437.2189583333336
859.6188661580505	1119.5562499999999
859.93128050487	1135.0297916666666
860.2436416084694	1065.8539583333334
860.5559494606917	1115.9154166666667
860.8682040533795	1074.0458333333333
861.1804053783749	1116.825625
861.4925534275212	1109.5439583333334
861.8046481926605	1076.7764583333335
862.1166896656355	1067.6743749999998
862.4286778382884	1093.1602083333335
862.7406127024626	1142.3114583333336
863.0524942500001	1067.6743749999998
863.3643224727433	1155.054375
863.6760973625354	1178.7197916666667
863.9878189112187	1106.8133333333333
864.2994871106355	1099.5316666666665
864.6111019526287	1235.1527083333333
864.9226634290409	1102.2622916666667
865.2341715317144	1284.3039583333332
865.5456262524921	1180.5402083333336
865.8570275832164	1125.9277083333334
866.1683755157298	1094.0704166666667
866.4796700418752	1115.9154166666667
866.7909111534951	1125.9277083333334
867.1020988424316	1114.095
867.4132331005279	1072.2254166666667
867.7243139196262	1096.8010416666666
868.0353412915691	1064.0335416666667
868.3463152081995	1215.128125
868.6572356613597	1104.9929166666666
868.9681026428924	1147.7727083333332
869.2789161446399	1061.3029166666665
869.5896761584452	1163.24625
869.9003826761507	1161.4258333333332
870.2110356895988	1110.4541666666667
870.5216351906323	1056.7518750000002
870.8321811710938	1148.6829166666666
871.1426736228256	1115.9154166666667
871.4531125376707	1060.3927083333335
871.7634979074714	1060.3927083333333
872.0738297240702	1092.2499999999998
872.38410797931	1199.6545833333334
872.6943326650331	1068.5845833333333
873.0045037730821	1081.3275
873.3146212952998	1127.748125
873.6246852235287	1079.5070833333332
873.9346955496112	1091.3397916666665
874.24465226539	1109.5439583333334
874.5545553627078	1363.4920833333335
874.8644048334069	1234.2425
875.17420066933	1083.1479166666666
875.48394286232	1078.596875
875.793631404219	1058.5722916666666
876.1032662868698	1378.0554166666668
876.4128475021149	1103.1725
876.7223750417972	1124.1072916666667
877.0318488977587	1085.8785416666667
877.3412690618425	1107.7235416666665
877.650635525891	1091.3397916666665
877.9599482817465	1102.2622916666667
878.269207321252	1097.71125
878.57841263625	1065.8539583333334
878.8875642185828	1059.4825
879.1966620600934	1086.78875
879.5057061526242	1025.8047916666667
879.8146964880174	1056.751875
880.1236330581162	1178.7197916666667
880.4325158547629	1256.9977083333333
880.7413448697998	1158.6952083333333
881.05012009507	1144.131875
881.358841522416	1091.3397916666668
881.6675091436798	1089.519375
881.9761229507047	1082.2377083333333
882.2846829353331	1040.3681250000002
882.5931890894074	1103.1725
882.9016414047699	1085.8785416666667
883.2100398732638	1076.7764583333335
883.5183844867314	1014.8822916666667
883.826675237015	1064.9437500000001
884.1349121159577	1123.1970833333332
884.4430951154019	1264.2793749999998
884.7512242271898	1170.5279166666667
885.0592994431647	1136.8502083333333
885.3673207551687	1137.7604166666667
885.6752881550442	1112.2745833333336
885.9832016346343	1060.3927083333333
886.2910611857814	1034.906875
886.5988668003275	1101.3520833333332
886.9066184701161	1158.6952083333333
887.2143161869893	1051.2906249999999
887.5219599427896	1107.723541666667
887.82954972936	1072.225416666667
888.1370855385427	1138.670625
888.4445673621801	1078.596875
888.7519951921154	1123.1970833333335
889.0593690201907	1042.1885416666667
889.3666888382488	1064.0335416666667
889.673954638132	1070.405
889.9811664116833	1152.32375
890.288324150745	1095.8908333333331
890.5954278471595	1101.3520833333332
890.90247749277	1097.71125
891.2094730794186	1195.1035416666666
891.5164145989478	1168.7074999999998
891.8233020432004	1236.9731250000002
892.1301354040191	1240.6139583333334
892.4369146732461	1112.274583333333
892.7436398427244	1046.7395833333333
893.0503109042965	1277.0222916666664
893.3569278498044	1051.290625
893.6634906710915	1065.8539583333334
893.96999936	1080.4172916666666
894.2764539083722	1419.925
894.5828543080514	1232.4220833333334
894.8892005508795	1054.9314583333335
895.1954926286993	1135.9399999999998
895.5017305333536	1478.1783333333333
895.8079142566849	1145.9522916666667
896.1140437905356	1046.7395833333333
896.4201191267481	1108.63375
896.7261402571654	1070.405
897.03210717363	1065.8539583333334
897.3380198679843	1064.9437500000001
897.643878332071	1117.7358333333334
897.9496825577328	1287.0345833333333
898.2554325368118	1113.1847916666668
898.5611282611512	1227.8710416666665
898.8667697225933	1093.1602083333335
899.1723569129805	1084.9683333333332
899.4778898241558	1055.8416666666667
899.7833684479614	1190.5525
900.0887927762399	1080.4172916666666
900.3941628008342	1058.5722916666666
900.6994785135867	1138.670625
901.0047399063398	1201.4750000000001
901.3099469709363	1322.5327083333334
901.6150996992188	1157.785
901.9201980830295	1074.9560416666666
902.2252421142116	1585.582916666667
902.5302317846073	1098.6214583333333
902.8351670860594	1132.2991666666667
903.1400480104098	1136.8502083333333
903.4448745495021	1140.4910416666664
903.7496466951783	1254.2670833333334
904.0543644392808	1156.8747916666669
904.3590277736527	1022.1639583333334
904.6636366901363	1070.405
904.968191180574	1113.1847916666668
905.2726912368087	1178.7197916666667
905.5771368506829	1170.5279166666667
905.8815280140391	1110.4541666666667
906.18586471872	1200.5647916666667
906.490146956568	1104.9929166666668
906.7943747194257	1143.2216666666666
907.0985479991359	1272.47125
907.4026667875411	1181.4504166666666
907.7067310764836	1136.8502083333333
908.0107408578065	1071.3152083333334
908.3146961233518	1150.5033333333333
908.6185968649625	1098.6214583333333
908.9224430744811	1177.8095833333334
909.2262347437501	1135.0297916666666
909.529971864612	1126.8379166666666
909.8336544289094	3760.980833333333
910.137282428485	1254.2670833333334
910.4408558551816	1173.2585416666668
910.7443747008411	1092.2499999999998
911.0478389573069	1238.7935416666667
911.351248616421	1358.0308333333335
911.6546036700261	1196.0137499999998
911.9579041099649	1135.9399999999998
912.26114992808	1079.5070833333332
912.5643411162137	1455.423125
912.867477666209	1244.2547916666665
913.1705595699083	1053.1110416666668
913.4735868191539	1067.6743749999998
913.7765594057887	1079.5070833333332
914.0794773216553	1023.0741666666667
914.382340558596	1135.94
914.6851491084537	1388.9779166666667
914.9879029630708	1178.7197916666667
915.2906021142899	1111.3643749999999
915.5932465539537	1194.1933333333334
915.8958362739046	1062.213125
916.1983712659853	1071.3152083333334
916.5008515220383	1128.6583333333333
916.8032770339062	1063.1233333333332
917.1056477934318	1022.1639583333334
917.407963792457	1296.1366666666665
917.7102250228253	1135.0297916666666
918.0124314763789	1094.0704166666667
918.3145831449599	1039.4579166666665
918.6166800204115	1084.058125
918.9187220945763	1146.8625
919.2207093592963	1475.4477083333334
919.5226418064146	1094.0704166666667
919.8245194277738	1072.225416666667
920.1263422152159	1054.9314583333335
920.4281101605843	1050.3804166666666
920.7298232557209	1090.4295833333333
921.0314814924685	1048.56
921.3330848626699	1088.6091666666669
921.6346333581675	1232.4220833333334
921.9361269708037	1145.0420833333333
922.2375656924214	1045.829375
922.538949514863	1105.903125
922.8402784299712	1153.2339583333335
923.1415524295884	1136.8502083333333
923.4427715055573	1094.980625
923.7439356497206	1093.1602083333335
924.0450448539206	1121.3766666666668
924.34609911	1070.405
924.6470984098015	1154.1441666666667
924.9480427451673	1095.8908333333331
925.2489321079405	1103.1725
925.5497664899635	1070.405
925.8505458830786	1124.1072916666667
926.1512702791289	1034.906875
926.4519396699565	1137.7604166666667
926.752554047404	1128.6583333333335
927.0531134033143	1122.286875
927.35361772953	1064.9437500000001
927.6540670178932	1066.7641666666668
927.9544612602471	1083.1479166666668
928.2548004484337	1062.213125
928.5550845742961	1069.4947916666667
928.8553136296762	1145.0420833333335
929.1554876064173	1079.5070833333332
929.4556064963617	1189.6422916666668
929.7556702913517	1176.8993750000002
930.0556789832303	1139.5808333333334
930.35563256384	1106.8133333333333
930.6555310250232	1195.1035416666666
930.9553743586226	1069.4947916666667
931.2551625564809	1094.980625
931.5548956104402	1145.9522916666665
931.8545735123437	1063.1233333333332
932.1541962540336	1129.5685416666668
932.4537638273525	983.9352083333333
932.7532762241433	1094.980625
933.0527334362483	1195.1035416666666
933.3521354555098	1084.0581250000002
933.6514822737711	1081.3275
933.9507738828743	1213.3077083333335
934.2500102746618	1125.9277083333334
934.5491914409766	1059.4824999999998
934.8483173736612	1211.4872916666666
935.1473880645581	1047.6497916666667
935.4464035055097	1069.4947916666667
935.745363688359	1091.3397916666665
936.0442686049482	1135.0297916666666
936.3431182471198	1131.3889583333332
936.641912606717	1104.0827083333334
936.9406516755819	1061.3029166666668
937.239335445557	1088.6091666666669
937.537963908485	1074.0458333333333
937.8365370562088	1125.0175
938.1350548805704	1044.008958333333
938.4335173734129	1056.751875
938.7319245265786	1053.1110416666666
939.0302763319099	1026.715
939.3285727812499	1057.6620833333334
939.626813866441	1007.600625
939.9249995793253	1076.7764583333335
940.223129911746	1049.4702083333334
940.5212048555455	1088.6091666666666
940.8192244025662	1004.8699999999999
941.1171885446508	1077.6866666666667
941.415097273642	1063.1233333333332
941.7129505813822	1099.5316666666668
942.0107484597139	1134.1195833333334
942.30849090048	1084.0581250000002
942.6061778955228	1074.0458333333333
942.9038094366849	1299.7775000000001
943.2013855158092	1409.0024999999998
943.4989061247379	1073.135625
943.7963712553136	1087.6989583333334
944.0937808993792	1072.2254166666667
944.3911350487772	1077.6866666666667
944.6884336953495	1200.5647916666667
944.9856768309398	1316.16125
945.28286444739	1185.0912500000002
945.5799965365427	1283.39375
945.8770730902406	1092.25
946.1740941003263	1158.6952083333333
946.4710595586421	1157.785
946.7679694570312	1124.1072916666667
947.0648237873357	1120.4664583333333
947.3616225413981	1055.8416666666665
947.6583657110614	1096.8010416666666
947.9550532881678	1084.058125
948.25168526456	1120.4664583333333
948.5482616320805	1182.360625
948.8447823825722	1169.6177083333332
949.1412475078774	1138.670625
949.4376569998386	1033.9966666666667
949.7340108502987	1071.3152083333334
950.0303090511001	1025.8047916666667
950.3265515940852	1178.7197916666667
950.6227384710969	1067.6743749999998
950.9188696739777	1055.8416666666665
951.2149451945699	1117.7358333333334
951.5109650247166	1052.2008333333333
951.8069291562598	1017.6129166666666
952.1028375810424	1093.1602083333332
952.3986902909071	1210.5770833333333
952.6944872776962	1078.596875
952.9902285332523	1057.6620833333334
953.2859140494182	1108.63375
953.5815438180365	1079.5070833333334
953.8771178309494	1262.4589583333334
954.1726360799998	1126.8379166666666
954.4680985570304	1082.2377083333333
954.7635052538835	1090.4295833333333
955.0588561624015	1083.1479166666668
955.3541512744275	1084.9683333333332
955.6493905818038	1077.6866666666667
955.9445740763729	1115.9154166666667
956.2397017499775	1104.0827083333334
956.5347735944603	1150.5033333333333
956.8297896016634	1164.1564583333336
957.1247497634299	1177.8095833333334
957.4196540716023	1122.286875
957.7145025180229	1095.8908333333334
958.0092950945348	1095.8908333333334
958.3040317929799	1080.4172916666666
958.5987126052012	1116.8256250000002
958.8933375230413	1494.5620833333335
959.1879065383425	1295.2264583333335
959.4824196429477	1256.0875
959.7768768286993	1099.5316666666665
960.07127808744	1125.0175
960.3656234110122	1097.71125
960.6599127912586	1009.4210416666668
960.9541462200218	1033.9966666666667
961.2483236891444	1060.3927083333335
961.5424451904687	1140.491041666667
961.8365107158377	1091.3397916666665
962.1305202570937	1071.3152083333334
962.4244738060793	1158.6952083333333
962.7183713546373	1138.670625
963.01221289461	1049.4702083333332
963.3059984178401	1054.02125
963.5997279161703	1069.4947916666667
963.893401381443	1104.9929166666668
964.1870188055007	1187.8218749999999
964.4805801801863	1073.1356250000001
964.7740854973422	1165.0666666666666
965.0675347488107	1151.4135416666666
965.3609279264349	1155.054375
965.6542650220572	1065.8539583333334
965.9475460275199	1068.5845833333333
966.240770934666	1025.8047916666667
966.5339397353379	1082.2377083333333
966.8270524213779	1050.3804166666666
967.120108984629	1054.02125
967.4131094169337	1108.63375
967.7060537101345	1081.3275
967.9989418560739	1113.1847916666666
968.2917738465945	1094.9806250000001
968.5845496735391	1151.4135416666666
968.8772693287499	1047.6497916666667
969.16993280407	1031.2660416666668
969.4625400913416	1003.0495833333333
969.755091182407	1105.903125
970.0475860691095	1419.925
970.3400247432913	1156.8747916666669
970.6324071967948	1312.5204166666665
970.924733421463	1137.7604166666667
971.2170034091381	1034.906875
971.5092171516628	1031.2660416666668
971.80137464088	1599.2360416666668
972.0934758686318	1045.829375
972.385520826761	1202.3852083333334
972.6775095071101	1094.980625
972.9694419015219	1109.5439583333334
973.2613180018386	1077.6866666666667
973.5531377999032	1067.674375
973.8449012875581	1053.1110416666666
974.1366084566458	1140.4910416666664
974.4282592990087	1180.5402083333333
974.71985380649	1086.78875
975.0113919709318	1128.658333333333
975.3028737841765	1038.5477083333333
975.5942992380673	993.0372916666666
975.8856683244463	1082.2377083333333
976.1769810351561	1031.2660416666668
976.4682373620396	1166.8870833333333
976.7594372969393	1081.3275
977.0505808316972	1071.3152083333334
977.3416679581567	1150.5033333333333
977.6326986681601	1179.63
977.9236729535495	1097.71125
978.2145908061682	1145.9522916666667
978.5054522178584	1780.3675
978.7962571804626	1116.825625
979.0870056858237	1106.8133333333333
979.3776977257842	1175.0789583333335
979.6683332921862	1110.4541666666667
979.9589123768728	1268.8304166666667
980.2494349716867	1175.0789583333333
980.53990106847	1150.5033333333333
980.8303106590655	1155.054375
981.1206637353158	1110.4541666666667
981.4109602890635	1060.3927083333333
981.7012003121511	1091.3397916666665
981.9913837964212	1139.5808333333334
982.2815107337166	1160.5156250000002
982.5715811158793	1062.213125
982.8615949347526	1039.4579166666665
983.1515521821785	1104.0827083333331
983.4414528499998	1094.9806250000001
983.7312969300594	1183.2708333333333
984.0210844141994	1212.3975
984.3108152942625	1230.6016666666667
984.6004895620915	1107.7235416666665
984.8901072095288	1115.9154166666665
985.1796682284167	1074.9560416666666
985.4691726105984	1132.2991666666667
985.7586203479162	1293.4060416666669
986.0480114322123	1050.3804166666666
986.33734585533	1022.1639583333334
986.6266236091113	1054.9314583333332
986.9158446853992	1251.5364583333333
987.2050090760357	1114.095
987.4941167728639	1016.7027083333332
987.7831677677262	1025.8047916666667
988.0721620524652	1134.1195833333334
988.3610996189235	1077.6866666666667
988.6499804589438	1165.0666666666666
988.9388045643683	1081.3275
989.2275719270399	1041.2783333333334
989.5162825388013	1005.7802083333335
989.8049363914945	1060.3927083333335
990.0935334769628	1083.1479166666666
990.3820737870484	1042.1885416666667
990.6705573135936	1104.9929166666668
990.9589840484416	1134.1195833333334
991.2473539834347	1101.3520833333334
991.5356671104153	1237.8833333333332
991.8239234212261	1106.8133333333335
992.1121229077099	1064.9437500000001
992.400265561709	1065.8539583333334
992.6883513750662	1037.6375
992.9763803396239	1021.2537499999999
993.2643524472247	1135.0297916666666
993.5522676897112	1074.0458333333333
993.8401260589261	1033.9966666666667
994.1279275467119	1035.8170833333331
994.4156721449109	1115.9154166666667
994.7033598453662	1171.438125
994.99099063992	1144.131875
995.2785645204149	1084.058125
995.5660814786938	1103.1725
995.853541506599	1125.9277083333334
996.140944595973	1161.4258333333335
996.4282907386587	1149.593125
996.7155799264985	1074.0458333333333
997.0028121513348	1231.511875
997.2899874050105	1170.5279166666667
997.5771056793681	1012.1516666666666
997.8641669662499	970.2820833333334
998.1511712574988	1141.4012500000001
998.4381185449574	1107.7235416666665
998.725008820468	1119.5562499999999
999.0118420758735	1075.86625
999.2986183030163	1067.6743749999998
999.585337493739	1074.9560416666666
999.8719996398839	1068.5845833333333
1000.158604733294	1019.4333333333334
1000.445152765812	1242.4343749999998
1000.7316437292799	1102.2622916666667
1001.0180776155407	1159.6054166666665
1001.3044544164371	1071.3152083333334
1001.5907741238111	1254.2670833333334
1001.8770367295059	1383.5166666666667
1002.1632422253638	1143.2216666666666
1002.4493906032271	1093.1602083333335
1002.735481854939	1089.5193749999999
1003.0215159723417	1242.434375
1003.3074929472778	1039.4579166666665
1003.59341277159	1080.4172916666669
1003.8792754371208	1136.8502083333333
1004.1650809357126	1169.6177083333334
1004.4508292592081	1159.6054166666665
1004.7365203994503	1175.0789583333335
1005.0221543482811	1043.0987499999999
1005.3077310975436	1089.519375
1005.5932506390802	1068.5845833333333
1005.8787129647335	1068.5845833333335
1006.1641180663456	1084.9683333333332
1006.4494659357599	1144.131875
1006.7347565648188	1098.6214583333333
1007.0199899453642	1388.0677083333333
1007.3051660692394	1132.2991666666667
1007.5902849282868	1060.3927083333335
1007.8753465143486	1064.94375
1008.160350819268	1147.7727083333332
1008.4452978348874	1131.3889583333332
1008.7301875530488	1185.0912500000002
1009.0150199655957	1152.32375
1009.2997950643701	1064.0335416666667
1009.5845128412144	1094.0704166666667
1009.8691732879718	1045.829375
1010.1537763964845	1104.9929166666668
1010.4383221585949	1132.2991666666667
1010.7228105661462	1074.0458333333333
1011.0072416109805	1096.8010416666666
1011.2916152849402	1050.3804166666666
1011.5759315798686	1074.0458333333333
1011.8601904876076	1074.9560416666666
1012.144392	1090.4295833333333
1012.4285361088884	1066.7641666666666
1012.7126228061155	1040.368125
1012.9966520835236	1234.2425
1013.2806239329553	1105.903125
1013.5645383462538	1054.9314583333332
1013.8483953152609	1128.6583333333333
1014.1321948318193	1090.4295833333333
1014.4159368877722	1088.6091666666669
1014.6996214749615	1131.3889583333332
1014.98324858523	1094.980625
1015.2668182104202	1104.0827083333331
1015.5503303423751	1188.7320833333335
1015.8337849729367	1114.095
1016.1171820939478	1084.0581249999998
1016.4005216972512	1161.4258333333335
1016.6838037746892	1069.4947916666667
1016.9670283181047	1125.0175
1017.2501953193398	1151.4135416666666
1017.5333047702371	1067.6743749999998
1017.81635666264	1126.8379166666666
1018.0993509883903	1148.6829166666666
1018.3822877393309	1054.02125
1018.6651669073037	1080.4172916666666
1018.9479884841523	1011.2414583333334
1019.2307524617187	1135.94
1019.5134588318456	1124.1072916666667
1019.7961075863757	1156.8747916666666
1020.0786987171514	1081.3275
1020.3612322160153	1138.670625
1020.6437080748101	1103.1725
1020.9261262853781	1075.86625
1021.208486839562	1080.4172916666666
1021.4907897292048	1140.491041666667
1021.7730349461489	1232.4220833333331
1022.0552224822362	1082.2377083333333
1022.33735232931	1026.715
1022.6194244792129	1144.131875
1022.9014389237868	1086.78875
1023.1833956548752	1086.78875
1023.46529466432	1092.25
1023.7471359439638	1025.8047916666667
1024.0289194856498	1086.7887500000002
1024.3106452812199	1135.9399999999998
1024.5923133225172	1062.213125
1024.8739236013837	1099.5316666666668
1025.1554761096625	1099.5316666666668
1025.436970839196	1099.5316666666668
