339.86832	19.114375
340.2509644343084	33996.28125
340.6335677717954	622.5825
341.0161300043036	555.2270833333333
341.3986511236755	625.313125
341.78113112175373	569.7904166666666
342.16356999038084	562.50875
342.5459677213995	589.815
342.92832430665214	3017.3406250000003
343.3106397379815	866.5183333333333
343.69291400723	599.8272916666666
344.0751471062403	604.3783333333332
344.45733902685504	652.619375
344.83948976091665	644.4274999999999
345.2215993002679	705.4114583333334
345.60366763675125	703.5910416666666
345.9856947622093	739.999375
346.3676806684845	679.925625
346.74962534741974	756.383125
347.1315287908573	779.1383333333333
347.51339099064	788.2404166666666
347.8952119386102	772.7668749999999
348.2769916266106	792.7914583333335
348.6587300464838	1010.3312499999998
349.0404271900723	879.26125
349.4220830492187	919.3104166666667
349.80369761576566	916.5797916666667
350.1852708815557	919.3104166666667
350.5668028384313	936.604375
350.9482934782352	1069.4947916666667
351.32974279281	915.6695833333333
351.71115077399816	950.2575
352.0925174136422	1047.6497916666667
352.47384270358486	992.1270833333333
352.8551266356687	994.8577083333333
353.23636920173624	1016.7027083333332
353.61757039363005	1023.984375
353.9987302031928	1104.9929166666666
354.379848622267	1064.0335416666667
354.76092564269516	1050.3804166666666
355.14196125632	1023.0741666666667
355.52295545498407	1069.4947916666667
355.90390823052985	1087.6989583333334
356.2848195748	1291.585625
356.6656894796371	1067.6743749999998
357.04651793688373	1054.9314583333332
357.4273049383824	1050.3804166666666
357.8080504759759	1031.2660416666668
358.18875454150657	1113.1847916666666
358.5694171268171	1053.1110416666668
358.9500382237499	1066.7641666666666
359.3306178241479	1013.9720833333332
359.7111559198534	1075.8662499999998
360.0916525027091	1053.1110416666668
360.47210756455746	1019.4333333333334
360.85252109724127	1074.0458333333333
361.23289309260286	1020.3435416666667
361.61322354248495	1056.751875
361.99351243873014	1051.2906249999999
362.37375977318095	1098.6214583333333
362.75396553768	1054.9314583333332
363.1341297240698	1018.523125
363.514252324193	1022.1639583333334
363.8943333298922	998.4985416666667
364.27437273300995	1125.0175
364.65437052538874	1051.2906249999999
365.03432669887127	1057.6620833333334
365.4142412453001	1044.9191666666666
365.7941141565177	1147.7727083333332
366.1739454243669	1023.0741666666667
366.55373504069	1024.8945833333335
366.93348299732975	1033.0864583333334
367.31318928612865	1044.9191666666668
367.6928538989293	1023.0741666666667
368.0724768275743	1031.2660416666668
368.4520580639063	1055.8416666666667
368.83159759976763	1044.9191666666668
369.21109542700117	1168.7075
369.59055153744936	1005.7802083333332
369.9699659229547	1012.1516666666666
370.34933857536	1028.5354166666666
370.72866948650767	1003.9597916666667
371.10795864824024	1004.87
371.4872060524004	1072.2254166666664
371.8664116908307	1065.8539583333334
372.2455755553737	1277.9325000000001
372.6246976378721	1023.0741666666667
373.00377793016827	1098.6214583333333
373.38281642410493	1041.2783333333334
373.76181311152465	1043.0987499999999
374.14076798427	1045.829375
374.5196810341835	1068.5845833333333
374.8985522531078	1054.02125
375.2773816328855	1017.6129166666666
375.6561691653591	1001.2291666666666
376.0349148423712	1023.984375
376.4136186557645	976.6535416666666
376.7922805973814	999.4087499999999
377.17090065906456	978.4739583333334
377.5494788326565	1013.061875
377.92801511000005	1052.2008333333333
378.3065094829374	1049.4702083333334
378.6849619433114	1024.8945833333335
379.0633724829646	1079.5070833333332
379.4417410937395	1084.9683333333332
379.82006776747875	1254.2670833333334
380.1983524960249	1029.4456249999998
380.57659527122047	991.216875
380.9547960849082	1023.984375
381.33295492893046	1002.1393750000001
381.71107179513	1041.2783333333334
382.08914667534935	1035.8170833333334
382.467179561431	975.7433333333333
382.84517044521766	1052.2008333333333
383.22311931855194	1049.4702083333334
383.60102617327624	1006.6904166666667
383.97889100123325	1118.6460416666666
384.35671379426554	1070.405
384.73449454421575	1008.5108333333333
385.1122332429263	1016.7027083333332
385.48992988224	997.5883333333333
385.8675844539992	1033.9966666666667
386.24519695004665	1005.7802083333332
386.6227673622248	1020.3435416666667
387.0002956823763	1048.5600000000002
387.3777819023437	1141.40125
387.75522601396966	1065.8539583333331
388.1326280090966	1061.3029166666668
388.5099878795673	1024.8945833333335
388.8873056172243	1034.906875
389.26458121391	987.5760416666667
389.6418146614671	1042.1885416666667
390.0190059517382	990.3066666666667
390.3961550765659	1045.829375
390.77326202779267	1007.600625
391.15032679726124	1036.7272916666666
391.5273493768141	1046.7395833333333
391.9043297582938	1028.5354166666666
392.2812679335429	992.1270833333333
392.65816389440414	1066.7641666666666
393.03501763272	1039.4579166666667
393.41182914033305	1035.8170833333334
393.7885984090858	990.3066666666667
394.165325430821	1092.25
394.5420101973811	1055.8416666666665
394.9186527006087	1002.1393750000001
395.29525293234644	1049.4702083333334
395.67181088443687	997.5883333333335
396.04832654872257	1052.2008333333333
396.424799917046	1066.7641666666668
396.80123098124994	1021.25375
397.1776197331769	1015.7924999999999
397.5539661646694	1023.0741666666667
397.93027026757005	1014.8822916666668
398.30653203372145	1016.7027083333332
398.6827514549662	946.6166666666667
399.05892852314685	1011.2414583333333
399.4350632301059	1005.7802083333332
399.8111555676861	1057.6620833333334
400.18720552772993	1024.8945833333335
400.56321310207994	1060.3927083333333
400.9391782825788	1031.2660416666668
401.315101061069	1073.135625
401.6909814293932	1068.5845833333333
402.06681937939385	1054.02125
402.4426149029137	1028.5354166666668
402.8183679917953	1057.6620833333334
403.19407863788103	1004.87
403.56974683301377	1002.1393750000001
403.94537256903584	986.6658333333334
404.32095583779	1004.87
404.69649663111875	1074.0458333333333
405.0719949408646	1072.2254166666667
405.4474507588703	1028.5354166666666
405.82286407697836	1090.4295833333333
406.1982348870312	1047.6497916666667
406.57356318087164	1000.3189583333334
406.94884895034215	1007.600625
407.3240921872853	1033.9966666666667
407.6992928835437	1083.1479166666666
408.07445103095995	1006.6904166666667
408.4495666213767	1015.7925
408.8246396466363	1042.1885416666667
409.19967009858135	1039.4579166666665
409.5746579690547	1026.715
409.94960324989876	1052.2008333333333
410.324505932956	1033.0864583333334
410.69936601006924	1078.596875
411.07418347308095	1044.0089583333333
411.4489583138336	1029.445625
411.82369052417	1077.6866666666667
412.1983800959325	1050.3804166666666
412.5730270209638	1016.7027083333332
412.9476312911065	1033.0864583333332
413.32219289820307	1046.7395833333333
413.6967118340962	1045.829375
414.0711880906285	1039.4579166666667
414.4456216596423	1040.368125
414.8200125329805	1088.6091666666669
415.19436070248554	1033.9966666666667
415.56866615999996	1064.94375
415.94292889736636	1105.903125
416.3171489064274	1074.9560416666666
416.6913261790256	1128.6583333333333
417.0654607070035	1080.4172916666666
417.43955248220374	1157.785
417.81360149646883	1075.86625
418.1876077416415	1132.2991666666667
418.56157120956414	1019.4333333333334
418.9354918920794	1033.0864583333334
419.30936978103	1083.1479166666668
419.68320486825826	1089.519375
420.056997145607	1118.6460416666666
420.43074660491874	1069.4947916666667
420.80445323803593	1044.9191666666668
421.17811703680127	1135.0297916666668
421.55173799305726	1102.2622916666667
421.9253160986466	1098.6214583333333
422.2988513454117	1113.1847916666666
422.67234372519533	1122.2868749999998
423.04579322983994	1141.4012500000001
423.4191998511882	1199.6545833333332
423.79256358108256	1143.2216666666666
424.16588441136577	1136.8502083333333
424.5391623338803	1269.7406250000001
424.9123973404688	1191.4627083333332
425.2855894229737	1161.4258333333335
425.65873857323766	1199.6545833333332
426.03184478310334	1111.3643749999999
426.4049080444133	1229.691458333333
426.77792834901	1249.7160416666666
427.1509056887361	1219.6791666666666
427.5238400554342	1305.23875
427.8967314409469	1231.511875
428.2695798371167	1353.4797916666666
428.6423852357862	1274.2916666666667
429.0151476287981	1361.6716666666669
429.38786700799477	1562.8277083333332
429.76054336521895	1377.1452083333334
430.13317669231316	1482.729375
430.50576698111996	1424.4760416666668
430.878314223482	1451.7822916666664
431.25081841124177	1463.6149999999998
431.623279536242	1610.1585416666667
431.99569759032505	1472.7170833333337
432.3680725653337	1584.6727083333335
432.7404044531105	1664.7710416666666
433.11269324549784	1621.99125
433.4849389343386	1681.1547916666666
433.85714151147505	1708.4610416666667
434.22930096874995	1773.9960416666665
434.60141729800597	1793.1104166666667
434.9734904910854	1842.2616666666665
435.3455205398311	1886.8618749999998
435.71750743608555	1854.094375
436.08945117169117	2021.5727083333331
436.4613517384908	1974.241875
436.833209128327	2091.65875
437.2050233330421	2113.5037500000003
437.57679434447897	2156.283541666666
437.94852215448	2298.2760416666665
438.3202067548878	2294.635208333333
438.69184813754504	2360.1702083333334
439.0634462942942	2424.7949999999996
439.43500121697787	2464.8441666666663
439.8065128974388	2508.534166666667
440.17798132751926	2636.873541666667
440.54940649906206	2678.7431250000004
440.92078840390974	2703.31875
441.2921270339049	2733.355625
441.66342238089	2838.939791666666
442.0346744367077	2906.2952083333334
442.4058831932006	3004.5977083333332
442.7770486422113	2969.099583333333
443.1481707755823	3104.720625
443.5192495851562	3245.802916666667
443.89028506277566	3259.456041666667
444.26127720028313	3341.3747916666666
444.6322259895213	3459.701875
445.00313142233273	3415.101666666667
445.37399349056	3456.97125
445.74481218604564	3460.6120833333334
446.1155875006322	3597.1433333333334
446.4863194261624	3586.2208333333333
446.8570079544787	3772.8135416666664
447.2276530774237	3634.4618749999995
447.5982547868401	3600.784166666667
447.9688130745703	3683.613125
448.3393279324569	3608.0658333333336
448.7097993523426	3543.441041666667
449.08022732607	3580.759583333333
449.45061184548155	3497.0204166666667
449.82095290241983	3499.7510416666664
450.1912504887275	3484.2775
450.56150459624706	3437.856875
450.93171521682126	3381.4239583333333
451.30188234229246	3398.7179166666665
451.67200596450334	3162.9739583333335
452.04208607529654	3143.8595833333334
452.4121226665145	3067.402083333333
452.78211573	2990.0343749999997
453.15206525759544	2929.050416666667
453.52197124114343	2825.286666666667
453.8918336724866	2798.890625
454.2616525434675	2642.3347916666667
454.6314278459287	2706.049375
455.0011595717129	2563.1466666666665
455.37084771266245	2470.3054166666666
455.74049226062016	2493.9708333333333
456.11009320742846	2419.33375
456.47965054492994	2311.0189583333336
456.8491642649673	2279.161666666667
457.21863435938303	2302.827083333333
457.5880608200197	2270.059583333333
457.95744363871995	2270.969791666667
458.3267828073262	2164.4754166666667
458.69607831768127	2189.96125
459.0653301616276	2160.8345833333333
459.43453833100773	2142.630416666667
459.8037028176643	2116.234375
460.17282361344	2027.944166666667
460.54190071017723	2088.928125
460.9109340997186	2033.4054166666665
461.2799237739068	2047.96875
461.64886972458436	2115.3241666666668
462.01777194359374	2015.2012499999998
462.38663042277767	2197.2429166666666
462.75544515397866	1950.5764583333332
463.1242161290393	1999.727708333333
463.49294333980225	1884.1312500000001
463.86162677810995	1895.05375
464.2302664358051	1840.4412499999999
464.5988623047302	1798.5716666666667
464.96741437672785	1814.9554166666667
465.3359226436407	1900.515
465.70438709731116	1917.8089583333333
466.0728077295821	1800.3920833333334
466.4411845322957	1781.2777083333333
466.8095174972949	1751.2408333333333
467.1778066164222	1645.6566666666668
467.54605188151993	1681.1547916666666
467.914253284431	1753.06125
468.2824108169978	1609.2483333333337
468.65052447106297	1601.9666666666665
469.0185942384692	1631.0933333333332
469.38662011105873	1559.186875
469.75460208067443	1584.6727083333333
470.1225401391589	1549.1745833333334
470.49043427835454	1536.4316666666666
470.85828449010404	1560.0970833333333
471.22609076624997	1429.0270833333334
471.5938530986349	1470.8966666666668
471.96157147910145	1600.1462499999998
472.3292458994921	1470.8966666666668
472.69687635164945	1471.806875
473.06446282741626	1488.190625
473.4320053186349	1491.8314583333333
473.7995038171479	1459.9741666666666
474.1669583147982	1481.8191666666664
474.5343688034279	1598.3258333333333
474.90173527488	1449.961875
475.26905772099684	1432.6679166666665
475.63633613362094	1588.3135416666667
476.0035705045952	1478.1783333333333
476.3707608257619	1502.7539583333335
476.7379070889637	1435.3985416666667
477.1050092860433	1442.6802083333332
477.4720674088431	1598.3258333333333
477.8390814492057	1423.5658333333333
478.2060513989739	1387.1575
478.57297724998995	1412.6433333333334
478.9398589940967	1370.77375
479.30669662313665	1473.6272916666667
479.67349012895227	1413.553541666667
480.04023950338626	1493.6518749999998
480.4069447382812	1436.3087500000001
480.77360582547965	1421.7454166666666
481.1402227568242	1500.9335416666665
481.5067955241573	1450.8720833333334
481.8733241193217	1397.1697916666665
482.23980853416	1442.6802083333332
482.60624876051463	1437.2189583333331
482.97264479022823	1429.9372916666669
483.3389966151434	1523.68875
483.70530422710266	1437.2189583333336
484.0715676179487	1506.3947916666666
484.43778677952406	1513.6764583333334
484.80396170367123	1463.615
485.170092382233	1500.9335416666665
485.53617880705167	1515.496875
485.90222096996996	1628.3627083333333
486.2682188628305	1616.53
486.63417247747583	1484.5497916666666
487.0000818057485	1601.0564583333332
487.36594683949113	1511.8560416666667
487.73176757054625	1530.0602083333333
488.09754399075644	1626.5422916666666
488.46327609196436	1598.3258333333333
488.8289638660125	1574.6604166666668
489.19460730474356	1525.5091666666667
489.56020639999997	1840.44125
489.9257611436244	1617.4402083333334
490.29127152745946	1642.9260416666666
490.65673754334756	1643.83625
491.0221591831315	1642.0158333333331
491.3875364386538	1682.9752083333333
491.75286930175685	1687.52625
492.11815776428347	1914.1681250000001
492.4834018180762	1888.6822916666667
492.8486014549774	1734.8570833333333
493.21375666683	1842.2616666666665
493.5788674454763	1847.7229166666666
493.94393378275896	1957.858125
494.30895567052073	1875.0291666666665
494.67393310060385	1925.0906249999998
495.0388660648512	1894.1435416666664
495.4037545551053	2022.4829166666668
495.76859856320857	2029.7645833333333
496.1333980810037	2161.7447916666665
496.49815310033335	2064.3525000000004
496.8628636130399	2198.1531250000003
497.22752961096626	2099.850625
497.59215108595464	2159.924375
497.95672802984774	2153.552916666667
498.3212604344883	2307.3781249999997
498.6857482917187	2250.945208333333
499.05019159338167	2384.745833333334
499.4145903313197	2360.1702083333334
499.7789444973753	2336.5047916666667
500.14325408339124	2511.2647916666665
500.50751908121	2427.525625
500.8717394826741	2494.8810416666665
501.2359152796262	2538.5710416666666
501.6000464639089	2605.9264583333334
501.9641330273647	2585.901875
502.3281749618363	2637.78375
502.69217225916606	2611.387708333333
503.0561249111968	2646.8858333333333
503.42003290977095	2754.2904166666667
503.78389624673116	2797.9804166666668
504.14771491391997	2807.0825
504.51148890318	2886.2706249999997
504.8752182063538	2992.765
505.238902815284	2925.4095833333336
505.60254272181305	3038.275416666667
505.9661379177837	3089.247083333333
506.3296883950385	3054.659166666667
506.69319414541985	3117.4635416666665
507.05665516077056	3627.180208333333
507.42007143293307	3209.3945833333332
507.78344295374995	3244.892708333333
508.14676971506384	3411.460833333333
508.51005170871747	3337.733958333333
508.8732889265531	3346.836041666667
509.2364813604135	3327.721666666667
509.5996290021412	3441.497708333333
509.9627318435789	3425.1139583333334
510.325789876569	3541.6206249999996
510.6888030929541	3568.9268749999997
511.051771484577	3489.73875
511.41469504328	3624.4495833333335
511.77757376090574	3597.1433333333334
512.1404076292971	3720.931666666667
512.5031966402962	3841.0791666666664
512.8659407857458	3834.7077083333334
513.2286400574887	3842.8995833333333
513.5912944473672	3862.924166666667
513.953903947224	3850.18125
514.3164685489018	3869.295625
514.6789882442428	3952.124583333333
515.04146302509	3985.802291666667
515.4038928832857	4021.300416666667
515.7662778106726	4008.5575000000003
516.1286177990931	4055.888333333334
516.4909128403904	4044.965833333333
516.8531629264063	4211.533958333333
517.2153680489837	4107.770208333332
517.5775281999652	4153.280625
517.9396433711935	4161.4725
518.3017135545108	4255.223958333333
518.66373874176	4170.574583333333
519.0257189247836	4256.134166666667
519.3876540954242	4370.8204166666665
519.7495442455245	4453.649375
520.1113893669268	4358.987708333333
520.4731894514738	4415.420625
520.8349444910081	4387.204166666666
521.1966544773722	4487.327083333334
521.558319402409	4413.600208333333
521.9199392579607	4432.714583333333
522.28151403587	4540.119166666666
522.6430437279796	4561.964166666667
523.0045283261317	4561.053958333334
523.3659678221695	4495.518958333333
523.7273622079351	4577.437708333334
524.0887114752712	4591.090833333334
524.4500156160204	4531.017083333333
524.8112746220253	4560.14375
525.1724884851286	4560.14375
525.5336571971726	4862.332916666667
525.8947807500001	4599.282708333333
526.2558591354534	4595.641875
526.6168923453754	4672.099375
526.9778803716086	4633.870625
527.3388232059956	4744.916041666666
527.6997208403786	5190.918124999999
528.0605732666008	4706.687291666667
528.4213804765045	4630.229791666668
528.782142461932	4745.826250000001
529.1428592147264	4740.365000000001
529.50353072673	4602.013333333333
529.8641569897852	4739.454791666666
530.224737995735	4763.120208333334
530.5852737364216	4734.90375
530.9457642036878	4764.940625
531.3062093893762	4756.74875
531.6666092853293	4726.711875
532.0269638833895	4757.658958333333
532.3872731753997	4723.98125
532.7475371532023	4826.834791666667
533.10775580864	4693.944375
533.4679291335551	4634.780833333333
533.8280571197906	4696.675
534.1881397591887	4670.278958333333
534.5481770435923	4685.7525
534.9081689648438	4659.356458333333
535.2681155147857	4674.83
535.6280166852607	4641.152291666666
535.9878724681114	4644.793125
536.3476828551802	4659.356458333334
536.7074478383099	4733.083333333333
537.0671674093431	4611.1154166666665
537.4268415601222	4608.384791666666
537.7864702824897	4581.078541666667
538.1460535682887	4549.22125
538.5055914093612	4584.719375000001
538.8650837975499	4521.004791666666
539.2245307246978	4490.9679166666665
539.5839321826469	4534.657916666666
539.9432881632401	4502.800625
540.30259865832	4534.657916666666
540.6618636597291	4505.53125
541.0210831593098	4457.290208333334
541.380257148905	4442.726875
541.7393856203572	4381.742916666666
542.0984685655087	4358.987708333333
542.4575059762025	4425.432916666668
542.8164978442809	4318.938541666666
543.1754441615866	4412.69
543.5343449199621	4352.61625
543.89320011125	4376.281666666667
544.2520097272928	4193.329791666667
544.6107737599334	4273.428124999999
544.9694922010141	4268.877083333333
545.3281650423775	4325.3099999999995
545.6867922758662	4148.729583333333
546.0453738933229	4166.0235416666665
546.40390988659	4153.280625
546.7624002475101	4267.966875000001
547.1208449679259	4222.456458333333
547.4792440396799	4196.060416666666
547.8375974546148	4055.888333333334
548.195905204573	4238.840208333334
548.5541672813971	3955.7654166666666
548.91238367693	4052.2475
549.2705543830137	4149.639791666667
549.6286793914913	4071.361875
549.986758694205	4111.411041666666
550.3447922829978	3989.4431250000002
550.702780149712	4056.798541666667
551.0607222861901	3941.2020833333336
551.4186186842746	3967.5981250000004
551.7764693358087	3891.140625
552.1342742326343	3936.6510416666665
552.4920333665942	3872.9364583333336
552.8497467295313	3848.3608333333336
553.2074143132876	3892.0508333333332
553.565036109706	3901.1529166666664
553.9226121106294	3885.6793749999997
554.2801423078997	3915.71625
554.63762669336	3841.0791666666664
554.9950652588526	3825.605625
555.3524579962202	3807.4014583333333
555.7098048973054	3775.5441666666666
556.0671059539508	3758.2502083333334
556.4243611579986	3777.3645833333335
556.7815705012921	3724.5724999999998
557.1387339756732	3787.376875
557.495851572985	3714.560208333334
557.8529232850698	3673.6008333333334
558.20994910377	3642.65375
558.5669290209286	3740.9562499999997
558.9238630283878	3672.6906249999997
559.2807511179905	3632.6414583333335
559.6375932815791	3641.7435416666667
559.9943895109963	3729.1235416666664
560.3511397980844	3613.527083333333
560.7078441346864	3606.2454166666666
561.0645025126445	3634.4618749999995
561.4211149238015	3690.894791666667
561.77768136	3633.5516666666663
562.1342018130823	3694.5356250000004
562.4906762748914	3604.4249999999997
562.8471047372697	3591.682083333333
563.2034871920595	3602.6045833333333
563.5598236311037	3601.6943750000005
563.9161140462448	3727.303125
564.2723584293254	3621.7189583333334
564.6285567721882	3552.543125
564.9847090666755	3477.9060416666666
565.34081530463	3453.330416666666
565.6968754778943	3706.3683333333333
566.052889578311	3530.6981250000003
566.4088575977227	3599.8739583333336
566.7647795279719	3507.942916666667
567.1206553609012	3485.1877083333334
567.4764850883533	3422.383333333333
567.8322687021706	3335.0033333333336
568.1880061941957	3464.252916666667
568.5436975562714	3384.154583333333
568.89934278024	3484.2775
569.2549418579441	3440.5875
569.6104947812267	3472.444791666667
569.9660015419297	3408.730208333333
570.3214621318963	3426.0241666666666
570.6768765429688	3477.906041666667
571.0322447669896	3377.783125
571.3875667958016	3332.272708333334
571.7428426212473	3436.0364583333335
572.0980722351692	3321.3502083333333
572.45325562941	3337.7339583333337
572.8083927958121	3369.59125
573.1634837262183	3409.6404166666666
573.5185284124709	3349.566666666666
573.8735268464127	3335.9135416666663
574.2284790198863	3381.423958333333
574.5833849247341	3335.0033333333336
574.9382445527988	3438.7670833333336
575.293057895923	3453.330416666666
575.6478249459491	3289.4929166666666
576.0025456947199	3350.4768750000003
576.357220134078	3402.35875
576.7118482558658	3413.28125
577.066430051926	3324.9910416666667
577.4209655141011	3429.6650000000004
577.7754546342337	3464.252916666667
578.1298974041664	3519.7756249999998
578.4842938157419	3533.4287500000005
578.8386438608024	3501.5714583333333
579.192947531191	3532.518541666667
579.54720481875	3564.3758333333335
579.9014157153218	3513.404166666667
580.2555802127495	3576.208541666667
580.609698302875	3581.669791666667
580.9637699775415	3702.7274999999995
581.3177952285913	3732.764375
581.6717740478667	3777.3645833333335
582.0257064272109	3790.1075
582.3795923584662	3794.658541666667
582.7334318334749	4026.7616666666668
583.08722484408	4087.745625
583.4409713821237	4052.2475
583.794671439449	4047.6964583333333
584.1483250078983	4243.39125
584.501932079314	4178.7664583333335
584.8554926455387	4258.864791666667
585.2090066984154	4353.526458333333
585.5624742297861	4481.865833333333
585.9158952314937	4563.784583333333
586.2692696953808	4622.948125
586.6225976132899	4770.4018750000005
586.9758789770636	4758.569166666667
587.3291137785446	4951.533333333334
587.6823020095754	4957.904791666667
588.0354436619982	5136.305625
588.3885387276563	5147.228125000001
588.7415871983918	5304.694166666666
589.0945890660471	5413.919166666666
589.4475443224653	5489.466458333333
589.8004529594888	5709.736875
590.15331496896	5931.827708333333
590.5061303427216	5919.084791666665
590.8588990726163	6015.5668749999995
591.2116211504864	6149.3675
591.5642965681747	6381.470624999999
591.9169253175238	6284.988541666666
592.269507390376	6542.577499999999
592.6220427785742	6738.272291666667
592.974531473961	6800.166458333333
593.3269734683787	6948.530416666667
593.6793687536699	6958.542708333333
594.0317173216775	7217.952083333334
594.3840191642438	7427.299999999999
594.7362742732114	7289.858541666667
595.0884826404231	7464.618541666667
595.4406442577213	7554.729166666667
595.7927591169484	7644.839791666666
596.1448272099474	7871.481666666667
596.4968485285606	7937.926875
596.8488230646306	7847.81625
597.2007508099999	8170.940208333333
597.5526317565115	8185.503541666668
597.9044658960074	8530.472500000002
598.2562532203306	8358.443125
598.6079937213235	8516.819375
598.9596873908287	8530.472499999998
599.3113342206889	8574.162499999999
599.6629342027466	8727.987708333334
600.0144873288441	9121.197708333333
600.3659935908244	8792.612500000001
600.71745298053	8747.102083333333
601.0688654898032	8898.196666666665
601.4202311104871	9036.548333333332
601.7715498344237	9004.691041666667
602.1228216534558	9315.072083333334
602.4740465594261	9179.451041666667
602.8252245441772	9236.794166666668
603.1763555995517	9255.908541666668
603.5274397173916	9389.709166666667
603.8784768895403	9424.297083333333
604.22946710784	9504.395416666666
604.5804103641332	9635.465416666668
604.9313066502625	9670.963541666666
605.2821559580708	9516.228125
605.6329582794003	9597.236666666666
605.9837136060937	9678.245208333334
606.3344219299937	9573.57125
606.6850832429426	9751.061875000001
607.0356975367833	9770.176250000002
607.3862648033582	9976.793541666666
607.73678503451	9678.245208333334
608.0872582220811	9734.678125
608.4376843579142	9681.886041666667
608.7880634338519	9694.628958333335
609.1383954417366	9694.628958333335
609.4886803734113	9720.114791666667
609.838918220718	9726.48625
610.1891089754997	9753.792500000001
610.5392526295989	9653.669583333334
610.8893491748582	9651.849166666667
611.2393986031199	9641.836875
611.589400906227	9573.571249999999
611.9393560760218	9480.73
612.289264104347	9545.354791666667
612.6391249830451	9591.775416666665
612.9889387039588	9600.877499999999
613.3387052589305	9538.983333333334
613.6884246398027	9488.921875
614.0380968384185	9501.664791666668
614.38772184662	9565.379375
614.7372996562499	9320.533333333333
615.0868302591509	9294.137291666668
615.4363136471654	9363.313125
615.785749812136	9488.921875
616.1351387459055	9338.7375
616.4844804403161	9347.839583333332
616.8337748872108	9256.81875
617.1830220784319	9143.952916666667
617.5322220058221	9265.010625
617.8813746612238	9042.919791666665
618.2304800364799	9074.777083333334
618.5795381234328	8983.75625
618.9285489139249	9072.046458333332
619.2775123997992	9017.433958333333
619.6264285728979	8933.694791666667
619.9752974250638	8921.862083333332
620.3241189481392	8862.698541666667
620.6728931339671	8790.792083333332
621.0216199743898	8679.746666666668
621.3702994612498	8635.146458333335
621.71893158639	8664.273125
622.0675163416527	8597.827916666667
622.4160537188806	8570.521666666667
622.7645437099163	8539.574583333333
623.1129863066024	8374.826874999999
623.4613815007812	8452.194583333332
623.8097292842956	8240.116041666666
624.1580296489882	8271.973333333335
624.5062825867013	8120.87875
624.8544880892778	8177.311666666667
625.20264614856	8015.294583333333
625.5507567563906	8082.650000000001
625.8988199046122	7876.032708333333
626.2468355850674	7987.988333333334
626.5948037895986	7778.640416666666
626.9427245100487	7724.027916666667
627.2905977382602	7645.75
627.6384234660752	7699.452291666666
627.9862016853368	7800.485416666666
628.3339323878878	7609.341666666667
628.6816155655699	7478.2716666666665
629.0292512102264	7454.606250000001
629.3768393136999	7770.448541666668
629.7243798678326	7424.569375
630.071872864467	7383.61
630.4193182954463	7359.944583333333
630.7667161526125	7175.172291666667
631.1140664278083	7165.16
631.4613691128765	7047.743125000001
631.8086241996596	7067.767708333333
632.1558316799999	7073.228958333333
632.5029915457404	6893.0077083333335
632.8501037887233	6989.489791666667
633.1971684007915	6886.63625
633.5441853737874	6754.656041666666
633.8911546995539	6827.472708333334
634.2380763699327	6663.635208333333
634.5849503767676	6693.672083333334
634.9317767119002	6578.985833333333
635.2785553671735	6568.973541666666
635.6252863344299	6479.773125
635.9719696055123	6408.7768750000005
636.318605172263	6383.291041666667
636.6651930265247	6342.331666666666
637.0117331601399	6275.886458333333
637.3582255649512	6213.9922916666665
637.7046702328013	6133.893958333334
638.0510671555326	6116.599999999999
638.3974163249877	5972.787083333333
638.7437177330092	5989.170833333333
639.08997137144	6388.752291666667
639.4361772321222	5855.370208333334
639.7823353068986	5703.3654166666665
640.1284455876117	5702.455208333334
640.4745080661042	5717.018541666667
640.8205227342187	5617.805833333333
641.1664895837977	5494.927708333334
641.5124086066837	5422.111041666667
641.8582797947192	5443.045833333334
642.2041031397473	5473.082708333332
642.54987863361	5383.882291666666
642.8956062681501	5362.0372916666665
643.2412860352101	5401.1762499999995
643.586917926633	5313.79625
643.9325019342607	5306.514583333333
644.2780380499362	5251.902083333333
644.623526265502	5147.228125000001
644.9689665728008	5189.097708333334
645.3143589636749	5141.766875
645.6597034299672	5087.154374999999
646.00499996352	5111.73
646.3502485561759	5230.967291666667
646.6954491997778	4942.431250000001
647.040601886168	4885.088124999999
647.385706607189	4850.500208333334
647.7307633546837	4829.565416666667
648.0757721204944	4844.12875
648.4207328964637	4780.4141666666665
648.7656456744345	4694.854583333333
649.1105104462491	4676.650416666666
649.4553272037499	4612.025624999999
649.8000959387799	4559.233541666667
650.1448166431815	4588.360208333333
650.4894893087971	4469.122916666667
650.8341139274694	4506.441458333334
651.1786904910413	4403.587916666667
651.5232189913548	4406.3185416666665
651.867699420253	4439.99625
652.2121317695781	4352.61625
652.5565160311729	4262.505625
652.9008521968799	4314.3875
653.2451402585418	4130.525416666667
653.589380208001	4204.252291666667
653.9335720371001	4199.70125
654.2777157376819	4166.93375
654.6218113015888	4062.259791666667
654.9658587206632	4014.9289583333334
655.3098579867482	4135.986666666667
655.6538090916857	4039.5045833333334
655.9977120273187	4038.594375
656.34156678549	3857.462916666667
656.6853733580418	3927.5489583333333
657.0291317368166	3876.5772916666665
657.3728419136573	3901.1529166666664
657.7165038804063	3817.41375
658.0601176289063	3821.9647916666668
658.4036831509995	3801.03
658.7472004385293	3591.682083333333
659.0906694833374	3789.197291666667
659.4340902772667	3720.931666666667
659.77746281216	3665.4089583333334
660.1207870798596	3668.1395833333336
660.4640630722082	3588.951458333333
660.8072907810484	3566.1962500000004
661.1504701982227	3558.004375
661.4936013155738	3548.9022916666668
661.8366841249441	3463.3427083333336
662.1797186181763	3591.682083333333
662.5227047871128	3512.493958333333
662.8656426235966	3539.8002083333336
663.2085321194701	3434.2160416666666
663.5513732665754	3380.51375
663.8941660567558	3400.5383333333334
664.2369104818536	3251.2641666666664
664.5796065337111	3336.82375
664.9222542041712	3328.6318750000005
665.2648534850765	3264.0070833333334
665.6074043682694	3311.337916666667
665.9499068455925	3237.611041666667
666.2923609088887	3195.7414583333334
666.63476655	3144.769791666666
666.9771237607694	3130.2064583333336
667.3194325330395	3108.3614583333333
667.6616928586526	3233.06
668.0039047294514	3100.169583333334
668.3460681372787	3048.2877083333333
668.6881830739768	3053.7489583333336
669.0302495313884	2983.6629166666667
669.3722675013561	3138.398333333333
669.7142369757223	3051.0183333333334
670.0561579463299	2903.5645833333333
670.3980304050212	2987.3037500000005
670.7398543436391	2924.499375
671.0816297540256	2831.658125
671.4233566280238	3072.8633333333332
671.7650349574764	2926.319791666667
672.1066647342252	2866.2460416666668
672.4482459501136	2828.9275000000002
672.7897785969838	2945.4341666666664
673.1312626666784	2818.9152083333333
673.4726981510399	2775.2252083333333
673.8140850419113	2683.2941666666666
674.1554233311347	2706.9595833333333
674.4967130105528	2690.575833333334
674.8379540720083	2712.420833333333
675.1791465073437	2807.992708333333
675.5202903084016	2792.519166666667
675.8613854670248	2646.8858333333333
676.2024319750553	2624.1306250000002
676.5434298243362	2580.440625
676.88437900671	2556.7752083333335
677.2252795140191	2576.799791666667
677.5661313381062	2536.750625
677.9069344708139	2489.4197916666667
678.2476889039847	2534.02
678.5883946294612	2488.5095833333335
678.9290516390861	2421.1541666666667
679.2696599247018	2473.0360416666667
679.6102194781508	2410.231666666667
679.9507302912762	2408.4112499999997
680.29119235592	2473.94625
680.631605663925	2483.958541666667
680.9719702071338	2412.0520833333335
681.312285977389	2340.1456249999997
681.6525529665331	2366.5416666666665
681.9927711664087	2381.105
682.3329405688585	2324.6720833333334
682.6730611657248	2312.839375
683.0131329488505	2360.170208333333
683.353155910078	2287.353541666667
683.6931300412499	2233.6512500000003
684.0330553342089	2191.781666666667
684.3729317807973	2215.447083333333
684.7127593728582	2222.72875
685.0525381022335	2199.9735416666667
685.3922679607663	2196.3327083333334
685.7319489402989	2185.4102083333332
686.0715810326739	2167.206041666667
686.4111642297341	2107.132291666667
686.750698523322	2131.7079166666667
687.0901839052799	2149.0018750000004
687.4296203674508	2076.1852083333333
687.7690079016771	2100.7608333333333
688.1083464998012	2076.185208333334
688.4476361536658	2027.0339583333332
688.7868768551137	2021.5727083333331
689.1260685959872	2062.532083333333
689.465211368129	1997.9072916666667
689.8043051633817	2014.2910416666666
690.1433499735879	1990.625625
690.48234579059	2201.793958333333
690.8212926062307	2157.19375
691.1601904123526	1979.703125
691.4990392007982	1946.935625
691.8378389634104	1914.1681250000001
692.1765896920311	1885.0414583333334
692.5152913785035	1882.3108333333332
692.8539440146701	1932.3722916666666
693.1925475923734	1880.4904166666665
693.5311021034557	1898.6945833333336
693.86960753976	3779.185
694.2080638931286	1969.6908333333333
694.5464711554041	1865.9270833333333
694.8848293184293	1825.8779166666666
695.2231383740468	1886.8618749999998
695.5613983140987	1777.636875
695.899609130428	1769.445
696.2377708148773	1807.67375
696.5758833592889	1736.6775
696.9139467555057	1786.7389583333334
697.25196099537	1808.5839583333334
697.5899260707245	1772.1756249999999
697.9278419734118	1827.6983333333335
698.2657086952745	1690.256875
698.603526228155	1741.2285416666666
698.9412945638961	1750.3306249999998
699.2790136943405	1638.375
699.6166836113304	1680.2445833333331
699.9543043067085	1713.0120833333333
700.2918757723176	1712.101875
700.629398	1642.9260416666666
700.9668709815984	1649.2975
701.3042947089555	1625.6320833333332
701.6416691739137	1692.0772916666665
701.9789943683154	1651.1179166666668
702.3162702840036	1625.6320833333332
702.6534969128209	1597.4156249999999
702.9906742466095	1537.341875
703.3278022772121	1564.648125
703.6648809964715	1542.8031250000001
704.00191039623	1505.4845833333336
704.3388904683302	1515.496875
704.6758212046151	1539.1622916666668
705.0127025969267	1594.6850000000002
705.3495346371078	1539.1622916666668
705.6863173170012	1551.9052083333333
706.0230506284493	1517.3172916666665
706.3597345632945	1398.08
706.6963691133798	1458.1537500000002
707.0329542705473	1491.8314583333333
707.3694900266399	1525.5091666666667
707.7059763735002	1440.8597916666668
708.0424133029707	1478.1783333333333
708.3788008068938	1419.0147916666667
708.7151388771123	1491.8314583333333
709.0514275054688	1449.961875
709.3876666838056	1432.6679166666665
709.7238564039657	1415.3739583333333
710.0599966577913	1402.6310416666668
710.3960874371253	1436.3087500000001
710.73212873381	1398.08
711.0681205396882	1530.9704166666668
711.4040628466022	7981.616875
711.7399556463948	1820.4166666666667
712.0757989309087	1371.683958333333
712.4115926919862	1391.7085416666669
712.7473369214699	1342.5572916666667
713.0830316112028	1388.9779166666667
713.418676753027	1363.4920833333333
713.7542723387851	1360.7614583333334
714.08981836032	1327.0837499999998
714.425314809474	1331.6347916666666
714.7607616780898	1300.6877083333334
715.09615895801	1339.8266666666666
715.4315066410772	1308.8795833333334
715.7668047191336	1309.7897916666666
716.1020531840225	1358.9410416666667
716.4372520275859	1244.2547916666665
716.7724012416666	1323.4429166666666
717.107500818107	1289.7652083333332
717.44255074875	1307.0591666666667
717.777551025438	1278.8427083333333
718.1125016400134	1295.2264583333333
718.4474025843191	1268.8304166666667
718.7822538501974	1319.8020833333333
719.1170554294912	1324.3531249999999
719.4518073140429	1247.895625
719.7865094956949	1264.279375
720.1211619662901	1247.895625
720.4557647176711	1304.3285416666668
720.7903177416799	1261.54875
721.1248210301598	1301.5979166666666
721.459274574953	1271.5610416666666
721.7936783679021	1273.3814583333333
722.1280324008497	1226.9608333333333
722.4623366656388	1276.1120833333334
722.7965911541114	1214.2179166666667
723.13079585811	1367.1329166666667
723.4649507694777	1303.4183333333333
723.7990558800569	1189.6422916666668
724.13311118169	1276.1120833333334
724.4671166662197	1194.1933333333334
724.8010723254887	1220.589375
725.1349781513393	1220.5893750000002
725.4688341356142	1223.32
725.8026402701563	1226.9608333333333
726.1363965468076	1155.054375
726.4701029574111	1246.0752083333334
726.8037594938094	1272.4712499999998
727.1373661478447	1239.70375
727.4709229113599	1196.0137499999998
727.8044297761977	1173.2585416666668
728.1378867342002	1155.9645833333334
728.4712937772103	1210.5770833333333
728.8046508970707	1185.0912500000002
729.1379580856236	1155.054375
729.4712153347119	1198.744375
729.8044226361783	1205.1158333333333
730.137579981865	1184.1810416666667
730.4706873636146	1184.1810416666667
730.80374477327	1191.4627083333332
731.1367522026735	1211.4872916666666
731.4697096436678	1171.4381250000001
731.8026170880954	1241.5241666666668
732.1354745277993	1192.3729166666667
732.4682819546213	1211.4872916666666
732.8010393604045	1237.8833333333332
733.1337467369915	1308.8795833333334
733.4664040762245	1124.1072916666665
733.7990113699465	1207.8464583333332
734.1315686099999	1212.3975
734.4640757882273	1228.78125
734.7965328964714	1189.6422916666668
735.1289399265746	1156.8747916666666
735.4612968703796	1105.903125
735.7936037197286	1247.895625
736.1258604664649	1141.4012500000001
736.4580671024305	1131.3889583333332
736.7902236194681	1154.1441666666667
737.1223300094205	1170.5279166666667
737.45438626413	1055.8416666666667
737.7863923754393	1169.6177083333334
738.118348335191	1120.4664583333333
738.4502541352277	1161.4258333333335
738.7821097673918	1145.9522916666667
739.1139152235262	1194.1933333333334
739.4456704954733	1172.3483333333334
739.7773755750756	1159.6054166666668
740.1090304541757	1103.1725
740.4406351246164	1150.5033333333333
740.7721895782399	1232.4220833333331
741.1036938068892	1185.09125
741.4351478024066	1130.47875
741.7665515566348	1192.3729166666667
742.0979050614163	1208.7566666666664
742.4292083085937	1219.6791666666668
742.7604612900096	1153.2339583333332
743.0916639975067	1194.1933333333334
743.4228164229273	1123.1970833333332
743.7539185581142	1120.4664583333333
744.0849703949099	1113.1847916666668
744.4159719251571	1142.3114583333333
744.7469231406983	1075.86625
745.0778240333758	1167.7972916666668
745.4086745950326	1147.7727083333332
745.7394748175113	1185.09125
746.0702246926539	1135.0297916666666
746.4009242123037	1124.1072916666667
746.731573368303	1145.0420833333335
747.0621721524942	1143.2216666666666
747.39272055672	1130.47875
747.723218572823	1132.2991666666667
748.0536661926458	1170.5279166666667
748.384063408031	1094.0704166666667
748.7144102108211	1152.32375
749.0447065928587	1115.9154166666667
749.3749525459865	1096.8010416666666
749.7051480620469	1206.0260416666667
750.0352931328825	1153.2339583333335
750.365387750336	1117.7358333333334
750.6954319062501	1085.8785416666667
751.025425592467	1057.6620833333334
751.3553688008293	1131.3889583333332
751.6852615231801	1096.8010416666666
752.0151037513616	1172.3483333333334
752.3448954772161	1136.8502083333335
752.6746366925869	1152.3237499999998
753.004327389316	1084.0581250000002
753.333967559246	1290.6754166666667
753.66355719422	1137.7604166666667
753.99309628608	1140.4910416666667
754.3225848266688	1131.3889583333332
754.652022807829	1118.6460416666666
754.9814102214033	1093.1602083333332
755.3107470592339	1135.9399999999998
755.6400333131637	1094.980625
755.9692689750353	1115.0052083333333
756.298454036691	1100.4418750000002
756.6275884899737	1151.4135416666668
756.9566723267259	1130.47875
757.28570553879	1141.40125
757.6146881180086	1179.6299999999999
757.9436200562246	1088.6091666666664
758.2725013452803	1039.4579166666667
758.6013319770183	1186.0014583333332
758.9301119432813	1149.5931249999999
759.2588412359117	1072.2254166666667
759.5875198467521	1069.4947916666667
759.9161477676453	1094.980625
760.2447249904338	1127.748125
760.5732515069599	1074.0458333333333
760.9017273090666	1133.2093750000001
761.2301523885964	1175.9891666666665
761.5585267373914	1093.1602083333335
761.8868503472946	1074.0458333333333
762.2151232101487	1131.3889583333334
762.5433453177961	1145.042083333333
762.8715166620792	1143.2216666666666
763.1996372348409	1084.0581250000002
763.5277070279236	1148.6829166666666
763.85572603317	1062.213125
764.1836942424226	1111.3643749999999
764.5116116475239	1158.6952083333333
764.8394782403163	1063.1233333333332
765.1672940126431	1086.78875
765.4950589563462	1056.751875
765.8227730632684	993.9475000000001
766.1504363252524	1097.71125
766.4780487341407	1133.2093750000001
766.8056102817754	1057.6620833333334
767.13312096	1171.438125
767.4605807606565	1067.6743750000003
767.7879896755875	1104.9929166666668
768.1153476966355	1092.25
768.4426548156436	1082.2377083333333
768.7699110244537	1075.86625
769.0971163149088	1144.1318749999998
769.4242706788516	1139.5808333333334
769.7513741081242	1124.1072916666665
770.0784265945695	1054.9314583333332
770.40542813003	1125.0175
770.7323787063482	1075.86625
771.059278315367	1131.3889583333334
771.3861269489287	1172.3483333333334
771.7129245988758	1094.0704166666667
772.0396712570512	1089.519375
772.3663669152974	1105.903125
772.6930115654565	1094.0704166666667
773.0196051993717	1061.3029166666665
773.3461478088853	1138.670625
773.6726393858401	1086.78875
773.9990799220781	1143.2216666666666
774.3254694094426	1111.3643749999999
774.6518078397759	1094.980625
774.9780952049204	1100.441875
775.3043314967188	1050.3804166666666
775.6305167070137	1116.825625
775.9566508276476	1072.225416666667
776.2827338504633	1102.2622916666667
776.6087657673032	1149.593125
776.93474657001	1085.8785416666667
777.2606762504261	1075.86625
777.5865548003943	1071.3152083333332
777.9123822117568	1084.9683333333332
778.2381584763566	1053.1110416666668
778.5638835860362	1063.1233333333332
778.889557532638	1091.3397916666665
779.2151803080047	1083.1479166666666
779.540751903979	1130.47875
779.8662723124031	1076.7764583333335
780.1917415251199	1060.3927083333333
780.5171595339721	1105.903125
780.8425263308019	1137.7604166666667
781.1678419074518	1135.0297916666668
781.493106255765	1112.2745833333333
781.8183193675837	1078.596875
782.1434812347505	1095.8908333333334
782.4685918491078	1132.2991666666667
782.7936512024986	1056.7518750000002
783.118659286765	1081.3275
783.4436160937499	1183.2708333333333
783.768521615296	1056.751875
784.0933758432454	1226.050625
784.418178769441	1116.8256249999997
784.7429303857256	1103.1725
785.0676306839412	1075.86625
785.3922796559308	1092.25
785.716877293537	1084.9683333333332
786.0414235886021	1113.1847916666666
786.3659185329689	1044.008958333333
786.69036211848	1055.8416666666667
787.0147543369778	1180.540208333333
787.339095180305	1061.3029166666665
787.6633846403042	1083.1479166666666
787.987622708818	1101.3520833333334
788.3118093776886	1108.63375
788.6359446387593	1151.4135416666666
788.9600284838722	1098.6214583333333
789.2840609048698	1071.3152083333332
789.6080418935949	1115.0052083333333
789.93197144189	1003.0495833333333
790.2558495415977	1094.0704166666665
790.5796761845605	1090.4295833333333
790.9034513626214	1137.7604166666667
791.2271750676223	1074.9560416666666
791.5508472914062	1068.5845833333333
791.8744680258158	1016.7027083333332
792.1980372626931	1146.8625
792.5215549938813	1079.5070833333332
792.8450212112227	1160.515625
793.16843590656	1129.5685416666668
793.4917990717355	1074.0458333333333
793.8151106985922	1144.131875
794.1383707789723	1067.6743749999998
794.4615793047186	1123.1970833333335
794.7847362676737	1098.6214583333333
795.1078416596802	1065.8539583333334
795.4308954725801	1065.8539583333334
795.7538976982169	1114.095
796.0768483284327	1663.8608333333334
796.3997473550701	1216.0383333333332
796.7225947699715	1098.6214583333333
797.0453905649798	1075.86625
797.3681347319375	1028.5354166666666
797.690827262687	1033.9966666666667
798.0134681490712	1044.9191666666668
798.3360573829325	1113.1847916666666
798.6585949561133	1094.980625
798.9810808604566	1106.8133333333333
799.3035150878045	1071.3152083333334
799.6258976299999	1175.9891666666665
799.9482284788854	1107.7235416666667
800.2705076263034	1174.16875
800.5927350640966	1133.2093750000001
800.9149107841075	1119.55625
801.2370347781787	1127.7481249999998
801.5591070381528	1122.286875
801.8811275558725	1090.4295833333333
802.2030963231803	1086.78875
802.5250133319183	1074.9560416666666
802.84687857393	1092.25
803.1686920410574	1095.8908333333331
803.4904537251431	1175.9891666666667
803.8121636180297	1094.0704166666667
804.13382171156	1139.5808333333332
804.4554279975763	1089.5193749999999
804.7769824679212	1117.7358333333334
805.0984851144376	1113.1847916666666
805.4199359289677	1087.6989583333334
805.7413349033543	1093.1602083333335
806.06268202944	1083.1479166666668
806.3839772990672	1135.94
806.7052207040786	1398.9902083333334
807.0264122363169	1168.7075
807.3475518876243	1117.7358333333332
807.6686396498436	1092.25
807.9896755148177	1055.8416666666665
808.3106594743887	1092.25
808.6315915203992	1150.5033333333333
808.9524716446922	1049.4702083333332
809.2732998391101	1039.4579166666667
809.594076095495	1117.7358333333334
809.9148004056901	1035.8170833333334
810.235472761538	1086.78875
810.5560931548807	1084.058125
810.8766615775612	1057.6620833333334
811.1971780214221	1030.3558333333333
811.5176424783058	1048.5600000000002
811.8380549400548	1063.1233333333332
812.1584153985121	1129.5685416666668
812.4787238455199	1046.7395833333333
812.7989802729209	1068.5845833333335
813.1191846725578	1170.5279166666667
813.4393370362732	1085.8785416666667
813.759437355909	1114.095
814.0794856233088	1118.6460416666666
814.3994818303146	1040.368125
814.7194259687689	1045.829375
815.0393180305146	1060.3927083333333
815.3591580073941	1092.25
815.6789458912499	1099.5316666666668
815.9986816739249	1030.3558333333333
816.3183653472614	1010.3312499999998
816.637996903102	1124.107291666667
816.9575763332895	1145.9522916666665
817.2771036296664	1234.2425
817.5965787840748	1094.9806250000001
817.9160017883579	1126.8379166666666
818.2353726343582	1096.8010416666666
818.5546913139178	1050.3804166666666
818.87395781888	1072.2254166666667
819.1931721410868	1070.405
819.5123342723809	1176.899375
819.8314442046052	1050.3804166666666
820.1505019296019	1103.1725
820.4695074392138	1083.1479166666668
820.7884607252832	1075.86625
821.107361779653	1066.7641666666666
821.4262105941658	1061.3029166666668
821.7450071606638	1048.5600000000002
822.0637514709899	1100.441875
822.3824435169868	1114.095
822.7010832904965	1103.1725
823.0196707833622	1340.736875
823.3382059874264	1082.2377083333333
823.6566888945312	1060.3927083333333
823.9751194965196	1083.1479166666666
824.2934977852343	1073.135625
824.6118237525172	1058.5722916666666
824.9300973902117	1023.984375
825.24831869016	1085.8785416666667
825.5664876442045	1080.4172916666666
825.8846042441882	1106.8133333333333
826.2026684819534	1033.9966666666667
826.5206803493426	1079.5070833333332
826.8386398381987	1112.2745833333333
827.156546940364	1094.980625
827.4744016476814	1036.7272916666668
827.7922039519929	1104.0827083333334
828.1099538451416	1442.6802083333332
828.42765131897	1064.0335416666667
828.7452963653204	1073.1356250000001
829.0628889760359	1054.9314583333332
829.3804291429586	1089.519375
829.697916857931	1081.3275
830.0153521127962	1103.1725
830.3327348993965	1054.9314583333332
830.6500652095742	1049.4702083333334
830.9673430351726	1070.405
831.2845683680337	1080.4172916666666
831.6017411999999	1042.1885416666667
831.9188615229143	1103.1725
832.2359293286195	1199.6545833333334
832.5529446089574	1077.6866666666667
832.8699073557715	1101.3520833333332
833.1868175609037	1081.3275
833.5036752161967	1058.5722916666666
833.8204803134935	1085.8785416666667
834.1372328446362	1050.3804166666666
834.4539328014675	1142.3114583333333
834.7705801758299	1105.903125
835.0871749595664	1037.6375
835.4037171445192	1110.4541666666667
835.7202067225306	1075.86625
836.0366436854439	1057.6620833333334
836.3530280251014	1094.0704166666667
836.6693597333452	1094.0704166666667
836.9856388020186	1089.5193749999999
837.3018652229639	1068.5845833333333
837.6180389880233	1110.4541666666667
837.9341600890399	1123.1970833333335
838.2502285178563	1053.1110416666668
838.5662442663146	1032.1762500000002
838.8822073262578	1063.1233333333332
839.1981176895283	1023.0741666666667
839.5139753479687	1056.751875
839.8297802934217	1070.405
840.1455325177297	1085.8785416666667
840.4612320127352	1090.4295833333333
840.7768787702812	1100.441875
841.0924727822099	1106.8133333333333
841.4080140403643	1063.1233333333332
841.7235025365862	1092.25
842.038938262719	1071.3152083333334
842.3543212106048	1065.8539583333334
842.6696513720862	1143.2216666666668
842.9849287390061	1252.4466666666667
843.3001533032069	1093.1602083333335
843.6153250565309	1056.751875
843.9304439908211	1098.6214583333333
844.24551009792	1078.596875
844.5605233696699	1094.0704166666667
844.8754837979137	1033.9966666666667
845.190391374494	1081.3275
845.5052460912531	1054.02125
845.8200479400336	1096.8010416666668
846.1347969126784	1317.9816666666666
846.4494930010297	1067.6743749999998
846.7641361969305	1084.0581250000002
847.0787264922232	1157.785
847.3932638787498	1166.8870833333333
847.7077483483539	1006.6904166666667
848.0221798928775	1039.4579166666665
848.3365585041632	1141.4012500000001
848.6508841740534	1083.1479166666668
848.9651568943913	1064.94375
849.2793766570189	1467.2558333333334
849.5935434537789	1135.0297916666666
849.9076572765141	1074.0458333333333
850.221718117067	1067.674375
850.5357259672799	1101.3520833333332
850.8496808189958	1036.7272916666668
851.1635826640571	1045.829375
851.4774314943061	1122.286875
851.7912273015859	1101.3520833333332
852.1049700777388	1046.7395833333333
852.4186598146072	1102.2622916666667
852.732296504034	1022.1639583333332
853.0458801378618	1049.4702083333334
853.3594107079327	1071.3152083333334
853.67288820609	1091.3397916666665
853.9863126241758	1113.1847916666668
854.2996839540325	1019.4333333333334
854.6130021875033	1044.0089583333333
854.9262673164303	1094.980625
855.2394793326564	1082.2377083333333
855.5526382280236	1105.903125
855.8657439943752	1096.8010416666668
856.1787966235535	993.0372916666666
856.4917961074007	1051.2906249999999
856.80474243776	1064.0335416666667
857.1176356064736	1062.213125
857.4304756053841	1076.7764583333335
857.7432624263345	1081.3275
858.0559960611668	1106.8133333333333
858.3686765017236	1036.7272916666666
858.681303739848	1048.56
858.9938777673823	1056.751875
859.3063985761688	1191.4627083333332
859.6188661580505	1044.9191666666666
859.93128050487	1066.7641666666666
860.2436416084694	1050.3804166666666
860.5559494606917	1050.3804166666666
860.8682040533795	1030.3558333333333
861.1804053783749	1081.3275
861.4925534275212	1024.8945833333332
861.8046481926605	1078.596875
862.1166896656355	1028.5354166666666
862.4286778382884	994.8577083333333
862.7406127024626	1070.405
863.0524942500001	1065.8539583333334
863.3643224727433	1027.6252083333331
863.6760973625354	1064.0335416666667
863.9878189112187	1030.3558333333333
864.2994871106355	1042.1885416666667
864.6111019526287	1133.209375
864.9226634290409	1033.9966666666667
865.2341715317144	1132.2991666666667
865.5456262524921	1064.9437500000001
865.8570275832164	1066.7641666666668
866.1683755157298	1030.3558333333333
866.4796700418752	1079.5070833333332
866.7909111534951	1045.829375
867.1020988424316	1048.5600000000002
867.4132331005279	1044.9191666666666
867.7243139196262	1038.5477083333335
868.0353412915691	1009.4210416666666
868.3463152081995	1122.286875
868.6572356613597	1019.4333333333334
868.9681026428924	1095.8908333333331
869.2789161446399	984.8454166666667
869.5896761584452	1059.4825
869.9003826761507	1043.0987499999999
870.2110356895988	1045.829375
870.5216351906323	1047.6497916666665
870.8321811710938	1064.0335416666667
871.1426736228256	1043.0987499999999
871.4531125376707	1028.5354166666668
871.7634979074714	1045.829375
872.0738297240702	990.3066666666667
872.38410797931	1079.5070833333332
872.6943326650331	1008.5108333333333
873.0045037730821	1033.9966666666667
873.3146212952998	1049.4702083333334
873.6246852235287	1025.8047916666667
873.9346955496112	1059.4825
874.24465226539	1023.0741666666667
874.5545553627078	1228.78125
874.8644048334069	1110.4541666666667
875.17420066933	1045.829375
875.48394286232	1071.3152083333334
875.793631404219	1050.3804166666666
876.1032662868698	1198.744375
876.4128475021149	1054.02125
876.7223750417972	1062.213125
877.0318488977587	1061.3029166666668
877.3412690618425	1045.829375
877.650635525891	1035.8170833333334
877.9599482817465	1044.9191666666666
878.269207321252	1034.906875
878.57841263625	1002.1393750000001
878.8875642185828	1024.8945833333335
879.1966620600934	1051.2906249999999
879.5057061526242	1067.6743749999998
879.8146964880174	1074.9560416666666
880.1236330581162	1067.6743749999998
880.4325158547629	1141.4012500000001
880.7413448697998	1115.9154166666667
881.05012009507	1092.25
881.358841522416	1039.4579166666665
881.6675091436798	1004.87
881.9761229507047	1015.7924999999999
882.2846829353331	1058.5722916666666
882.5931890894074	1049.4702083333334
882.9016414047699	998.4985416666667
883.2100398732638	1054.9314583333335
883.5183844867314	995.7679166666667
883.826675237015	1023.0741666666667
884.1349121159577	1104.0827083333334
884.4430951154019	1200.5647916666665
884.7512242271898	1101.3520833333334
885.0592994431647	1061.3029166666668
885.3673207551687	1039.4579166666665
885.6752881550442	973.0127083333333
885.9832016346343	1008.5108333333334
886.2910611857814	1063.1233333333334
886.5988668003275	1068.5845833333333
886.9066184701161	1111.364375
887.2143161869893	1051.290625
887.5219599427896	1000.3189583333334
887.82954972936	1034.906875
888.1370855385427	1084.0581249999998
888.4445673621801	1005.7802083333332
888.7519951921154	1072.225416666667
889.0593690201907	1084.058125
889.3666888382488	1093.1602083333335
889.673954638132	1064.9437500000001
889.9811664116833	1044.0089583333333
890.288324150745	1023.0741666666667
890.5954278471595	1096.8010416666666
890.90247749277	986.6658333333335
891.2094730794186	1094.980625
891.5164145989478	1044.9191666666666
891.8233020432004	1108.63375
892.1301354040191	1103.1725
892.4369146732461	1056.751875
892.7436398427244	1019.4333333333334
893.0503109042965	1109.5439583333334
893.3569278498044	1001.2291666666666
893.6634906710915	1057.6620833333334
893.96999936	1065.8539583333334
894.2764539083722	1186.9116666666666
894.5828543080514	1061.3029166666668
894.8892005508795	1028.5354166666666
895.1954926286993	1058.5722916666666
895.5017305333536	1256.9977083333335
895.8079142566849	1077.6866666666667
896.1140437905356	1029.445625
896.4201191267481	1045.829375
896.7261402571654	1012.1516666666666
897.03210717363	1017.6129166666666
897.3380198679843	1020.3435416666666
897.643878332071	1062.213125
897.9496825577328	1139.5808333333334
898.2554325368118	1061.3029166666665
898.5611282611512	1070.405
898.8667697225933	1037.6375
899.1723569129805	1093.1602083333335
899.4778898241558	1049.4702083333334
899.7833684479614	1142.3114583333333
900.0887927762399	1006.6904166666667
900.3941628008342	1055.8416666666667
900.6994785135867	1036.7272916666666
901.0047399063398	1048.5600000000002
901.3099469709363	1133.2093750000001
901.6150996992188	1075.86625
901.9201980830295	1045.829375
902.2252421142116	1287.9447916666666
902.5302317846073	1033.9966666666667
902.8351670860594	1033.0864583333334
903.1400480104098	1064.9437500000001
903.4448745495021	1031.2660416666668
903.7496466951783	1063.1233333333332
904.0543644392808	1081.3275
904.3590277736527	977.5637499999999
904.6636366901363	995.7679166666667
904.968191180574	1033.9966666666667
905.2726912368087	1099.5316666666665
905.5771368506829	1083.1479166666666
905.8815280140391	1084.0581250000002
906.18586471872	1147.7727083333332
906.490146956568	1028.5354166666666
906.7943747194257	1044.0089583333333
907.0985479991359	1119.5562499999999
907.4026667875411	1087.6989583333334
907.7067310764836	1092.25
908.0107408578065	1026.7150000000001
908.3146961233518	1032.17625
908.6185968649625	1044.008958333333
908.9224430744811	1062.213125
909.2262347437501	1088.6091666666664
909.529971864612	1074.9560416666666
909.8336544289094	2367.451875
910.137282428485	1160.515625
910.4408558551816	1068.5845833333333
910.7443747008411	1036.7272916666668
911.0478389573069	1103.1725
911.351248616421	1117.7358333333334
911.6546036700261	1060.3927083333335
911.9579041099649	1055.8416666666665
912.26114992808	1024.8945833333335
912.5643411162137	1219.6791666666668
912.867477666209	1179.6299999999999
913.1705595699083	1045.829375
913.4735868191539	986.6658333333334
913.7765594057887	1072.2254166666664
914.0794773216553	981.2045833333333
914.382340558596	1043.09875
914.6851491084537	1206.93625
914.9879029630708	1041.2783333333332
915.2906021142899	1046.7395833333333
915.5932465539537	1080.4172916666669
915.8958362739046	1006.6904166666667
916.1983712659853	1036.7272916666666
916.5008515220383	1071.3152083333334
916.8032770339062	1022.1639583333334
917.1056477934318	1038.5477083333333
917.407963792457	1178.7197916666667
917.7102250228253	1084.058125
918.0124314763789	1027.6252083333331
918.3145831449599	1059.4825
918.6166800204115	1051.2906249999999
918.9187220945763	1084.9683333333335
919.2207093592963	1313.4306250000002
919.5226418064146	1060.3927083333333
919.8245194277738	1040.368125
920.1263422152159	1026.715
920.4281101605843	1001.2291666666666
920.7298232557209	1023.0741666666667
921.0314814924685	1019.4333333333334
921.3330848626699	1030.3558333333333
921.6346333581675	1113.1847916666666
921.9361269708037	1099.5316666666668
922.2375656924214	1023.0741666666667
922.538949514863	1049.4702083333334
922.8402784299712	1067.674375
923.1415524295884	1051.2906249999999
923.4427715055573	1019.4333333333333
923.7439356497206	1013.061875
924.0450448539206	1011.2414583333333
924.34609911	1044.9191666666668
924.6470984098015	1044.0089583333336
924.9480427451673	1007.600625
925.2489321079405	1099.5316666666668
925.5497664899635	1042.1885416666667
925.8505458830786	1010.3312499999998
926.1512702791289	985.7556249999999
926.4519396699565	1079.5070833333332
926.752554047404	1096.8010416666666
927.0531134033143	1064.033541666667
927.35361772953	1020.3435416666666
927.6540670178932	1037.6375
927.9544612602471	1101.3520833333332
928.2548004484337	1018.523125
928.5550845742961	1029.445625
928.8553136296762	1048.56
929.1554876064173	1033.0864583333332
929.4556064963617	1108.63375
929.7556702913517	1107.7235416666665
930.0556789832303	1048.5600000000002
930.35563256384	1082.2377083333333
930.6555310250232	1069.4947916666665
930.9553743586226	1039.4579166666667
931.2551625564809	1061.3029166666668
931.5548956104402	1092.25
931.8545735123437	1033.9966666666667
932.1541962540336	1052.2008333333333
932.4537638273525	1024.8945833333335
932.7532762241433	1038.5477083333333
933.0527334362483	1107.7235416666667
933.3521354555098	1063.1233333333332
933.6514822737711	1041.2783333333334
933.9507738828743	1131.3889583333332
934.2500102746618	1037.6375
934.5491914409766	1038.5477083333335
934.8483173736612	1163.24625
935.1473880645581	1119.5562499999999
935.4464035055097	981.2045833333333
935.745363688359	1040.368125
936.0442686049482	1012.1516666666666
936.3431182471198	1028.5354166666666
936.641912606717	1014.8822916666667
936.9406516755819	1076.7764583333333
937.239335445557	1096.8010416666668
937.537963908485	1040.368125
937.8365370562088	1093.1602083333335
938.1350548805704	1003.9597916666667
938.4335173734129	1003.9597916666667
938.7319245265786	1048.5600000000002
939.0302763319099	1054.02125
939.3285727812499	1013.061875
939.626813866441	999.4087499999999
939.9249995793253	1071.3152083333334
940.223129911746	1023.984375
940.5212048555455	1033.9966666666667
940.8192244025662	1016.7027083333334
941.1171885446508	1044.9191666666668
941.415097273642	1022.1639583333332
941.7129505813822	1054.02125
942.0107484597139	1065.8539583333334
942.30849090048	1024.8945833333335
942.6061778955228	1023.984375
942.9038094366849	1143.2216666666668
943.2013855158092	1231.511875
943.4989061247379	1033.9966666666667
943.7963712553136	1055.8416666666665
944.0937808993792	1044.008958333333
944.3911350487772	1058.5722916666666
944.6884336953495	1053.1110416666668
944.9856768309398	1186.9116666666666
945.28286444739	1113.1847916666668
945.5799965365427	1106.8133333333333
945.8770730902406	1027.6252083333334
946.1740941003263	1045.829375
946.4710595586421	1013.061875
946.7679694570312	1052.2008333333333
947.0648237873357	1067.6743749999998
947.3616225413981	1033.9966666666667
947.6583657110614	996.678125
947.9550532881678	1033.9966666666667
948.25168526456	1091.3397916666665
948.5482616320805	1094.980625
948.8447823825722	1093.1602083333335
949.1412475078774	1045.829375
949.4376569998386	1035.8170833333334
949.7340108502987	1051.2906249999999
950.0303090511001	1008.5108333333334
950.3265515940852	1038.5477083333333
950.6227384710969	1028.5354166666666
950.9188696739777	1026.715
951.2149451945699	1028.5354166666666
951.5109650247166	1054.02125
951.8069291562598	1020.3435416666666
952.1028375810424	1040.368125
952.3986902909071	1112.2745833333333
952.6944872776962	1035.8170833333334
952.9902285332523	1036.7272916666666
953.2859140494182	1081.3275
953.5815438180365	1030.3558333333333
953.8771178309494	1104.0827083333331
954.1726360799998	1084.9683333333335
954.4680985570304	1017.6129166666666
954.7635052538835	1016.7027083333332
955.0588561624015	1037.6375
955.3541512744275	982.1147916666667
955.6493905818038	999.40875
955.9445740763729	1072.225416666667
956.2397017499775	1106.8133333333333
956.5347735944603	1075.86625
956.8297896016634	1080.4172916666666
957.1247497634299	1115.0052083333333
957.4196540716023	1034.906875
957.7145025180229	1034.906875
958.0092950945348	1021.25375
958.3040317929799	1045.829375
958.5987126052012	1084.058125
958.8933375230413	1261.54875
959.1879065383425	1111.364375
959.4824196429477	1136.8502083333333
959.7768768286993	1053.1110416666668
960.07127808744	1063.1233333333332
960.3656234110122	1048.5600000000002
960.6599127912586	1062.213125
960.9541462200218	1021.2537499999999
961.2483236891444	1026.715
961.5424451904687	1071.3152083333334
961.8365107158377	1059.4824999999998
962.1305202570937	1084.0581249999998
962.4244738060793	1062.213125
962.7183713546373	1027.6252083333331
963.01221289461	1016.7027083333332
963.3059984178401	1018.523125
963.5997279161703	1043.09875
963.893401381443	1022.1639583333334
964.1870188055007	1119.5562499999999
964.4805801801863	1024.8945833333335
964.7740854973422	1046.7395833333333
965.0675347488107	1073.135625
965.3609279264349	1048.5600000000002
965.6542650220572	1051.2906249999999
965.9475460275199	1021.25375
966.240770934666	1029.445625
966.5339397353379	1104.9929166666668
966.8270524213779	998.4985416666667
967.120108984629	1032.1762500000002
967.4131094169337	1038.5477083333333
967.7060537101345	1042.1885416666667
967.9989418560739	1044.9191666666666
968.2917738465945	1039.457916666667
968.5845496735391	1104.9929166666668
968.8772693287499	1073.1356250000001
969.16993280407	1020.3435416666666
969.4625400913416	1010.3312500000001
969.755091182407	1033.9966666666667
970.0475860691095	1132.2991666666667
970.3400247432913	1037.6375
970.6324071967948	1134.1195833333334
970.924733421463	1062.213125
971.2170034091381	983.9352083333333
971.5092171516628	1041.2783333333334
971.80137464088	1256.0875
972.0934758686318	980.2943750000001
972.385520826761	1086.78875
972.6775095071101	1076.7764583333335
972.9694419015219	1083.1479166666666
973.2613180018386	1029.445625
973.5531377999032	1002.1393750000001
973.8449012875581	997.5883333333335
974.1366084566458	1003.9597916666667
974.4282592990087	1099.5316666666665
974.71985380649	1005.7802083333332
975.0113919709318	1032.17625
975.3028737841765	1003.0495833333333
975.5942992380673	1073.1356250000001
975.8856683244463	1063.1233333333332
976.1769810351561	968.4616666666666
976.4682373620396	1067.6743749999998
976.7594372969393	1004.8699999999999
977.0505808316972	997.5883333333333
977.3416679581567	1054.02125
977.6326986681601	1066.7641666666668
977.9236729535495	1071.3152083333332
978.2145908061682	1086.78875
978.5054522178584	1378.965625
978.7962571804626	1054.9314583333332
979.0870056858237	1052.2008333333333
979.3776977257842	1169.6177083333334
979.6683332921862	1068.5845833333333
979.9589123768728	1139.5808333333332
980.2494349716867	1096.8010416666666
980.53990106847	1069.4947916666667
980.8303106590655	1087.6989583333332
981.1206637353158	1074.0458333333333
981.4109602890635	1026.7150000000001
981.7012003121511	1063.1233333333332
981.9913837964212	1089.519375
982.2815107337166	1077.6866666666665
982.5715811158793	1020.3435416666666
982.8615949347526	1031.2660416666665
983.1515521821785	1033.0864583333334
983.4414528499998	1029.445625
983.7312969300594	1066.7641666666668
984.0210844141994	1099.5316666666665
984.3108152942625	1090.4295833333333
984.6004895620915	1064.9437500000001
984.8901072095288	1048.56
985.1796682284167	1043.0987499999999
985.4691726105984	1062.213125
985.7586203479162	1178.7197916666667
986.0480114322123	1033.0864583333332
986.33734585533	1026.7150000000001
986.6266236091113	1031.2660416666668
986.9158446853992	1135.0297916666666
987.2050090760357	1016.7027083333332
987.4941167728639	991.2168750000001
987.7831677677262	1014.8822916666668
988.0721620524652	1059.4824999999998
988.3610996189235	1055.8416666666667
988.6499804589438	1051.2906249999999
988.9388045643683	993.0372916666666
989.2275719270399	1028.5354166666668
989.5162825388013	1014.8822916666668
989.8049363914945	1000.3189583333333
990.0935334769628	1035.8170833333334
990.3820737870484	1081.3275
990.6705573135936	1112.274583333333
990.9589840484416	1055.8416666666665
991.2473539834347	1073.1356250000001
991.5356671104153	1157.785
991.8239234212261	1045.829375
992.1121229077099	1029.445625
992.400265561709	1019.4333333333334
992.6883513750662	979.3841666666667
992.9763803396239	1035.8170833333334
993.2643524472247	1049.4702083333334
993.5522676897112	1000.3189583333333
993.8401260589261	1014.8822916666668
994.1279275467119	1028.5354166666666
994.4156721449109	1008.5108333333334
994.7033598453662	1117.7358333333332
994.99099063992	1069.4947916666667
995.2785645204149	1063.1233333333332
995.5660814786938	1064.9437500000001
995.853541506599	1049.4702083333334
996.140944595973	1045.829375
996.4282907386587	1073.1356250000001
996.7155799264985	1006.6904166666667
997.0028121513348	1110.4541666666667
997.2899874050105	1055.8416666666665
997.5771056793681	998.4985416666667
997.8641669662499	1015.7925
998.1511712574988	1094.0704166666667
998.4381185449574	989.3964583333333
998.725008820468	1085.8785416666667
999.0118420758735	1031.2660416666668
999.2986183030163	981.2045833333333
999.585337493739	1068.5845833333335
999.8719996398839	1017.6129166666666
1000.158604733294	1022.1639583333334
1000.445152765812	1074.9560416666666
1000.7316437292799	1034.906875
1001.0180776155407	1064.94375
1001.3044544164371	1018.523125
1001.5907741238111	1141.4012500000001
1001.8770367295059	1134.1195833333334
1002.1632422253638	1044.0089583333333
1002.4493906032271	1055.8416666666667
1002.735481854939	1011.2414583333333
1003.0215159723417	1145.9522916666667
1003.3074929472778	1004.87
1003.59341277159	1094.980625
1003.8792754371208	1057.6620833333334
1004.1650809357126	1055.8416666666665
1004.4508292592081	1072.2254166666667
1004.7365203994503	1102.2622916666667
1005.0221543482811	1007.600625
1005.3077310975436	1025.8047916666667
1005.5932506390802	992.1270833333333
1005.8787129647335	1030.3558333333333
1006.1641180663456	1074.0458333333333
1006.4494659357599	1071.3152083333334
1006.7347565648188	1074.9560416666666
1007.0199899453642	1186.9116666666666
1007.3051660692394	1061.3029166666668
1007.5902849282868	995.7679166666667
1007.8753465143486	1033.0864583333332
1008.160350819268	1024.8945833333335
1008.4452978348874	1029.445625
1008.7301875530488	1072.2254166666667
1009.0150199655957	1047.6497916666667
1009.2997950643701	1062.213125
1009.5845128412144	1040.368125
1009.8691732879718	1041.2783333333334
1010.1537763964845	1010.3312500000001
1010.4383221585949	1092.25
1010.7228105661462	1029.445625
1011.0072416109805	1081.3275
1011.2916152849402	1044.008958333333
1011.5759315798686	1044.0089583333333
1011.8601904876076	1044.9191666666668
1012.144392	1031.2660416666668
1012.4285361088884	1059.4824999999998
1012.7126228061155	1095.8908333333331
1012.9966520835236	1096.8010416666666
1013.2806239329553	1026.7150000000001
1013.5645383462538	1012.1516666666666
1013.8483953152609	1065.8539583333334
1014.1321948318193	1022.1639583333334
1014.4159368877722	1013.9720833333332
1014.6996214749615	1056.7518750000002
1014.98324858523	1039.4579166666665
1015.2668182104202	1072.225416666667
1015.5503303423751	1104.0827083333334
1015.8337849729367	1067.674375
1016.1171820939478	1092.25
1016.4005216972512	1107.7235416666665
1016.6838037746892	1041.2783333333334
1016.9670283181047	1048.56
1017.2501953193398	1054.9314583333332
1017.5333047702371	999.4087499999999
1017.81635666264	1110.4541666666667
1018.0993509883903	1067.6743749999998
1018.3822877393309	1012.1516666666668
1018.6651669073037	1079.5070833333332
1018.9479884841523	1013.9720833333334
1019.2307524617187	1085.8785416666667
1019.5134588318456	1036.7272916666668
1019.7961075863757	1046.7395833333333
1020.0786987171514	1012.1516666666666
1020.3612322160153	1052.2008333333333
1020.6437080748101	1033.9966666666667
1020.9261262853781	1030.3558333333333
1021.208486839562	1055.8416666666667
1021.4907897292048	1098.6214583333333
1021.7730349461489	1083.1479166666668
1022.0552224822362	1080.4172916666666
1022.33735232931	1030.3558333333333
1022.6194244792129	1039.4579166666665
1022.9014389237868	1036.7272916666668
1023.1833956548752	1063.1233333333332
1023.46529466432	1085.8785416666667
1023.7471359439638	996.678125
1024.0289194856498	1024.8945833333335
1024.3106452812199	1048.5600000000002
1024.5923133225172	1025.8047916666667
1024.8739236013837	1035.8170833333334
1025.1554761096625	1035.8170833333334
1025.436970839196	1035.8170833333334
