339.86832	19.114375
340.2509644343084	33996.28125
340.6335677717954	613.4804166666668
341.0161300043036	532.4718750000001
341.3986511236755	567.0597916666667
341.78113112175373	567.0597916666667
342.16356999038084	586.1741666666667
342.5459677213995	527.010625
342.92832430665214	3018.2508333333335
343.3106397379815	909.2981249999999
343.69291400723	601.6477083333333
344.0751471062403	567.9699999999999
344.45733902685504	641.696875
344.83948976091665	692.6685416666668
345.2215993002679	647.158125
345.60366763675125	628.9539583333334
345.9856947622093	711.7829166666667
346.3676806684845	686.2970833333333
346.74962534741974	725.4360416666667
347.1315287908573	762.7545833333334
347.51339099064	798.2527083333334
347.8952119386102	815.5466666666666
348.2769916266106	797.3425000000001
348.6587300464838	972.1025
349.0404271900723	880.1714583333332
349.4220830492187	906.5675
349.80369761576566	887.453125
350.1852708815557	940.2452083333334
350.5668028384313	958.449375
350.9482934782352	1036.7272916666668
351.32974279281	960.2697916666666
351.71115077399816	947.526875
352.0925174136422	990.3066666666667
352.47384270358486	973.0127083333333
352.8551266356687	973.0127083333333
353.23636920173624	1003.9597916666667
353.61757039363005	1000.3189583333333
353.9987302031928	1075.86625
354.379848622267	1073.1356250000001
354.76092564269516	1029.445625
355.14196125632	1035.8170833333334
355.52295545498407	1058.5722916666666
355.90390823052985	1060.3927083333333
356.2848195748	1217.85875
356.6656894796371	1010.3312500000001
357.04651793688373	1089.519375
357.4273049383824	1022.1639583333334
357.8080504759759	1012.1516666666666
358.18875454150657	1085.8785416666667
358.5694171268171	999.40875
358.9500382237499	1023.0741666666667
359.3306178241479	1061.3029166666665
359.7111559198534	1027.6252083333331
360.0916525027091	1012.1516666666666
360.47210756455746	1012.1516666666666
360.85252109724127	1016.7027083333334
361.23289309260286	1004.8699999999999
361.61322354248495	1005.7802083333332
361.99351243873014	1014.8822916666668
362.37375977318095	1115.9154166666667
362.75396553768	1108.6337500000002
363.1341297240698	1006.6904166666667
363.514252324193	973.9229166666668
363.8943333298922	974.8331250000001
364.27437273300995	1132.2991666666667
364.65437052538874	1024.8945833333335
365.03432669887127	1002.1393750000001
365.4142412453001	1056.751875
365.7941141565177	1102.2622916666667
366.1739454243669	975.7433333333333
366.55373504069	1000.3189583333333
366.93348299732975	989.3964583333333
367.31318928612865	1021.25375
367.6928538989293	996.6781249999999
368.0724768275743	1020.3435416666667
368.4520580639063	1044.9191666666666
368.83159759976763	1045.829375
369.21109542700117	1121.3766666666668
369.59055153744936	1047.6497916666667
369.9699659229547	976.6535416666666
370.34933857536	999.4087499999999
370.72866948650767	964.8208333333332
371.10795864824024	996.678125
371.4872060524004	1028.5354166666666
371.8664116908307	1022.1639583333334
372.2455755553737	1248.8058333333333
372.6246976378721	1007.600625
373.00377793016827	1058.5722916666666
373.38281642410493	1055.8416666666665
373.76181311152465	1043.0987499999999
374.14076798427	1023.0741666666667
374.5196810341835	1068.5845833333333
374.8985522531078	1029.445625
375.2773816328855	984.8454166666667
375.6561691653591	1041.2783333333334
376.0349148423712	997.5883333333333
376.4136186557645	949.3472916666666
376.7922805973814	979.3841666666666
377.17090065906456	986.6658333333334
377.5494788326565	1005.7802083333332
377.92801511000005	1040.368125
378.3065094829374	1086.78875
378.6849619433114	977.5637499999999
379.0633724829646	1054.02125
379.4417410937395	1033.0864583333334
379.82006776747875	1273.3814583333333
380.1983524960249	1084.9683333333332
380.57659527122047	989.3964583333333
380.9547960849082	1025.8047916666667
381.33295492893046	983.025
381.71107179513	1047.6497916666667
382.08914667534935	1042.1885416666667
382.467179561431	1010.3312500000001
382.84517044521766	977.5637499999999
383.22311931855194	1026.715
383.60102617327624	1012.1516666666666
383.97889100123325	1053.1110416666668
384.35671379426554	987.5760416666667
384.73449454421575	995.7679166666667
385.1122332429263	1033.9966666666667
385.48992988224	1028.5354166666666
385.8675844539992	937.5145833333335
386.24519695004665	1002.1393750000001
386.6227673622248	1030.3558333333333
387.0002956823763	1019.4333333333334
387.3777819023437	1070.405
387.75522601396966	1032.17625
388.1326280090966	1035.8170833333334
388.5099878795673	1013.9720833333334
388.8873056172243	991.2168750000001
389.26458121391	989.3964583333333
389.6418146614671	1004.8699999999999
390.0190059517382	951.1677083333334
390.3961550765659	1016.7027083333332
390.77326202779267	1064.0335416666667
391.15032679726124	956.6289583333333
391.5273493768141	969.3718750000002
391.9043297582938	1052.2008333333333
392.2812679335429	970.2820833333334
392.65816389440414	1051.2906249999999
393.03501763272	988.4862499999999
393.41182914033305	1018.523125
393.7885984090858	978.4739583333334
394.165325430821	1046.7395833333333
394.5420101973811	1018.523125
394.9186527006087	985.7556250000001
395.29525293234644	1047.6497916666667
395.67181088443687	978.4739583333334
396.04832654872257	1037.6375
396.424799917046	1087.6989583333334
396.80123098124994	985.7556249999999
397.1776197331769	1064.94375
397.5539661646694	1017.6129166666666
397.93027026757005	1028.5354166666666
398.30653203372145	998.4985416666667
398.6827514549662	948.4370833333332
399.05892852314685	1068.5845833333333
399.4350632301059	980.294375
399.8111555676861	1017.6129166666666
400.18720552772993	975.7433333333333
400.56321310207994	1054.02125
400.9391782825788	1015.7925
401.315101061069	1049.4702083333332
401.6909814293932	1063.1233333333332
402.06681937939385	958.449375
402.4426149029137	995.7679166666667
402.8183679917953	1067.674375
403.19407863788103	1043.09875
403.56974683301377	1032.1762500000002
403.94537256903584	960.2697916666666
404.32095583779	987.5760416666667
404.69649663111875	1026.7150000000001
405.0719949408646	1012.1516666666666
405.4474507588703	972.1025
405.82286407697836	1092.25
406.1982348870312	951.1677083333334
406.57356318087164	977.5637499999999
406.94884895034215	997.5883333333335
407.3240921872853	997.5883333333335
407.6992928835437	1041.2783333333334
408.07445103095995	1033.0864583333332
408.4495666213767	1013.9720833333334
408.8246396466363	1003.9597916666668
409.19967009858135	1010.3312500000001
409.5746579690547	1024.8945833333335
409.94960324989876	1029.445625
410.324505932956	979.3841666666666
410.69936601006924	1005.7802083333332
411.07418347308095	998.4985416666667
411.4489583138336	1062.213125
411.82369052417	1015.7925
412.1983800959325	992.1270833333333
412.5730270209638	1008.5108333333334
412.9476312911065	983.0250000000001
413.32219289820307	1045.829375
413.6967118340962	1021.25375
414.0711880906285	1067.674375
414.4456216596423	990.3066666666667
414.8200125329805	1042.1885416666667
415.19436070248554	992.1270833333333
415.56866615999996	1062.213125
415.94292889736636	983.9352083333333
416.3171489064274	1023.0741666666668
416.6913261790256	1034.906875
417.0654607070035	1023.984375
417.43955248220374	1059.4825
417.81360149646883	1033.0864583333332
418.1876077416415	1084.9683333333332
418.56157120956414	996.678125
418.9354918920794	998.4985416666667
419.30936978103	1038.5477083333333
419.68320486825826	1010.3312500000001
420.056997145607	968.4616666666667
420.43074660491874	990.3066666666667
420.80445323803593	985.7556249999999
421.17811703680127	1013.9720833333334
421.55173799305726	988.4862499999999
421.9253160986466	963.0004166666668
422.2988513454117	981.2045833333333
422.67234372519533	1001.2291666666665
423.04579322983994	1036.7272916666668
423.4191998511882	1065.8539583333334
423.79256358108256	1002.1393750000001
424.16588441136577	1028.5354166666666
424.5391623338803	1101.3520833333332
424.9123973404688	1057.6620833333334
425.2855894229737	1005.7802083333332
425.65873857323766	990.3066666666667
426.03184478310334	1013.061875
426.4049080444133	1040.368125
426.77792834901	1069.4947916666667
427.1509056887361	1012.1516666666668
427.5238400554342	1033.0864583333332
427.8967314409469	1007.600625
428.2695798371167	1087.6989583333334
428.6423852357862	992.1270833333333
429.0151476287981	1072.225416666667
429.38786700799477	1223.32
429.76054336521895	1028.5354166666666
430.13317669231316	1042.1885416666667
430.50576698111996	974.833125
430.878314223482	1033.0864583333334
431.25081841124177	1032.1762500000002
431.623279536242	1071.3152083333332
431.99569759032505	1028.5354166666666
432.3680725653337	1098.6214583333333
432.7404044531105	1074.0458333333333
433.11269324549784	994.8577083333333
433.4849389343386	993.9474999999999
433.85714151147505	999.40875
434.22930096874995	1066.7641666666666
434.60141729800597	994.8577083333333
434.9734904910854	1011.2414583333333
435.3455205398311	1032.17625
435.71750743608555	1023.984375
436.08945117169117	1019.4333333333334
436.4613517384908	1052.2008333333333
436.833209128327	1047.6497916666667
437.2050233330421	1010.3312499999998
437.57679434447897	1022.1639583333332
437.94852215448	1035.8170833333334
438.3202067548878	1015.7925
438.69184813754504	1089.5193749999999
439.0634462942942	1071.3152083333332
439.43500121697787	1084.058125
439.8065128974388	1031.2660416666668
440.17798132751926	1119.55625
440.54940649906206	1009.4210416666666
440.92078840390974	1041.2783333333334
441.2921270339049	1097.71125
441.66342238089	1107.7235416666665
442.0346744367077	1114.095
442.4058831932006	1059.4825
442.7770486422113	1056.751875
443.1481707755823	1036.7272916666668
443.5192495851562	1145.0420833333333
443.89028506277566	1118.6460416666666
444.26127720028313	1087.6989583333334
444.6322259895213	1135.0297916666666
445.00313142233273	1000.3189583333333
445.37399349056	1017.6129166666666
445.74481218604564	1034.906875
446.1155875006322	1094.0704166666667
446.4863194261624	1037.6375
446.8570079544787	1223.32
447.2276530774237	1070.405
447.5982547868401	1064.9437500000001
447.9688130745703	1115.0052083333335
448.3393279324569	1093.1602083333335
448.7097993523426	1080.4172916666666
449.08022732607	1084.9683333333332
449.45061184548155	1059.4825
449.82095290241983	1145.9522916666667
450.1912504887275	1072.2254166666664
450.56150459624706	1069.4947916666667
450.93171521682126	1139.5808333333334
451.30188234229246	1166.8870833333333
451.67200596450334	1104.9929166666666
452.04208607529654	1074.9560416666666
452.4121226665145	1056.751875
452.78211573	1098.6214583333333
453.15206525759544	1032.17625
453.52197124114343	1024.8945833333335
453.8918336724866	1043.0987499999999
454.2616525434675	1072.2254166666667
454.6314278459287	1132.2991666666667
455.0011595717129	1038.5477083333335
455.37084771266245	1078.596875
455.74049226062016	1062.213125
456.11009320742846	1060.3927083333333
456.47965054492994	1040.368125
456.8491642649673	1036.7272916666668
457.21863435938303	1070.405
457.5880608200197	1039.4579166666665
457.95744363871995	1050.3804166666666
458.3267828073262	1013.061875
458.69607831768127	1038.5477083333333
459.0653301616276	1043.09875
459.43453833100773	1032.1762499999998
459.8037028176643	1016.7027083333332
460.17282361344	1009.4210416666668
460.54190071017723	1161.4258333333335
460.9109340997186	1033.0864583333332
461.2799237739068	1025.8047916666667
461.64886972458436	1081.3275
462.01777194359374	1045.829375
462.38663042277767	1226.9608333333333
462.75544515397866	1066.7641666666666
463.1242161290393	1054.02125
463.49294333980225	1067.674375
463.86162677810995	1051.290625
464.2302664358051	1025.8047916666667
464.5988623047302	1055.8416666666665
464.96741437672785	1031.2660416666665
465.3359226436407	1118.6460416666666
465.70438709731116	1146.8625
466.0728077295821	1073.1356250000001
466.4411845322957	1097.71125
466.8095174972949	1020.3435416666667
467.1778066164222	1006.6904166666667
467.54605188151993	1031.2660416666668
467.914253284431	1145.9522916666665
468.2824108169978	1023.984375
468.65052447106297	1055.8416666666667
469.0185942384692	1033.0864583333334
469.38662011105873	1013.9720833333332
469.75460208067443	1051.290625
470.1225401391589	1037.6375
470.49043427835454	1008.5108333333334
470.85828449010404	1084.9683333333332
471.22609076624997	984.8454166666667
471.5938530986349	1024.8945833333332
471.96157147910145	1083.1479166666666
472.3292458994921	996.678125
472.69687635164945	1043.0987499999999
473.06446282741626	1040.3681250000002
473.4320053186349	1044.0089583333333
473.7995038171479	1045.829375
474.1669583147982	1054.9314583333332
474.5343688034279	1190.5525
474.90173527488	1047.6497916666667
475.26905772099684	1018.523125
475.63633613362094	1168.7074999999998
476.0035705045952	1075.86625
476.3707608257619	1081.3274999999999
476.7379070889637	1033.0864583333334
477.1050092860433	1062.213125
477.4720674088431	1171.438125
477.8390814492057	1042.1885416666667
478.2060513989739	1015.7925
478.57297724998995	1024.8945833333332
478.9398589940967	1050.3804166666669
479.30669662313665	1009.4210416666666
479.67349012895227	1042.1885416666667
480.04023950338626	1074.9560416666666
480.4069447382812	1081.3275
480.77360582547965	1062.213125
481.1402227568242	1103.1725
481.5067955241573	1038.5477083333333
481.8733241193217	1007.600625
482.23980853416	1012.1516666666668
482.60624876051463	1004.87
482.97264479022823	1043.09875
483.3389966151434	1039.4579166666667
483.70530422710266	1037.6375
484.0715676179487	990.3066666666667
484.43778677952406	1023.0741666666667
484.80396170367123	988.4862499999999
485.170092382233	1046.7395833333333
485.53617880705167	1096.8010416666666
485.90222096996996	1102.2622916666667
486.2682188628305	1095.8908333333334
486.63417247747583	1002.1393749999999
487.0000818057485	1168.7075000000002
487.36594683949113	1081.3275
487.73176757054625	1034.906875
488.09754399075644	1112.2745833333333
488.46327609196436	1017.6129166666666
488.8289638660125	1045.829375
489.19460730474356	1008.5108333333334
489.56020639999997	1276.1120833333334
489.9257611436244	1008.5108333333334
490.29127152745946	1064.94375
490.65673754334756	1080.4172916666666
491.0221591831315	1009.4210416666666
491.3875364386538	981.2045833333333
491.75286930175685	1031.2660416666665
492.11815776428347	1187.8218749999999
492.4834018180762	1146.8625000000002
492.8486014549774	1038.5477083333333
493.21375666683	981.2045833333333
493.5788674454763	1023.984375
493.94393378275896	1158.6952083333333
494.30895567052073	998.4985416666667
494.67393310060385	1024.8945833333335
495.0388660648512	1049.4702083333334
495.4037545551053	1109.5439583333334
495.76859856320857	1077.6866666666667
496.1333980810037	1054.02125
496.49815310033335	1086.7887500000002
496.8628636130399	1115.9154166666667
497.22752961096626	1001.2291666666666
497.59215108595464	1002.1393750000001
497.95672802984774	1044.9191666666666
498.3212604344883	1198.7443750000002
498.6857482917187	1012.1516666666666
499.05019159338167	1070.405
499.4145903313197	1129.5685416666668
499.7789444973753	1063.1233333333332
500.14325408339124	1096.8010416666666
500.50751908121	1058.5722916666666
500.8717394826741	1039.4579166666665
501.2359152796262	1021.2537499999999
501.6000464639089	1016.7027083333332
501.9641330273647	1060.3927083333335
502.3281749618363	1147.7727083333332
502.69217225916606	1054.02125
503.0561249111968	1122.286875
503.42003290977095	1000.3189583333333
503.78389624673116	1065.8539583333334
504.14771491391997	1005.7802083333332
504.51148890318	1048.5600000000002
504.8752182063538	1097.71125
505.238902815284	1084.0581249999998
505.60254272181305	1066.7641666666666
505.9661379177837	1049.4702083333334
506.3296883950385	1011.2414583333334
506.69319414541985	1010.3312500000001
507.05665516077056	1395.3493749999998
507.42007143293307	1041.2783333333334
507.78344295374995	1095.8908333333331
508.14676971506384	1219.6791666666666
508.51005170871747	1054.02125
508.8732889265531	1022.1639583333332
509.2364813604135	1039.4579166666665
509.5996290021412	1054.9314583333332
509.9627318435789	1050.3804166666666
510.325789876569	1073.1356250000001
510.6888030929541	1105.9031249999998
511.051771484577	1071.3152083333334
511.41469504328	1048.56
511.77757376090574	1018.523125
512.1404076292971	1063.1233333333332
512.5031966402962	1058.5722916666666
512.8659407857458	1056.7518750000002
513.2286400574887	1044.9191666666668
513.5912944473672	1054.9314583333332
513.953903947224	1021.2537499999999
514.3164685489018	1034.906875
514.6789882442428	1028.5354166666666
515.04146302509	1044.008958333333
515.4038928832857	1101.3520833333334
515.7662778106726	1086.78875
516.1286177990931	1110.4541666666667
516.4909128403904	1014.8822916666668
516.8531629264063	1185.09125
517.2153680489837	1084.9683333333332
517.5775281999652	1070.405
517.9396433711935	1064.0335416666667
518.3017135545108	1033.0864583333334
518.66373874176	1125.0175
519.0257189247836	1065.8539583333334
519.3876540954242	1153.2339583333335
519.7495442455245	1132.2991666666667
520.1113893669268	1140.4910416666664
520.4731894514738	1035.8170833333334
520.8349444910081	1032.1762499999998
521.1966544773722	1151.4135416666668
521.558319402409	1047.6497916666665
521.9199392579607	1114.095
522.28151403587	1144.131875
522.6430437279796	1171.438125
523.0045283261317	1094.0704166666667
523.3659678221695	1061.3029166666668
523.7273622079351	1007.600625
524.0887114752712	1044.0089583333333
524.4500156160204	1049.4702083333334
524.8112746220253	1017.6129166666666
525.1724884851286	1084.0581249999998
525.5336571971726	1297.9570833333335
525.8947807500001	1096.8010416666668
526.2558591354534	1053.1110416666668
526.6168923453754	1049.4702083333334
526.9778803716086	1052.2008333333333
527.3388232059956	1079.5070833333334
527.6997208403786	1584.6727083333335
528.0605732666008	1090.4295833333333
528.4213804765045	1065.8539583333334
528.782142461932	1086.78875
529.1428592147264	1103.1725
529.50353072673	1036.7272916666668
529.8641569897852	1103.1725
530.224737995735	1152.3237500000002
530.5852737364216	1065.8539583333334
530.9457642036878	1055.8416666666665
531.3062093893762	1096.8010416666666
531.6666092853293	1053.1110416666668
532.0269638833895	1053.1110416666668
532.3872731753997	1123.1970833333332
532.7475371532023	1083.1479166666666
533.10775580864	1013.061875
533.4679291335551	1051.2906249999999
533.8280571197906	1007.600625
534.1881397591887	1099.5316666666668
534.5481770435923	1076.7764583333333
534.9081689648438	1054.02125
535.2681155147857	1039.4579166666665
535.6280166852607	1068.5845833333333
535.9878724681114	1145.0420833333335
536.3476828551802	1085.8785416666667
536.7074478383099	1136.8502083333335
537.0671674093431	1099.5316666666665
537.4268415601222	1055.841666666667
537.7864702824897	1034.906875
538.1460535682887	1043.09875
538.5055914093612	1081.3275
538.8650837975499	1104.9929166666668
539.2245307246978	1074.0458333333333
539.5839321826469	1049.4702083333334
539.9432881632401	1012.1516666666666
540.30259865832	1070.405
540.6618636597291	1041.2783333333334
541.0210831593098	1093.1602083333335
541.380257148905	1053.1110416666668
541.7393856203572	1025.8047916666667
542.0984685655087	1104.0827083333334
542.4575059762025	1109.5439583333334
542.8164978442809	1023.0741666666667
543.1754441615866	1035.8170833333334
543.5343449199621	1073.1356250000001
543.89320011125	1065.8539583333334
544.2520097272928	1008.5108333333334
544.6107737599334	1037.6375
544.9694922010141	1015.7925
545.3281650423775	1097.71125
545.6867922758662	1074.9560416666666
546.0453738933229	1042.1885416666667
546.40390988659	1072.2254166666667
546.7624002475101	1154.1441666666667
547.1208449679259	1092.2500000000002
547.4792440396799	1064.0335416666667
547.8375974546148	1027.6252083333331
548.195905204573	1145.0420833333335
548.5541672813971	1022.1639583333334
548.91238367693	1072.225416666667
549.2705543830137	1056.751875
549.6286793914913	1086.78875
549.986758694205	1076.7764583333333
550.3447922829978	1033.0864583333334
550.702780149712	1099.5316666666665
551.0607222861901	1042.1885416666667
551.4186186842746	1077.6866666666667
551.7764693358087	1072.2254166666667
552.1342742326343	1091.3397916666665
552.4920333665942	1103.1725
552.8497467295313	1014.8822916666667
553.2074143132876	1039.4579166666665
553.565036109706	1094.980625
553.9226121106294	1030.3558333333333
554.2801423078997	1034.906875
554.63762669336	1056.751875
554.9950652588526	1034.906875
555.3524579962202	1001.2291666666666
555.7098048973054	1028.5354166666668
556.0671059539508	1050.3804166666666
556.4243611579986	1081.3275
556.7815705012921	1126.8379166666666
557.1387339756732	1081.3275
557.495851572985	1004.8699999999999
557.8529232850698	1043.0987499999999
558.20994910377	1035.8170833333334
558.5669290209286	986.6658333333334
558.9238630283878	999.4087499999999
559.2807511179905	1073.135625
559.6375932815791	1054.9314583333335
559.9943895109963	992.1270833333333
560.3511397980844	1013.9720833333334
560.7078441346864	1097.71125
561.0645025126445	1072.2254166666667
561.4211149238015	1044.0089583333333
561.77768136	1031.2660416666668
562.1342018130823	1044.9191666666666
562.4906762748914	984.8454166666667
562.8471047372697	1088.6091666666669
563.2034871920595	1033.0864583333334
563.5598236311037	1008.5108333333334
563.9161140462448	1149.593125
564.2723584293254	1065.8539583333334
564.6285567721882	1024.8945833333335
564.9847090666755	1054.9314583333335
565.34081530463	1009.4210416666666
565.6968754778943	1091.3397916666665
566.052889578311	1115.0052083333333
566.4088575977227	1244.2547916666665
566.7647795279719	1025.8047916666667
567.1206553609012	1031.2660416666665
567.4764850883533	1024.8945833333335
567.8322687021706	1006.6904166666667
568.1880061941957	1071.3152083333334
568.5436975562714	1082.2377083333333
568.89934278024	1088.6091666666666
569.2549418579441	1094.980625
569.6104947812267	1104.0827083333334
569.9660015419297	1101.3520833333332
570.3214621318963	1015.7925
570.6768765429688	1044.0089583333333
571.0322447669896	1060.3927083333335
571.3875667958016	975.7433333333333
571.7428426212473	1116.8256250000002
572.0980722351692	1045.829375
572.45325562941	1065.8539583333334
572.8083927958121	1059.4825
573.1634837262183	1057.6620833333334
573.5185284124709	1037.6374999999998
573.8735268464127	1006.6904166666667
574.2284790198863	1067.6743749999998
574.5833849247341	984.8454166666667
574.9382445527988	1016.7027083333332
575.293057895923	1001.2291666666666
575.6478249459491	989.3964583333333
576.0025456947199	1039.4579166666665
576.357220134078	1009.4210416666668
576.7118482558658	1111.3643749999999
577.066430051926	1012.1516666666666
577.4209655141011	1060.3927083333333
577.7754546342337	1084.0581249999998
578.1298974041664	1095.8908333333331
578.4842938157419	1069.4947916666667
578.8386438608024	1028.5354166666668
579.192947531191	1066.7641666666666
579.54720481875	1109.5439583333334
579.9014157153218	1023.984375
580.2555802127495	1050.3804166666666
580.609698302875	1044.9191666666668
580.9637699775415	1064.9437500000001
581.3177952285913	1018.523125
581.6717740478667	1033.9966666666667
582.0257064272109	1030.3558333333333
582.3795923584662	1011.2414583333333
582.7334318334749	1089.519375
583.08722484408	1073.135625
583.4409713821237	1130.47875
583.794671439449	1067.6743749999998
584.1483250078983	1110.4541666666667
584.501932079314	1073.1356250000001
584.8554926455387	1013.061875
585.2090066984154	1094.0704166666667
585.5624742297861	1058.5722916666666
585.9158952314937	1052.2008333333333
586.2692696953808	1044.9191666666666
586.6225976132899	1034.906875
586.9758789770636	1079.5070833333332
587.3291137785446	1061.3029166666668
587.6823020095754	1063.1233333333334
588.0354436619982	1015.7925
588.3885387276563	1033.0864583333334
588.7415871983918	1030.3558333333333
589.0945890660471	1047.6497916666667
589.4475443224653	1020.3435416666666
589.8004529594888	1009.4210416666666
590.15331496896	1092.25
590.5061303427216	1046.7395833333333
590.8588990726163	1028.5354166666666
591.2116211504864	1063.1233333333332
591.5642965681747	1124.107291666667
591.9169253175238	1073.1356250000001
592.269507390376	1069.4947916666667
592.6220427785742	1062.213125
592.974531473961	1013.9720833333334
593.3269734683787	1115.9154166666667
593.6793687536699	1042.1885416666667
594.0317173216775	1033.9966666666667
594.3840191642438	1007.6006249999999
594.7362742732114	1064.94375
595.0884826404231	1057.6620833333334
595.4406442577213	1045.829375
595.7927591169484	1064.9437500000001
596.1448272099474	1058.5722916666666
596.4968485285606	1060.3927083333333
596.8488230646306	1020.3435416666666
597.2007508099999	1042.1885416666667
597.5526317565115	1048.5600000000002
597.9044658960074	1531.8806249999998
598.2562532203306	1115.0052083333333
598.6079937213235	1041.2783333333334
598.9596873908287	1008.5108333333333
599.3113342206889	1042.1885416666667
599.6629342027466	1078.596875
600.0144873288441	1369.8635416666666
600.3659935908244	1046.7395833333333
600.71745298053	1006.6904166666668
601.0688654898032	1064.9437500000001
601.4202311104871	1108.63375
601.7715498344237	1027.6252083333331
602.1228216534558	1152.32375
602.4740465594261	1044.0089583333333
602.8252245441772	1061.3029166666665
603.1763555995517	1038.5477083333333
603.5274397173916	1027.6252083333334
603.8784768895403	1009.4210416666668
604.22946710784	1067.674375
604.5804103641332	1081.3275
604.9313066502625	1182.360625
605.2821559580708	1081.3275
605.6329582794003	1065.8539583333334
605.9837136060937	1032.17625
606.3344219299937	1018.523125
606.6850832429426	1135.9399999999998
607.0356975367833	1096.8010416666668
607.3862648033582	1274.2916666666667
607.73678503451	1062.213125
608.0872582220811	1044.0089583333336
608.4376843579142	1033.9966666666667
608.7880634338519	1138.670625
609.1383954417366	1030.3558333333333
609.4886803734113	1026.7150000000001
609.838918220718	1078.596875
610.1891089754997	1020.3435416666667
610.5392526295989	1056.7518750000002
610.8893491748582	1044.0089583333333
611.2393986031199	1059.4825
611.589400906227	1036.7272916666668
611.9393560760218	1031.2660416666668
612.289264104347	998.4985416666667
612.6391249830451	1070.405
612.9889387039588	1044.9191666666666
613.3387052589305	1035.8170833333334
613.6884246398027	1088.6091666666669
614.0380968384185	1024.8945833333335
614.38772184662	1027.6252083333331
614.7372996562499	1021.25375
615.0868302591509	1056.7518750000002
615.4363136471654	1086.78875
615.785749812136	1106.8133333333333
616.1351387459055	1045.829375
616.4844804403161	1046.7395833333333
616.8337748872108	1039.4579166666667
617.1830220784319	999.40875
617.5322220058221	1031.2660416666665
617.8813746612238	1080.4172916666666
618.2304800364799	1045.829375
618.5795381234328	983.9352083333333
618.9285489139249	1066.7641666666668
619.2775123997992	1070.405
619.6264285728979	1003.9597916666667
619.9752974250638	1016.7027083333334
620.3241189481392	1051.2906249999999
620.6728931339671	1048.56
621.0216199743898	1012.1516666666666
621.3702994612498	1026.715
621.71893158639	1028.5354166666666
622.0675163416527	1104.0827083333334
622.4160537188806	1029.445625
622.7645437099163	1032.1762500000002
623.1129863066024	1033.9966666666667
623.4613815007812	1072.2254166666667
623.8097292842956	1013.061875
624.1580296489882	989.3964583333333
624.5062825867013	1034.906875
624.8544880892778	1033.0864583333332
625.20264614856	1033.9966666666667
625.5507567563906	992.1270833333334
625.8988199046122	1021.2537499999999
626.2468355850674	1042.1885416666667
626.5948037895986	991.216875
626.9427245100487	990.3066666666667
627.2905977382602	1023.0741666666667
627.6384234660752	1035.8170833333334
627.9862016853368	1107.7235416666665
628.3339323878878	1046.7395833333333
628.6816155655699	975.7433333333333
629.0292512102264	1061.3029166666668
629.3768393136999	1284.3039583333332
629.7243798678326	1073.135625
630.071872864467	1155.9645833333334
630.4193182954463	1091.3397916666668
630.7667161526125	1014.8822916666667
631.1140664278083	1018.523125
631.4613691128765	1022.1639583333334
631.8086241996596	1011.2414583333334
632.1558316799999	1072.2254166666664
632.5029915457404	1020.3435416666667
632.8501037887233	1061.3029166666668
633.1971684007915	1039.4579166666665
633.5441853737874	974.8331250000001
633.8911546995539	972.1025
634.2380763699327	1057.6620833333334
634.5849503767676	1070.405
634.9317767119002	1005.7802083333335
635.2785553671735	1061.3029166666668
635.6252863344299	1072.225416666667
635.9719696055123	1014.8822916666667
636.318605172263	1018.523125
636.6651930265247	1062.213125
637.0117331601399	1070.405
637.3582255649512	1025.8047916666667
637.7046702328013	1096.8010416666666
638.0510671555326	1091.3397916666665
638.3974163249877	1044.008958333333
638.7437177330092	1001.2291666666666
639.08997137144	1534.61125
639.4361772321222	1062.213125
639.7823353068986	1022.1639583333332
640.1284455876117	1004.8699999999999
640.4745080661042	1023.0741666666667
640.8205227342187	1027.6252083333334
641.1664895837977	1010.3312499999998
641.5124086066837	983.025
641.8582797947192	983.9352083333333
642.2041031397473	1049.4702083333334
642.54987863361	1043.0987499999999
642.8956062681501	1039.4579166666667
643.2412860352101	1098.6214583333333
643.586917926633	1070.405
643.9325019342607	1013.061875
644.2780380499362	995.7679166666667
644.623526265502	995.7679166666667
644.9689665728008	1024.8945833333332
645.3143589636749	1031.2660416666668
645.6597034299672	1015.7925
646.00499996352	1107.7235416666665
646.3502485561759	1134.1195833333334
646.6954491997778	972.1025000000001
647.040601886168	1021.25375
647.385706607189	1029.445625
647.7307633546837	1016.7027083333334
648.0757721204944	1024.8945833333335
648.4207328964637	1016.7027083333332
648.7656456744345	1038.5477083333333
649.1105104462491	1010.3312500000001
649.4553272037499	997.5883333333335
649.8000959387799	1065.8539583333334
650.1448166431815	1104.0827083333334
650.4894893087971	1045.829375
650.8341139274694	999.4087499999999
651.1786904910413	994.8577083333333
651.5232189913548	1056.751875
651.867699420253	1007.600625
652.2121317695781	1002.1393749999999
652.5565160311729	1016.7027083333332
652.9008521968799	1033.0864583333334
653.2451402585418	1015.7925000000001
653.589380208001	1006.6904166666667
653.9335720371001	1051.2906249999999
654.2777157376819	1085.8785416666667
654.6218113015888	1056.751875
654.9658587206632	973.9229166666668
655.3098579867482	1115.0052083333333
655.6538090916857	1049.4702083333334
655.9977120273187	1013.9720833333334
656.34156678549	1023.984375
656.6853733580418	1058.5722916666666
657.0291317368166	1043.09875
657.3728419136573	1037.6375
657.7165038804063	1059.4825
658.0601176289063	951.1677083333334
658.4036831509995	1020.3435416666667
658.7472004385293	1032.17625
659.0906694833374	1057.6620833333334
659.4340902772667	1040.368125
659.77746281216	1036.7272916666668
660.1207870798596	1086.78875
660.4640630722082	1039.4579166666667
660.8072907810484	991.2168750000001
661.1504701982227	1073.1356250000001
661.4936013155738	1001.2291666666666
661.8366841249441	1010.3312500000001
662.1797186181763	1074.0458333333333
662.5227047871128	1050.3804166666666
662.8656426235966	1060.3927083333333
663.2085321194701	1033.9966666666667
663.5513732665754	979.3841666666666
663.8941660567558	952.0779166666667
664.2369104818536	981.2045833333333
664.5796065337111	1005.7802083333332
664.9222542041712	1046.7395833333333
665.2648534850765	1035.8170833333334
665.6074043682694	1096.8010416666666
665.9499068455925	1019.4333333333333
666.2923609088887	1001.2291666666666
666.63476655	1014.8822916666667
666.9771237607694	1047.6497916666667
667.3194325330395	1011.2414583333334
667.6616928586526	1043.0987499999999
668.0039047294514	1029.445625
668.3460681372787	1070.405
668.6881830739768	1051.2906249999999
669.0302495313884	1031.2660416666668
669.3722675013561	1165.976875
669.7142369757223	1071.3152083333332
670.0561579463299	1034.906875
670.3980304050212	1044.0089583333333
670.7398543436391	1034.906875
671.0816297540256	996.678125
671.4233566280238	1129.5685416666668
671.7650349574764	1015.7925
672.1066647342252	1024.8945833333335
672.4482459501136	1023.984375
672.7897785969838	1171.438125
673.1312626666784	1055.8416666666667
673.4726981510399	1033.9966666666667
673.8140850419113	1043.0987499999999
674.1554233311347	972.1025
674.4967130105528	1036.7272916666666
674.8379540720083	985.7556250000001
675.1791465073437	1071.3152083333334
675.5202903084016	1076.7764583333335
675.8613854670248	1009.4210416666666
676.2024319750553	1001.2291666666666
676.5434298243362	1038.5477083333333
676.88437900671	1047.6497916666665
677.2252795140191	1042.1885416666667
677.5661313381062	1052.2008333333333
677.9069344708139	969.3718750000002
678.2476889039847	1010.3312500000001
678.5883946294612	1027.6252083333331
678.9290516390861	996.678125
679.2696599247018	1042.1885416666667
679.6102194781508	1031.2660416666668
679.9507302912762	1002.1393749999999
680.29119235592	1035.8170833333334
680.631605663925	1024.8945833333335
680.9719702071338	1047.6497916666667
681.312285977389	1069.4947916666667
681.6525529665331	1031.2660416666665
681.9927711664087	1040.368125
682.3329405688585	1023.0741666666667
682.6730611657248	1031.2660416666665
683.0131329488505	1082.2377083333333
683.353155910078	1017.6129166666666
683.6931300412499	1086.78875
684.0330553342089	1003.0495833333334
684.3729317807973	1042.1885416666667
684.7127593728582	1038.5477083333333
685.0525381022335	1021.25375
685.3922679607663	1007.600625
685.7319489402989	1033.9966666666667
686.0715810326739	1019.4333333333334
686.4111642297341	1010.3312500000001
686.750698523322	1048.56
687.0901839052799	1024.8945833333335
687.4296203674508	966.64125
687.7690079016771	1031.2660416666668
688.1083464998012	1020.3435416666667
688.4476361536658	1037.6375
688.7868768551137	994.8577083333333
689.1260685959872	1024.8945833333332
689.465211368129	990.3066666666667
689.8043051633817	1115.0052083333333
690.1433499735879	1006.6904166666667
690.48234579059	1323.4429166666666
690.8212926062307	1182.360625
691.1601904123526	1017.6129166666666
691.4990392007982	1003.9597916666667
691.8378389634104	971.1922916666666
692.1765896920311	993.0372916666666
692.5152913785035	1033.9966666666667
692.8539440146701	1049.4702083333334
693.1925475923734	1091.3397916666665
693.5311021034557	1074.0458333333333
693.86960753976	1647.4770833333332
694.2080638931286	1121.3766666666666
694.5464711554041	1015.7925
694.8848293184293	1037.6375
695.2231383740468	1064.0335416666667
695.5613983140987	1036.7272916666666
695.899609130428	1031.2660416666668
696.2377708148773	1045.829375
696.5758833592889	1009.4210416666668
696.9139467555057	1034.906875
697.25196099537	1017.6129166666666
697.5899260707245	1068.5845833333333
697.9278419734118	1113.1847916666666
698.2657086952745	1018.5231249999998
698.603526228155	1096.8010416666666
698.9412945638961	1074.0458333333333
699.2790136943405	1047.6497916666667
699.6166836113304	1031.2660416666665
699.9543043067085	1083.1479166666668
700.2918757723176	1089.519375
700.629398	1046.7395833333333
700.9668709815984	1016.7027083333332
701.3042947089555	1008.5108333333334
701.6416691739137	1080.4172916666666
701.9789943683154	1084.9683333333332
702.3162702840036	1021.25375
702.6534969128209	1022.1639583333334
702.9906742466095	1065.8539583333334
703.3278022772121	1050.3804166666666
703.6648809964715	1041.2783333333334
704.00191039623	1007.600625
704.3388904683302	1050.3804166666666
704.6758212046151	997.5883333333333
705.0127025969267	1003.0495833333334
705.3495346371078	1010.3312499999998
705.6863173170012	1064.94375
706.0230506284493	1036.7272916666668
706.3597345632945	1009.4210416666666
706.6963691133798	1058.5722916666666
707.0329542705473	1011.2414583333333
707.3694900266399	1049.4702083333334
707.7059763735002	1025.8047916666667
708.0424133029707	1029.445625
708.3788008068938	1022.1639583333332
708.7151388771123	1093.1602083333335
709.0514275054688	1028.5354166666666
709.3876666838056	1102.2622916666667
709.7238564039657	1047.6497916666667
710.0599966577913	991.2168750000001
710.3960874371253	1032.17625
710.73212873381	1060.3927083333335
711.0681205396882	1203.2954166666666
711.4040628466022	8346.610416666668
711.7399556463948	1520.958125
712.0757989309087	1042.1885416666667
712.4115926919862	1069.4947916666667
712.7473369214699	1009.4210416666665
713.0830316112028	1027.6252083333331
713.418676753027	1061.3029166666665
713.7542723387851	1001.2291666666666
714.08981836032	993.9474999999999
714.425314809474	1063.1233333333334
714.7607616780898	1004.8699999999999
715.09615895801	997.5883333333333
715.4315066410772	993.0372916666665
715.7668047191336	988.4862499999999
716.1020531840225	1025.8047916666667
716.4372520275859	1001.2291666666666
716.7724012416666	1017.6129166666666
717.107500818107	1094.980625
717.44255074875	1043.0987499999999
717.777551025438	999.40875
718.1125016400134	978.4739583333334
718.4474025843191	1002.1393749999999
718.7822538501974	987.5760416666666
719.1170554294912	1032.1762500000002
719.4518073140429	1006.6904166666667
719.7865094956949	1028.5354166666666
720.1211619662901	1058.5722916666666
720.4557647176711	1031.2660416666668
720.7903177416799	1023.984375
721.1248210301598	1030.3558333333333
721.459274574953	1077.6866666666665
721.7936783679021	1020.3435416666666
722.1280324008497	993.0372916666666
722.4623366656388	1005.7802083333332
722.7965911541114	1064.9437500000001
723.13079585811	1154.1441666666667
723.4649507694777	1086.78875
723.7990558800569	1057.6620833333334
724.13311118169	1081.3275
724.4671166662197	1003.0495833333334
724.8010723254887	993.0372916666665
725.1349781513393	1029.445625
725.4688341356142	1038.5477083333333
725.8026402701563	997.5883333333333
726.1363965468076	1018.523125
726.4701029574111	1012.1516666666666
726.8037594938094	1019.4333333333334
727.1373661478447	1057.6620833333334
727.4709229113599	1046.7395833333333
727.8044297761977	957.5391666666668
728.1378867342002	998.4985416666667
728.4712937772103	1033.9966666666667
728.8046508970707	977.5637499999999
729.1379580856236	1010.3312499999998
729.4712153347119	996.678125
729.8044226361783	1028.5354166666666
730.137579981865	1041.2783333333334
730.4706873636146	1015.7925
730.80374477327	1059.4825
731.1367522026735	1019.4333333333334
731.4697096436678	990.3066666666667
731.8026170880954	1062.213125
732.1354745277993	1057.6620833333334
732.4682819546213	1052.2008333333333
732.8010393604045	1081.3275
733.1337467369915	1100.441875
733.4664040762245	1058.5722916666666
733.7990113699465	1014.8822916666667
734.1315686099999	1064.9437500000001
734.4640757882273	1066.7641666666666
734.7965328964714	1059.4825
735.1289399265746	1041.2783333333334
735.4612968703796	988.4862499999999
735.7936037197286	1114.095
736.1258604664649	1037.6375
736.4580671024305	1015.7925
736.7902236194681	1048.56
737.1223300094205	972.1025
737.45438626413	965.7310416666666
737.7863923754393	985.7556249999999
738.118348335191	1037.6375
738.4502541352277	995.7679166666667
738.7821097673918	1021.25375
739.1139152235262	1033.9966666666667
739.4456704954733	1043.0987499999999
739.7773755750756	1005.7802083333332
740.1090304541757	1003.0495833333334
740.4406351246164	1014.8822916666667
740.7721895782399	1082.2377083333333
741.1036938068892	1078.596875
741.4351478024066	981.2045833333333
741.7665515566348	1044.0089583333333
742.0979050614163	1102.2622916666667
742.4292083085937	1060.3927083333335
742.7604612900096	1082.2377083333333
743.0916639975067	1084.058125
743.4228164229273	1060.3927083333335
743.7539185581142	1027.6252083333331
744.0849703949099	1030.3558333333333
744.4159719251571	1076.7764583333333
744.7469231406983	1023.0741666666667
745.0778240333758	1053.1110416666668
745.4086745950326	978.4739583333334
745.7394748175113	1075.86625
746.0702246926539	1005.7802083333335
746.4009242123037	1036.7272916666668
746.731573368303	1055.8416666666667
747.0621721524942	997.5883333333335
747.39272055672	957.5391666666668
747.723218572823	1042.1885416666667
748.0536661926458	1070.405
748.384063408031	1008.5108333333333
748.7144102108211	1055.841666666667
749.0447065928587	1071.3152083333334
749.3749525459865	1033.0864583333332
749.7051480620469	1023.984375
750.0352931328825	1020.3435416666666
750.365387750336	1024.8945833333335
750.6954319062501	991.2168750000001
751.025425592467	1017.6129166666666
751.3553688008293	1029.445625
751.6852615231801	1002.1393750000001
752.0151037513616	1115.0052083333333
752.3448954772161	1084.9683333333335
752.6746366925869	1059.4825
753.004327389316	1104.9929166666668
753.333967559246	1247.8956249999999
753.66355719422	1058.5722916666666
753.99309628608	1060.392708333333
754.3225848266688	1070.405
754.652022807829	1031.2660416666668
754.9814102214033	1033.0864583333332
755.3107470592339	1032.17625
755.6400333131637	1068.5845833333333
755.9692689750353	1046.7395833333333
756.298454036691	1019.4333333333334
756.6275884899737	1056.751875
756.9566723267259	1030.3558333333333
757.28570553879	1032.1762500000002
757.6146881180086	1075.86625
757.9436200562246	993.0372916666666
758.2725013452803	1036.7272916666668
758.6013319770183	1111.3643749999999
758.9301119432813	1030.3558333333333
759.2588412359117	1054.9314583333335
759.5875198467521	1013.061875
759.9161477676453	1063.1233333333332
760.2447249904338	1032.17625
760.5732515069599	1006.6904166666667
760.9017273090666	1068.5845833333333
761.2301523885964	1094.980625
761.5585267373914	1043.0987499999999
761.8868503472946	1053.1110416666668
762.2151232101487	1060.3927083333333
762.5433453177961	1059.4825
762.8715166620792	1062.213125
763.1996372348409	991.2168750000001
763.5277070279236	1108.63375
763.85572603317	1065.8539583333334
764.1836942424226	1040.368125
764.5116116475239	1051.2906249999999
764.8394782403163	1064.0335416666667
765.1672940126431	983.9352083333333
765.4950589563462	1002.1393750000001
765.8227730632684	1023.0741666666667
766.1504363252524	999.4087499999999
766.4780487341407	1034.906875
766.8056102817754	1052.2008333333333
767.13312096	1078.596875
767.4605807606565	1000.3189583333333
767.7879896755875	1046.7395833333333
768.1153476966355	1069.4947916666667
768.4426548156436	1049.4702083333334
768.7699110244537	1053.1110416666668
769.0971163149088	1119.5562499999999
769.4242706788516	1012.1516666666666
769.7513741081242	1034.906875
770.0784265945695	1048.56
770.40542813003	1082.2377083333333
770.7323787063482	1034.906875
771.059278315367	1042.1885416666667
771.3861269489287	1094.0704166666667
771.7129245988758	1055.8416666666667
772.0396712570512	1059.4825
772.3663669152974	1045.829375
772.6930115654565	1074.0458333333333
773.0196051993717	1050.3804166666666
773.3461478088853	1082.2377083333333
773.6726393858401	1031.2660416666665
773.9990799220781	1044.9191666666668
774.3254694094426	1044.008958333333
774.6518078397759	1125.0175
774.9780952049204	1005.7802083333332
775.3043314967188	1063.1233333333332
775.6305167070137	1074.9560416666666
775.9566508276476	1083.1479166666668
776.2827338504633	1045.829375
776.6087657673032	1065.8539583333334
776.93474657001	1040.3681250000002
777.2606762504261	1024.8945833333335
777.5865548003943	1005.7802083333335
777.9123822117568	1052.2008333333333
778.2381584763566	1046.7395833333333
778.5638835860362	1066.7641666666666
778.889557532638	1017.6129166666666
779.2151803080047	1023.984375
779.540751903979	1116.8256250000002
779.8662723124031	1012.1516666666666
780.1917415251199	1005.7802083333335
780.5171595339721	1046.7395833333333
780.8425263308019	1079.5070833333334
781.1678419074518	1116.825625
781.493106255765	1041.2783333333334
781.8183193675837	1065.8539583333334
782.1434812347505	1049.4702083333334
782.4685918491078	1063.1233333333334
782.7936512024986	1038.5477083333333
783.118659286765	1010.3312499999998
783.4436160937499	1091.3397916666665
783.768521615296	1021.25375
784.0933758432454	1175.9891666666665
784.418178769441	1059.4825
784.7429303857256	1050.3804166666666
785.0676306839412	1019.4333333333334
785.3922796559308	1038.5477083333333
785.716877293537	1017.6129166666666
786.0414235886021	1084.0581249999998
786.3659185329689	1080.4172916666666
786.69036211848	1072.2254166666667
787.0147543369778	1132.2991666666667
787.339095180305	1101.3520833333334
787.6633846403042	1053.1110416666668
787.987622708818	1087.6989583333334
788.3118093776886	1060.392708333333
788.6359446387593	1118.6460416666669
788.9600284838722	1039.4579166666665
789.2840609048698	1075.86625
789.6080418935949	1097.71125
789.93197144189	1028.5354166666666
790.2558495415977	1036.7272916666668
790.5796761845605	1047.6497916666667
790.9034513626214	1083.1479166666668
791.2271750676223	1125.0175
791.5508472914062	1108.63375
791.8744680258158	1037.6374999999998
792.1980372626931	1047.6497916666667
792.5215549938813	1074.9560416666666
792.8450212112227	1183.2708333333333
793.16843590656	1099.5316666666665
793.4917990717355	1050.3804166666666
793.8151106985922	1102.2622916666667
794.1383707789723	1047.6497916666667
794.4615793047186	1056.751875
794.7847362676737	1115.9154166666667
795.1078416596802	1094.0704166666667
795.4308954725801	1069.4947916666667
795.7538976982169	1105.903125
796.0768483284327	1650.2077083333334
796.3997473550701	1206.0260416666667
796.7225947699715	1067.6743749999998
797.0453905649798	1062.213125
797.3681347319375	1030.3558333333333
797.690827262687	1033.0864583333334
798.0134681490712	1029.445625
798.3360573829325	1091.3397916666665
798.6585949561133	1054.02125
798.9810808604566	1101.3520833333334
799.3035150878045	1064.9437500000001
799.6258976299999	1152.3237500000002
799.9482284788854	1118.6460416666666
800.2705076263034	1186.9116666666669
800.5927350640966	1113.1847916666668
800.9149107841075	1074.9560416666666
801.2370347781787	1146.8625
801.5591070381528	1051.2906249999999
801.8811275558725	1032.1762499999998
802.2030963231803	1070.405
802.5250133319183	1083.1479166666666
802.84687857393	1050.3804166666666
803.1686920410574	1082.2377083333333
803.4904537251431	1064.9437500000001
803.8121636180297	1110.4541666666667
804.13382171156	1082.2377083333333
804.4554279975763	987.5760416666666
804.7769824679212	1047.6497916666667
805.0984851144376	1083.1479166666666
805.4199359289677	1034.906875
805.7413349033543	1065.8539583333334
806.06268202944	1066.7641666666666
806.3839772990672	1060.3927083333335
806.7052207040786	1344.3777083333334
807.0264122363169	1091.3397916666665
807.3475518876243	1054.9314583333332
807.6686396498436	1095.8908333333334
807.9896755148177	1031.2660416666668
808.3106594743887	1118.6460416666666
808.6315915203992	1142.3114583333333
808.9524716446922	1044.008958333333
809.2732998391101	1055.841666666667
809.594076095495	1050.3804166666666
809.9148004056901	1047.6497916666667
810.235472761538	1061.3029166666665
810.5560931548807	1064.9437500000001
810.8766615775612	1089.519375
811.1971780214221	997.5883333333333
811.5176424783058	1064.9437500000001
811.8380549400548	1051.2906249999999
812.1584153985121	1085.8785416666667
812.4787238455199	1082.2377083333333
812.7989802729209	1050.3804166666666
813.1191846725578	1062.213125
813.4393370362732	1054.9314583333332
813.759437355909	1081.3275
814.0794856233088	1082.2377083333333
814.3994818303146	1032.17625
814.7194259687689	1025.8047916666667
815.0393180305146	1060.3927083333335
815.3591580073941	1077.6866666666665
815.6789458912499	1104.9929166666668
815.9986816739249	1053.1110416666668
816.3183653472614	1051.2906249999999
816.637996903102	1048.5600000000002
816.9575763332895	1101.3520833333332
817.2771036296664	1171.438125
817.5965787840748	1037.6375
817.9160017883579	1125.9277083333334
818.2353726343582	1063.1233333333332
818.5546913139178	1044.0089583333333
818.87395781888	1027.6252083333334
819.1931721410868	1044.9191666666668
819.5123342723809	1150.5033333333333
819.8314442046052	1064.033541666667
820.1505019296019	1086.78875
820.4695074392138	1070.405
820.7884607252832	1040.368125
821.107361779653	1090.4295833333335
821.4262105941658	1064.0335416666667
821.7450071606638	1017.6129166666666
822.0637514709899	1100.441875
822.3824435169868	1113.1847916666666
822.7010832904965	1075.86625
823.0196707833622	1272.4712500000003
823.3382059874264	1088.6091666666666
823.6566888945312	1009.4210416666666
823.9751194965196	1054.9314583333332
824.2934977852343	1033.0864583333332
824.6118237525172	1020.3435416666667
824.9300973902117	1033.0864583333334
825.24831869016	1045.829375
825.5664876442045	1072.225416666667
825.8846042441882	1106.8133333333333
826.2026684819534	1020.3435416666667
826.5206803493426	1062.213125
826.8386398381987	1083.1479166666666
827.156546940364	1087.6989583333332
827.4744016476814	1011.2414583333333
827.7922039519929	1133.2093750000001
828.1099538451416	1412.6433333333334
828.42765131897	1036.7272916666666
828.7452963653204	1023.984375
829.0628889760359	1017.6129166666666
829.3804291429586	1017.6129166666666
829.697916857931	1072.225416666667
830.0153521127962	1033.0864583333334
830.3327348993965	1024.8945833333335
830.6500652095742	1018.523125
830.9673430351726	1059.4824999999998
831.2845683680337	1080.4172916666666
831.6017411999999	1067.6743749999998
831.9188615229143	1116.8256250000002
832.2359293286195	1127.748125
832.5529446089574	1084.0581249999998
832.8699073557715	1083.1479166666666
833.1868175609037	1084.9683333333332
833.5036752161967	1013.9720833333334
833.8204803134935	1095.8908333333334
834.1372328446362	1047.6497916666665
834.4539328014675	1059.4825
834.7705801758299	1059.4824999999998
835.0871749595664	1014.8822916666667
835.4037171445192	1062.213125
835.7202067225306	1025.8047916666667
836.0366436854439	1046.7395833333333
836.3530280251014	1033.9966666666667
836.6693597333452	1093.1602083333335
836.9856388020186	1117.7358333333334
837.3018652229639	1125.0175
837.6180389880233	1064.0335416666667
837.9341600890399	1041.2783333333334
838.2502285178563	1006.6904166666667
838.5662442663146	1077.6866666666667
838.8822073262578	1065.8539583333334
839.1981176895283	1029.445625
839.5139753479687	987.5760416666667
839.8297802934217	1043.0987499999999
840.1455325177297	1030.3558333333333
840.4612320127352	1052.2008333333333
840.7768787702812	1074.0458333333333
841.0924727822099	1094.0704166666667
841.4080140403643	1019.4333333333334
841.7235025365862	1079.5070833333332
842.038938262719	1109.5439583333334
842.3543212106048	1056.751875
842.6696513720862	1056.7518750000002
842.9849287390061	1202.3852083333334
843.3001533032069	1053.1110416666668
843.6153250565309	1063.1233333333334
843.9304439908211	1061.3029166666668
844.24551009792	1043.0987499999999
844.5605233696699	1062.213125
844.8754837979137	1001.2291666666666
845.190391374494	1027.6252083333334
845.5052460912531	1078.596875
845.8200479400336	1052.2008333333333
846.1347969126784	1279.7529166666666
846.4494930010297	1043.09875
846.7641361969305	1100.4418749999998
847.0787264922232	1140.4910416666664
847.3932638787498	1151.4135416666668
847.7077483483539	1024.8945833333335
848.0221798928775	1033.0864583333332
848.3365585041632	1101.3520833333334
848.6508841740534	1046.7395833333333
848.9651568943913	1021.2537500000002
849.2793766570189	1515.496875
849.5935434537789	1171.438125
849.9076572765141	1047.6497916666667
850.221718117067	1039.4579166666665
850.5357259672799	1058.5722916666666
850.8496808189958	1052.2008333333333
851.1635826640571	1066.7641666666666
851.4774314943061	1092.25
851.7912273015859	1073.1356250000001
852.1049700777388	1049.4702083333334
852.4186598146072	1127.7481249999998
852.732296504034	1009.4210416666668
853.0458801378618	1030.3558333333333
853.3594107079327	1025.8047916666667
853.67288820609	1072.2254166666667
853.9863126241758	1022.1639583333332
854.2996839540325	1017.6129166666666
854.6130021875033	1015.7924999999999
854.9262673164303	1084.9683333333332
855.2394793326564	1025.8047916666667
855.5526382280236	1061.3029166666665
855.8657439943752	1028.5354166666666
856.1787966235535	1016.7027083333332
856.4917961074007	1033.9966666666667
856.80474243776	1038.5477083333333
857.1176356064736	1064.9437500000001
857.4304756053841	1134.1195833333334
857.7432624263345	1073.135625
858.0559960611668	1091.3397916666665
858.3686765017236	1003.0495833333334
858.681303739848	1067.6743749999998
858.9938777673823	1024.8945833333335
859.3063985761688	1183.2708333333333
859.6188661580505	1035.8170833333334
859.93128050487	1083.1479166666666
860.2436416084694	1014.8822916666668
860.5559494606917	1066.7641666666666
860.8682040533795	1044.0089583333336
861.1804053783749	1067.6743749999998
861.4925534275212	1026.715
861.8046481926605	1027.6252083333334
862.1166896656355	1048.5600000000002
862.4286778382884	1020.3435416666667
862.7406127024626	1004.87
863.0524942500001	1016.7027083333334
863.3643224727433	1076.7764583333335
863.6760973625354	1095.8908333333336
863.9878189112187	997.5883333333333
864.2994871106355	1013.061875
864.6111019526287	1100.441875
864.9226634290409	990.3066666666667
865.2341715317144	1142.3114583333333
865.5456262524921	1082.2377083333333
865.8570275832164	1110.4541666666667
866.1683755157298	1025.8047916666667
866.4796700418752	1013.9720833333334
866.7909111534951	1035.8170833333334
867.1020988424316	1028.5354166666666
867.4132331005279	1031.2660416666668
867.7243139196262	1034.906875
868.0353412915691	1037.6375
868.3463152081995	1127.748125
868.6572356613597	1039.4579166666665
868.9681026428924	1079.5070833333332
869.2789161446399	1017.6129166666666
869.5896761584452	1027.6252083333331
869.9003826761507	991.2168750000001
870.2110356895988	1023.0741666666667
870.5216351906323	1023.984375
870.8321811710938	1085.8785416666667
871.1426736228256	1017.6129166666666
871.4531125376707	1021.25375
871.7634979074714	1027.6252083333334
872.0738297240702	1033.0864583333334
872.38410797931	1059.4825
872.6943326650331	1008.5108333333333
873.0045037730821	990.3066666666667
873.3146212952998	981.2045833333333
873.6246852235287	992.1270833333333
873.9346955496112	984.8454166666667
874.24465226539	1025.8047916666667
874.5545553627078	1184.1810416666667
874.8644048334069	1101.3520833333332
875.17420066933	1002.1393750000001
875.48394286232	1040.368125
875.793631404219	1056.751875
876.1032662868698	1196.01375
876.4128475021149	1055.8416666666667
876.7223750417972	1040.368125
877.0318488977587	1066.7641666666666
877.3412690618425	1055.841666666667
877.650635525891	1013.9720833333334
877.9599482817465	1078.5968750000002
878.269207321252	1003.9597916666667
878.57841263625	1019.4333333333334
878.8875642185828	1036.7272916666668
879.1966620600934	1019.4333333333334
879.5057061526242	1035.8170833333334
879.8146964880174	1003.0495833333334
880.1236330581162	1095.8908333333334
880.4325158547629	1065.8539583333334
880.7413448697998	1090.4295833333333
881.05012009507	1064.94375
881.358841522416	1028.5354166666666
881.6675091436798	1048.5600000000002
881.9761229507047	1016.7027083333332
882.2846829353331	979.3841666666667
882.5931890894074	1045.829375
882.9016414047699	985.7556250000001
883.2100398732638	1041.2783333333334
883.5183844867314	1024.8945833333335
883.826675237015	1029.445625
884.1349121159577	1069.4947916666667
884.4430951154019	1147.7727083333332
884.7512242271898	1016.7027083333332
885.0592994431647	1021.2537499999999
885.3673207551687	1059.4825
885.6752881550442	1024.8945833333335
885.9832016346343	992.1270833333333
886.2910611857814	1038.5477083333333
886.5988668003275	1025.8047916666667
886.9066184701161	1070.405
887.2143161869893	1013.9720833333332
887.5219599427896	1024.8945833333332
887.82954972936	1041.2783333333334
888.1370855385427	1062.213125
888.4445673621801	983.9352083333333
888.7519951921154	1040.368125
889.0593690201907	1059.4825
889.3666888382488	1004.87
889.673954638132	1040.3681249999997
889.9811664116833	1043.09875
890.288324150745	1013.9720833333334
890.5954278471595	1013.9720833333332
890.90247749277	1049.4702083333334
891.2094730794186	1092.25
891.5164145989478	1043.0987499999999
891.8233020432004	1063.1233333333332
892.1301354040191	1104.0827083333334
892.4369146732461	1075.8662500000003
892.7436398427244	1015.7925
893.0503109042965	1073.135625
893.3569278498044	996.678125
893.6634906710915	1053.1110416666666
893.96999936	1028.5354166666668
894.2764539083722	1179.63
894.5828543080514	1070.405
894.8892005508795	1053.1110416666668
895.1954926286993	997.5883333333333
895.5017305333536	1193.283125
895.8079142566849	1039.4579166666667
896.1140437905356	1013.9720833333332
896.4201191267481	1053.1110416666668
896.7261402571654	990.3066666666667
897.03210717363	1006.6904166666667
897.3380198679843	1079.5070833333334
897.643878332071	1068.5845833333333
897.9496825577328	1167.7972916666668
898.2554325368118	1049.4702083333334
898.5611282611512	1055.8416666666667
898.8667697225933	1070.405
899.1723569129805	999.4087499999999
899.4778898241558	1005.7802083333332
899.7833684479614	1101.3520833333332
900.0887927762399	1027.6252083333331
900.3941628008342	1033.0864583333334
900.6994785135867	1032.1762500000002
901.0047399063398	1090.4295833333333
901.3099469709363	1185.09125
901.6150996992188	1081.3275
901.9201980830295	1023.984375
902.2252421142116	1293.4060416666666
902.5302317846073	1044.9191666666668
902.8351670860594	1036.7272916666668
903.1400480104098	1038.5477083333333
903.4448745495021	1027.6252083333331
903.7496466951783	1129.5685416666668
904.0543644392808	1059.4825
904.3590277736527	1002.1393750000001
904.6636366901363	994.8577083333333
904.968191180574	1027.6252083333331
905.2726912368087	1077.6866666666667
905.5771368506829	1048.5600000000002
905.8815280140391	1055.8416666666667
906.18586471872	1069.4947916666667
906.490146956568	1017.6129166666668
906.7943747194257	1093.1602083333335
907.0985479991359	1132.2991666666667
907.4026667875411	1119.5562499999999
907.7067310764836	981.2045833333333
908.0107408578065	1033.0864583333334
908.3146961233518	1064.9437500000001
908.6185968649625	1033.9966666666667
908.9224430744811	1102.2622916666667
909.2262347437501	1087.6989583333334
909.529971864612	1029.445625
909.8336544289094	2392.0274999999997
910.137282428485	1096.8010416666666
910.4408558551816	974.833125
910.7443747008411	1013.061875
911.0478389573069	1132.2991666666667
911.351248616421	1152.32375
911.6546036700261	1091.3397916666665
911.9579041099649	1026.715
912.26114992808	1021.25375
912.5643411162137	1154.1441666666667
912.867477666209	1118.6460416666666
913.1705595699083	1032.17625
913.4735868191539	1023.0741666666667
913.7765594057887	1022.1639583333334
914.0794773216553	1053.1110416666666
914.382340558596	1040.368125
914.6851491084537	1155.054375
914.9879029630708	1025.8047916666667
915.2906021142899	1071.3152083333332
915.5932465539537	1033.0864583333332
915.8958362739046	1003.9597916666667
916.1983712659853	1003.0495833333333
916.5008515220383	1048.56
916.8032770339062	1042.1885416666667
917.1056477934318	1003.9597916666667
917.407963792457	1119.5562499999999
917.7102250228253	1032.1762499999998
918.0124314763789	1034.906875
918.3145831449599	1032.17625
918.6166800204115	1052.2008333333333
918.9187220945763	1046.7395833333333
919.2207093592963	1261.54875
919.5226418064146	1006.6904166666667
919.8245194277738	1014.8822916666667
920.1263422152159	998.4985416666667
920.4281101605843	1017.6129166666666
920.7298232557209	992.1270833333334
921.0314814924685	1022.1639583333332
921.3330848626699	1062.2131250000002
921.6346333581675	1075.86625
921.9361269708037	1014.8822916666667
922.2375656924214	980.294375
922.538949514863	1041.2783333333334
922.8402784299712	1092.25
923.1415524295884	1098.6214583333333
923.4427715055573	1072.2254166666667
923.7439356497206	993.9474999999999
924.0450448539206	1043.0987499999999
924.34609911	1015.7924999999999
924.6470984098015	1054.02125
924.9480427451673	1025.8047916666667
925.2489321079405	1054.9314583333332
925.5497664899635	1046.7395833333333
925.8505458830786	1041.2783333333334
926.1512702791289	991.2168750000001
926.4519396699565	985.7556249999999
926.752554047404	1015.7925
927.0531134033143	989.3964583333333
927.35361772953	978.4739583333334
927.6540670178932	1028.5354166666668
927.9544612602471	1057.6620833333334
928.2548004484337	1017.6129166666666
928.5550845742961	1034.9068750000001
928.8553136296762	1044.008958333333
929.1554876064173	1013.061875
929.4556064963617	1077.6866666666667
929.7556702913517	1064.0335416666667
930.0556789832303	1099.5316666666668
930.35563256384	1019.4333333333334
930.6555310250232	1082.2377083333333
930.9553743586226	1072.2254166666667
931.2551625564809	1068.5845833333333
931.5548956104402	1056.7518750000002
931.8545735123437	1001.2291666666666
932.1541962540336	1027.6252083333334
932.4537638273525	1018.523125
932.7532762241433	1044.008958333333
933.0527334362483	1039.4579166666665
933.3521354555098	1005.7802083333332
933.6514822737711	1064.0335416666667
933.9507738828743	1067.674375
934.2500102746618	1063.1233333333332
934.5491914409766	1040.368125
934.8483173736612	1077.6866666666667
935.1473880645581	1018.523125
935.4464035055097	1007.600625
935.745363688359	1023.0741666666667
936.0442686049482	1027.6252083333331
936.3431182471198	979.3841666666667
936.641912606717	999.40875
936.9406516755819	1009.4210416666666
937.239335445557	1015.7924999999999
937.537963908485	1029.445625
937.8365370562088	1074.0458333333333
938.1350548805704	1003.9597916666667
938.4335173734129	1011.2414583333333
938.7319245265786	1013.061875
939.0302763319099	1027.6252083333334
939.3285727812499	1026.715
939.626813866441	950.2575
939.9249995793253	1018.523125
940.223129911746	987.5760416666666
940.5212048555455	997.5883333333333
940.8192244025662	1032.1762500000002
941.1171885446508	1003.9597916666665
941.415097273642	1022.1639583333334
941.7129505813822	1001.2291666666666
942.0107484597139	1054.9314583333335
942.30849090048	1052.2008333333333
942.6061778955228	1012.1516666666666
942.9038094366849	1118.6460416666666
943.2013855158092	1175.9891666666665
943.4989061247379	966.64125
943.7963712553136	1003.9597916666667
944.0937808993792	1014.8822916666664
944.3911350487772	991.2168750000001
944.6884336953495	1091.3397916666665
944.9856768309398	1125.0175
945.28286444739	1088.6091666666664
945.5799965365427	1115.9154166666667
945.8770730902406	1039.4579166666665
946.1740941003263	1086.78875
946.4710595586421	1058.5722916666666
946.7679694570312	1051.2906249999999
947.0648237873357	946.6166666666668
947.3616225413981	1023.0741666666667
947.6583657110614	1027.6252083333334
947.9550532881678	1060.3927083333335
948.25168526456	1094.0704166666667
948.5482616320805	1044.9191666666666
948.8447823825722	1070.405
949.1412475078774	1030.3558333333333
949.4376569998386	997.5883333333335
949.7340108502987	994.8577083333333
950.0303090511001	972.1025
950.3265515940852	1085.8785416666667
950.6227384710969	983.9352083333333
950.9188696739777	1061.3029166666668
951.2149451945699	1077.6866666666667
951.5109650247166	1016.7027083333332
951.8069291562598	985.7556250000001
952.1028375810424	1032.1762500000002
952.3986902909071	1083.1479166666666
952.6944872776962	1055.841666666667
952.9902285332523	1037.6375
953.2859140494182	1047.6497916666667
953.5815438180365	1013.9720833333334
953.8771178309494	1131.3889583333332
954.1726360799998	1007.600625
954.4680985570304	1004.87
954.7635052538835	986.6658333333334
955.0588561624015	999.40875
955.3541512744275	967.5514583333334
955.6493905818038	1001.2291666666666
955.9445740763729	1056.751875
956.2397017499775	1022.1639583333332
956.5347735944603	1082.2377083333333
956.8297896016634	999.4087499999999
957.1247497634299	998.4985416666668
957.4196540716023	1038.5477083333335
957.7145025180229	1044.0089583333333
958.0092950945348	986.6658333333334
958.3040317929799	1003.0495833333334
958.5987126052012	1054.0212499999998
958.8933375230413	1256.9977083333333
959.1879065383425	1064.9437500000001
959.4824196429477	1069.4947916666667
959.7768768286993	998.4985416666665
960.07127808744	1084.9683333333335
960.3656234110122	1064.0335416666667
960.6599127912586	981.2045833333333
960.9541462200218	1027.6252083333334
961.2483236891444	1052.2008333333333
961.5424451904687	1043.0987499999999
961.8365107158377	1026.715
962.1305202570937	1054.02125
962.4244738060793	1071.3152083333334
962.7183713546373	996.678125
963.01221289461	1048.56
963.3059984178401	988.4862499999999
963.5997279161703	1023.984375
963.893401381443	1057.6620833333334
964.1870188055007	1084.9683333333332
964.4805801801863	1023.984375
964.7740854973422	1045.829375
965.0675347488107	1021.25375
965.3609279264349	1042.1885416666667
965.6542650220572	1027.6252083333331
965.9475460275199	1027.6252083333331
966.240770934666	1009.4210416666666
966.5339397353379	1047.6497916666665
966.8270524213779	976.6535416666666
967.120108984629	996.678125
967.4131094169337	1020.3435416666666
967.7060537101345	1027.6252083333331
967.9989418560739	1018.523125
968.2917738465945	1081.3275
968.5845496735391	1067.6743749999998
968.8772693287499	1021.2537500000002
969.16993280407	1010.3312500000001
969.4625400913416	985.7556250000001
969.755091182407	1021.2537499999999
970.0475860691095	1131.3889583333332
970.3400247432913	1054.9314583333332
970.6324071967948	1153.2339583333335
970.924733421463	980.2943750000001
971.2170034091381	1012.1516666666666
971.5092171516628	1021.25375
971.80137464088	1265.1895833333335
972.0934758686318	986.6658333333334
972.385520826761	1064.0335416666667
972.6775095071101	993.9474999999999
972.9694419015219	1036.7272916666668
973.2613180018386	1017.6129166666666
973.5531377999032	997.5883333333335
973.8449012875581	1035.8170833333334
974.1366084566458	988.4862499999999
974.4282592990087	1046.7395833333333
974.71985380649	1001.2291666666666
975.0113919709318	1031.2660416666668
975.3028737841765	1003.0495833333333
975.5942992380673	971.1922916666666
975.8856683244463	1020.3435416666667
976.1769810351561	993.0372916666665
976.4682373620396	1044.008958333333
976.7594372969393	1013.9720833333334
977.0505808316972	991.2168750000001
977.3416679581567	1102.2622916666667
977.6326986681601	1059.4825
977.9236729535495	1032.17625
978.2145908061682	1009.4210416666666
978.5054522178584	1339.8266666666668
978.7962571804626	1029.445625
979.0870056858237	1064.9437500000001
979.3776977257842	1096.8010416666666
979.6683332921862	1048.5600000000002
979.9589123768728	1101.3520833333334
980.2494349716867	1061.3029166666665
980.53990106847	1056.751875
980.8303106590655	1021.25375
981.1206637353158	1036.7272916666668
981.4109602890635	988.4862499999999
981.7012003121511	1017.6129166666666
981.9913837964212	1070.405
982.2815107337166	1091.3397916666665
982.5715811158793	1044.0089583333333
982.8615949347526	1009.4210416666666
983.1515521821785	999.40875
983.4414528499998	1020.3435416666666
983.7312969300594	1064.9437500000001
984.0210844141994	1084.9683333333332
984.3108152942625	1079.5070833333332
984.6004895620915	1040.368125
984.8901072095288	1006.6904166666667
985.1796682284167	1012.1516666666666
985.4691726105984	1071.3152083333332
985.7586203479162	1103.1725
986.0480114322123	1017.6129166666668
986.33734585533	1022.1639583333332
986.6266236091113	980.294375
986.9158446853992	1147.7727083333334
987.2050090760357	1021.2537499999999
987.4941167728639	1036.7272916666666
987.7831677677262	954.8085416666667
988.0721620524652	1026.7150000000001
988.3610996189235	995.7679166666667
988.6499804589438	1077.6866666666667
988.9388045643683	1001.2291666666666
989.2275719270399	968.4616666666667
989.5162825388013	1031.2660416666665
989.8049363914945	996.6781249999999
990.0935334769628	1025.8047916666667
990.3820737870484	1037.6375
990.6705573135936	1017.6129166666668
990.9589840484416	1048.5600000000002
991.2473539834347	1071.3152083333334
991.5356671104153	1137.7604166666667
991.8239234212261	1033.9966666666667
992.1121229077099	1021.25375
992.400265561709	1019.4333333333333
992.6883513750662	1007.600625
992.9763803396239	1000.3189583333333
993.2643524472247	1083.1479166666666
993.5522676897112	1033.9966666666667
993.8401260589261	1054.9314583333332
994.1279275467119	1064.9437500000001
994.4156721449109	1039.4579166666667
994.7033598453662	1076.7764583333333
994.99099063992	1074.0458333333333
995.2785645204149	1044.0089583333333
995.5660814786938	1045.829375
995.853541506599	1051.290625
996.140944595973	1044.0089583333333
996.4282907386587	1090.4295833333335
996.7155799264985	969.3718749999999
997.0028121513348	1099.5316666666668
997.2899874050105	1020.3435416666666
997.5771056793681	1013.061875
997.8641669662499	975.7433333333333
998.1511712574988	1041.2783333333334
998.4381185449574	1010.3312500000001
998.725008820468	1106.8133333333335
999.0118420758735	1022.1639583333332
999.2986183030163	983.9352083333333
999.585337493739	1037.6375
999.8719996398839	1036.7272916666668
1000.158604733294	993.0372916666666
1000.445152765812	1144.131875
1000.7316437292799	1002.1393750000001
1001.0180776155407	1072.2254166666667
1001.3044544164371	998.4985416666667
1001.5907741238111	1106.8133333333335
1001.8770367295059	1180.540208333333
1002.1632422253638	1054.9314583333332
1002.4493906032271	1034.9068750000001
1002.735481854939	993.0372916666666
1003.0215159723417	1076.7764583333335
1003.3074929472778	973.9229166666665
1003.59341277159	1040.368125
1003.8792754371208	1088.6091666666669
1004.1650809357126	1024.8945833333335
1004.4508292592081	1067.6743749999998
1004.7365203994503	1060.3927083333333
1005.0221543482811	1019.4333333333334
1005.3077310975436	1037.6375
1005.5932506390802	1044.0089583333333
1005.8787129647335	996.678125
1006.1641180663456	1056.7518750000002
1006.4494659357599	1017.6129166666666
1006.7347565648188	1031.2660416666668
1007.0199899453642	1163.24625
1007.3051660692394	1018.523125
1007.5902849282868	1025.8047916666667
1007.8753465143486	993.0372916666666
1008.160350819268	1096.8010416666666
1008.4452978348874	1076.7764583333335
1008.7301875530488	1089.519375
1009.0150199655957	1049.4702083333334
1009.2997950643701	979.3841666666667
1009.5845128412144	997.5883333333335
1009.8691732879718	1007.600625
1010.1537763964845	1022.1639583333332
1010.4383221585949	1048.5600000000002
1010.7228105661462	1023.0741666666667
1011.0072416109805	1027.6252083333334
1011.2916152849402	1017.6129166666668
1011.5759315798686	1030.3558333333333
1011.8601904876076	976.6535416666667
1012.144392	1041.2783333333334
1012.4285361088884	1027.6252083333331
1012.7126228061155	1027.6252083333334
1012.9966520835236	1124.1072916666665
1013.2806239329553	995.7679166666667
1013.5645383462538	957.5391666666668
1013.8483953152609	1005.7802083333335
1014.1321948318193	1005.7802083333332
1014.4159368877722	1033.0864583333334
1014.6996214749615	1042.1885416666667
1014.98324858523	1056.7518750000002
1015.2668182104202	1007.600625
1015.5503303423751	1070.405
1015.8337849729367	1026.715
1016.1171820939478	1042.1885416666667
1016.4005216972512	1050.3804166666666
1016.6838037746892	1031.2660416666668
1016.9670283181047	1034.906875
1017.2501953193398	1082.2377083333333
1017.5333047702371	1001.2291666666666
1017.81635666264	1070.405
1018.0993509883903	1049.4702083333334
1018.3822877393309	1012.1516666666666
1018.6651669073037	1016.7027083333332
1018.9479884841523	1016.7027083333332
1019.2307524617187	1049.4702083333334
1019.5134588318456	1044.9191666666666
1019.7961075863757	1019.4333333333334
1020.0786987171514	998.4985416666667
1020.3612322160153	1051.290625
1020.6437080748101	1044.9191666666666
1020.9261262853781	1018.523125
1021.208486839562	1072.2254166666667
1021.4907897292048	1060.3927083333333
1021.7730349461489	1108.6337500000002
1022.0552224822362	1063.1233333333332
1022.33735232931	997.5883333333335
1022.6194244792129	1039.4579166666665
1022.9014389237868	976.6535416666666
1023.1833956548752	1010.3312500000001
1023.46529466432	1062.213125
1023.7471359439638	998.4985416666667
1024.0289194856498	1015.7924999999999
1024.3106452812199	1041.2783333333334
1024.5923133225172	1028.5354166666666
1024.8739236013837	1007.600625
1025.1554761096625	1007.600625
1025.436970839196	1007.600625
