339.86832	19.114375
340.2509644343084	33996.28125
340.6335677717954	603.468125
341.0161300043036	560.6883333333334
341.3986511236755	627.1335416666667
341.78113112175373	647.158125
342.16356999038084	607.1089583333334
342.5459677213995	675.3745833333334
342.92832430665214	5577.756666666667
343.3106397379815	1262.4589583333334
343.69291400723	682.65625
344.0751471062403	641.6968750000001
344.45733902685504	752.7422916666666
344.83948976091665	753.6525
345.2215993002679	700.8604166666665
345.60366763675125	780.9587500000001
345.9856947622093	816.456875
346.3676806684845	679.925625
346.74962534741974	709.9625
347.1315287908573	881.991875
347.51339099064	859.2366666666667
347.8952119386102	813.72625
348.2769916266106	806.4445833333333
348.6587300464838	1256.9977083333333
349.0404271900723	965.7310416666666
349.4220830492187	1008.5108333333333
349.80369761576566	983.025
350.1852708815557	1019.4333333333334
350.5668028384313	1001.2291666666666
350.9482934782352	1300.6877083333331
351.32974279281	993.9474999999999
351.71115077399816	947.526875
352.0925174136422	1128.6583333333333
352.47384270358486	1022.1639583333334
352.8551266356687	1024.8945833333335
353.23636920173624	1051.2906249999999
353.61757039363005	1166.8870833333333
353.9987302031928	1170.5279166666667
354.379848622267	1181.4504166666668
354.76092564269516	1129.5685416666668
355.14196125632	1064.0335416666667
355.52295545498407	1113.1847916666666
355.90390823052985	1133.2093750000001
356.2848195748	1548.264375
356.6656894796371	1106.8133333333333
357.04651793688373	1106.8133333333333
357.4273049383824	1105.903125
357.8080504759759	1056.7518750000002
358.18875454150657	1179.6299999999999
358.5694171268171	1123.1970833333335
358.9500382237499	1156.8747916666664
359.3306178241479	1121.3766666666668
359.7111559198534	1148.6829166666666
360.0916525027091	1115.0052083333333
360.47210756455746	1118.6460416666669
360.85252109724127	1115.0052083333333
361.23289309260286	1039.4579166666665
361.61322354248495	1139.5808333333334
361.99351243873014	1132.2991666666667
362.37375977318095	1215.128125
362.75396553768	1196.9239583333335
363.1341297240698	1151.4135416666668
363.514252324193	1089.519375
363.8943333298922	1086.78875
364.27437273300995	1226.9608333333333
364.65437052538874	1128.6583333333335
365.03432669887127	1092.2500000000002
365.4142412453001	1023.984375
365.7941141565177	1311.6102083333335
366.1739454243669	1076.7764583333335
366.55373504069	1109.5439583333334
366.93348299732975	1128.6583333333335
367.31318928612865	1139.5808333333334
367.6928538989293	1040.368125
368.0724768275743	1033.0864583333334
368.4520580639063	1237.8833333333332
368.83159759976763	1180.540208333333
369.21109542700117	1394.4391666666668
369.59055153744936	1143.2216666666666
369.9699659229547	1097.71125
370.34933857536	1121.3766666666668
370.72866948650767	1080.4172916666666
371.10795864824024	1075.86625
371.4872060524004	1178.7197916666667
371.8664116908307	1089.519375
372.2455755553737	1633.8239583333334
372.6246976378721	1135.9399999999998
373.00377793016827	1176.899375
373.38281642410493	1185.0912500000002
373.76181311152465	1166.8870833333333
374.14076798427	1117.7358333333332
374.5196810341835	1212.3975
374.8985522531078	1124.1072916666667
375.2773816328855	1114.095
375.6561691653591	1088.6091666666666
376.0349148423712	1069.4947916666667
376.4136186557645	1064.94375
376.7922805973814	1104.9929166666668
377.17090065906456	1017.6129166666666
377.5494788326565	1044.008958333333
377.92801511000005	1087.6989583333334
378.3065094829374	1151.4135416666666
378.6849619433114	1109.5439583333334
379.0633724829646	1162.3360416666667
379.4417410937395	1191.4627083333332
379.82006776747875	1533.7010416666665
380.1983524960249	1105.903125
380.57659527122047	1047.6497916666667
380.9547960849082	1102.2622916666667
381.33295492893046	1044.008958333333
381.71107179513	1119.5562499999999
382.08914667534935	1109.5439583333334
382.467179561431	1013.061875
382.84517044521766	1061.3029166666668
383.22311931855194	1071.3152083333334
383.60102617327624	1143.2216666666666
383.97889100123325	1223.32
384.35671379426554	1132.2991666666667
384.73449454421575	1059.4824999999998
385.1122332429263	1033.9966666666667
385.48992988224	1069.4947916666667
385.8675844539992	1080.4172916666666
386.24519695004665	1098.6214583333333
386.6227673622248	1033.9966666666667
387.0002956823763	1057.6620833333334
387.3777819023437	1224.2302083333332
387.75522601396966	1124.1072916666665
388.1326280090966	1070.405
388.5099878795673	1148.6829166666666
388.8873056172243	1080.4172916666666
389.26458121391	1055.8416666666665
389.6418146614671	1079.5070833333334
390.0190059517382	1000.3189583333333
390.3961550765659	1024.8945833333332
390.77326202779267	1195.1035416666666
391.15032679726124	1077.6866666666667
391.5273493768141	1091.3397916666665
391.9043297582938	1081.3275
392.2812679335429	1033.9966666666667
392.65816389440414	1153.2339583333332
393.03501763272	1133.2093750000001
393.41182914033305	1144.131875
393.7885984090858	1108.63375
394.165325430821	1166.8870833333333
394.5420101973811	1155.054375
394.9186527006087	1069.4947916666665
395.29525293234644	1140.4910416666667
395.67181088443687	1037.6375
396.04832654872257	1058.5722916666666
396.424799917046	1211.4872916666666
396.80123098124994	1074.9560416666666
397.1776197331769	1161.4258333333335
397.5539661646694	1120.4664583333333
397.93027026757005	1093.1602083333335
398.30653203372145	1128.6583333333333
398.6827514549662	1036.7272916666666
399.05892852314685	1209.666875
399.4350632301059	1082.2377083333333
399.8111555676861	1084.9683333333332
400.18720552772993	1046.7395833333333
400.56321310207994	1102.2622916666667
400.9391782825788	1097.71125
401.315101061069	1080.4172916666666
401.6909814293932	1165.976875
402.06681937939385	1083.1479166666668
402.4426149029137	1055.8416666666667
402.8183679917953	1165.0666666666666
403.19407863788103	1113.1847916666666
403.56974683301377	1143.2216666666666
403.94537256903584	1122.286875
404.32095583779	1035.8170833333334
404.69649663111875	1186.0014583333332
405.0719949408646	1137.7604166666667
405.4474507588703	1071.3152083333332
405.82286407697836	1175.9891666666665
406.1982348870312	1062.213125
406.57356318087164	1118.6460416666666
406.94884895034215	1083.1479166666668
407.3240921872853	1046.7395833333333
407.6992928835437	1171.438125
408.07445103095995	1091.3397916666665
408.4495666213767	1165.976875
408.8246396466363	1105.903125
409.19967009858135	1093.1602083333335
409.5746579690547	1131.3889583333334
409.94960324989876	1046.7395833333333
410.324505932956	1107.7235416666667
410.69936601006924	1103.1725
411.07418347308095	1135.0297916666666
411.4489583138336	1212.3974999999998
411.82369052417	1237.8833333333332
412.1983800959325	1044.0089583333336
412.5730270209638	1106.8133333333333
412.9476312911065	1073.135625
413.32219289820307	1184.1810416666667
413.6967118340962	1094.980625
414.0711880906285	1185.0912500000002
414.4456216596423	1136.8502083333335
414.8200125329805	1187.8218749999999
415.19436070248554	1159.6054166666665
415.56866615999996	1107.7235416666667
415.94292889736636	1230.6016666666667
416.3171489064274	1137.7604166666667
416.6913261790256	1254.2670833333332
417.0654607070035	1218.7689583333333
417.43955248220374	1326.1735416666666
417.81360149646883	1308.8795833333334
418.1876077416415	1297.046875
418.56157120956414	1195.1035416666666
418.9354918920794	1180.540208333333
419.30936978103	1272.47125
419.68320486825826	1204.2056249999998
420.056997145607	1230.6016666666667
420.43074660491874	1247.8956249999999
420.80445323803593	1255.1772916666666
421.17811703680127	1396.2595833333335
421.55173799305726	1323.4429166666666
421.9253160986466	1321.6225000000002
422.2988513454117	1362.581875
422.67234372519533	1441.7699999999998
423.04579322983994	1501.84375
423.4191998511882	1587.4033333333334
423.79256358108256	1488.190625
424.16588441136577	1551.9052083333333
424.5391623338803	1824.0575000000001
424.9123973404688	1615.6197916666667
425.2855894229737	1665.6812499999999
425.65873857323766	1727.5754166666666
426.03184478310334	1692.9875
426.4049080444133	1901.4252083333333
426.77792834901	1903.2456249999998
427.1509056887361	1895.963958333333
427.5238400554342	2008.8297916666668
427.8967314409469	2044.3279166666669
428.2695798371167	2328.3129166666668
428.6423852357862	2265.5085416666666
429.0151476287981	2420.243958333333
429.38786700799477	2857.1439583333336
429.76054336521895	2524.007708333333
430.13317669231316	2704.2289583333336
430.50576698111996	2711.5106250000003
430.878314223482	2888.0910416666666
431.25081841124177	3008.238541666666
431.623279536242	3358.6687500000003
431.99569759032505	3213.035416666667
432.3680725653337	3424.20375
432.7404044531105	3665.4089583333334
433.11269324549784	3701.8172916666663
433.4849389343386	3850.18125
433.85714151147505	4037.6841666666664
434.22930096874995	4244.301458333333
434.60141729800597	4351.706041666666
434.9734904910854	4547.400833333334
435.3455205398311	4716.699583333334
435.71750743608555	4911.484166666666
436.08945117169117	5159.971041666667
436.4613517384908	5291.951249999999
436.833209128327	5660.585625
437.2050233330421	5745.235
437.57679434447897	5973.697291666666
437.94852215448	6301.372291666667
438.3202067548878	6423.340208333334
438.69184813754504	6850.227916666667
439.0634462942942	7099.625
439.43500121697787	7233.425625
439.8065128974388	7499.206458333333
440.17798132751926	7904.249166666667
440.54940649906206	8101.764375
440.92078840390974	8294.728541666665
441.2921270339049	8626.954583333334
441.66342238089	8988.307291666666
442.0346744367077	9195.834791666668
442.4058831932006	9489.832083333333
442.7770486422113	9873.94
443.1481707755823	10098.761458333332
443.5192495851562	10611.20875
443.89028506277566	10843.311875
444.26127720028313	11088.157916666665
444.6322259895213	11383.975625000001
445.00313142233273	11777.185625
445.37399349056	11768.083541666667
445.74481218604564	12080.284999999998
446.1155875006322	12328.771875
446.4863194261624	12317.849375
446.8570079544787	12709.238958333333
447.2276530774237	12475.315416666666
447.5982547868401	12557.234166666667
447.9688130745703	12620.948750000001
448.3393279324569	12394.306875
448.7097993523426	12397.0375
449.08022732607	12137.628125000001
449.45061184548155	12224.097916666666
449.82095290241983	11917.357708333335
450.1912504887275	11856.373749999999
450.56150459624706	11705.279166666667
450.93171521682126	11258.366875
451.30188234229246	11196.472708333333
451.67200596450334	10666.731458333334
452.04208607529654	10625.772083333333
452.4121226665145	10110.594166666668
452.78211573	9803.853958333333
453.15206525759544	9501.664791666666
453.52197124114343	9043.83
453.8918336724866	8744.371458333333
454.2616525434675	8492.24375
454.6314278459287	8411.235208333334
455.0011595717129	7874.212291666667
455.37084771266245	7670.325625
455.74049226062016	7490.104375
456.11009320742846	7193.376458333332
456.47965054492994	7031.359375
456.8491642649673	6832.02375
457.21863435938303	6566.242916666667
457.5880608200197	6602.65125
457.95744363871995	6391.482916666667
458.3267828073262	6094.755
458.69607831768127	6156.649166666666
459.0653301616276	6044.693541666667
459.43453833100773	5939.109375
459.8037028176643	5742.5043749999995
460.17282361344	5752.516666666666
460.54190071017723	5787.104583333334
460.9109340997186	5491.286875000001
461.2799237739068	5461.25
461.64886972458436	5409.368125
462.01777194359374	5356.576041666666
462.38663042277767	5463.0704166666665
462.75544515397866	5046.195
463.1242161290393	4946.982291666667
463.49294333980225	4872.345208333333
463.86162677810995	4733.083333333333
464.2302664358051	4674.83
464.5988623047302	4514.633333333332
464.96741437672785	4326.220208333333
465.3359226436407	4452.739166666666
465.70438709731116	4444.547291666667
466.0728077295821	4044.965833333333
466.4411845322957	4004.0064583333333
466.8095174972949	3874.7568750000005
467.1778066164222	3723.662291666667
467.54605188151993	3729.1235416666664
467.914253284431	3736.4052083333336
468.2824108169978	3439.677291666667
468.65052447106297	3412.3710416666668
469.0185942384692	3357.7585416666666
469.38662011105873	3232.1497916666667
469.75460208067443	3195.7414583333334
470.1225401391589	3061.9408333333326
470.49043427835454	2990.9445833333334
470.85828449010404	3035.5447916666667
471.22609076624997	2852.5929166666665
471.5938530986349	2720.612708333333
471.96157147910145	2805.262083333333
472.3292458994921	2726.073958333333
472.69687635164945	2757.021041666667
473.06446282741626	2748.8291666666664
473.4320053186349	2653.2572916666663
473.7995038171479	2590.4529166666666
474.1669583147982	2574.9793749999994
474.5343688034279	2913.576875
474.90173527488	2539.4812500000003
475.26905772099684	2472.125833333333
475.63633613362094	2694.2166666666667
476.0035705045952	2453.9216666666666
476.3707608257619	2495.79125
476.7379070889637	2438.4481250000003
477.1050092860433	2383.8356249999997
477.4720674088431	2670.5512500000004
477.8390814492057	2397.48875
478.2060513989739	2349.2477083333333
478.57297724998995	2283.7127083333335
478.9398589940967	2279.161666666667
479.30669662313665	2333.7741666666666
479.67349012895227	2389.296875
480.04023950338626	2473.9462499999995
480.4069447382812	2267.3289583333335
480.77360582547965	2344.6966666666667
481.1402227568242	2545.8527083333333
481.5067955241573	2281.8922916666666
481.8733241193217	2262.7779166666664
482.23980853416	2240.9329166666666
482.60624876051463	2203.614375
482.97264479022823	2242.7533333333336
483.3389966151434	2265.5085416666666
483.70530422710266	2293.7250000000004
484.0715676179487	2215.447083333333
484.43778677952406	2260.9575
484.80396170367123	2270.059583333333
485.170092382233	2301.916875
485.53617880705167	2386.56625
485.90222096996996	2572.24875
486.2682188628305	2400.219375
486.63417247747583	2261.867708333333
487.0000818057485	2596.8243749999997
487.36594683949113	2321.9414583333332
487.73176757054625	2340.1456249999997
488.09754399075644	2526.7383333333332
488.46327609196436	2402.95
488.8289638660125	2398.398958333333
489.19460730474356	2422.064375
489.56020639999997	3008.238541666667
489.9257611436244	2488.509583333333
490.29127152745946	2562.2364583333333
490.65673754334756	2550.40375
491.0221591831315	2478.4972916666666
491.3875364386538	2626.86125
491.75286930175685	2582.2610416666666
492.11815776428347	2957.266875
492.4834018180762	2919.0381249999996
492.8486014549774	2797.070208333333
493.21375666683	2890.8216666666667
493.5788674454763	2848.0418750000003
493.94393378275896	3270.3785416666665
494.30895567052073	2909.9360416666664
494.67393310060385	3032.8141666666666
495.0388660648512	3142.949375
495.4037545551053	3226.6885416666664
495.76859856320857	3197.561875
496.1333980810037	3323.170625
496.49815310033335	3292.2235416666663
496.8628636130399	3513.404166666667
497.22752961096626	3395.0770833333336
497.59215108595464	3487.0081250000003
497.95672802984774	3456.0610416666664
498.3212604344883	3769.172708333333
498.6857482917187	3659.0375
499.05019159338167	3821.054583333333
499.4145903313197	3847.450625
499.7789444973753	3740.0460416666665
500.14325408339124	4037.6841666666664
500.50751908121	3886.589583333333
500.8717394826741	3973.0593750000003
501.2359152796262	4151.460208333334
501.6000464639089	4095.9375
501.9641330273647	4188.77875
502.3281749618363	4333.501875000001
502.69217225916606	4313.477291666667
503.0561249111968	4341.69375
503.42003290977095	4420.881875
503.78389624673116	4499.159791666666
504.14771491391997	4435.4452083333335
504.51148890318	4617.486875
504.8752182063538	4703.956666666666
505.238902815284	4656.6258333333335
505.60254272181305	4703.956666666667
505.9661379177837	4763.120208333333
506.3296883950385	4764.030416666667
506.69319414541985	4754.018125
507.05665516077056	5740.683958333332
507.42007143293307	5001.594791666666
507.78344295374995	4915.125
508.14676971506384	5397.535416666667
508.51005170871747	5068.950208333333
508.8732889265531	5126.293333333334
509.2364813604135	5047.105208333333
509.5996290021412	5135.395416666667
509.9627318435789	5230.057083333333
510.325789876569	5227.326458333333
510.6888030929541	5332.000416666667
511.051771484577	5201.840625
511.41469504328	5346.56375
511.77757376090574	5413.919166666667
512.1404076292971	5271.016458333333
512.5031966402962	5340.192291666666
512.8659407857458	5376.600625
513.2286400574887	5498.568541666667
513.5912944473672	5366.588333333333
513.953903947224	5238.248958333334
514.3164685489018	5304.694166666667
514.6789882442428	5434.853958333334
515.04146302509	5463.980625
515.4038928832857	5552.270833333333
515.7662778106726	5369.318958333333
516.1286177990931	5438.494791666667
516.4909128403904	5515.8625
516.8531629264063	5661.495833333333
517.2153680489837	5456.698958333333
517.5775281999652	5384.7925000000005
517.9396433711935	5339.2820833333335
518.3017135545108	5361.127083333334
518.66373874176	5437.584583333333
519.0257189247836	5318.347291666667
519.3876540954242	5410.278333333333
519.7495442455245	5395.715
520.1113893669268	5401.17625
520.4731894514738	5330.18
520.8349444910081	5349.294375
521.1966544773722	5378.421041666666
521.558319402409	5243.710208333333
521.9199392579607	5212.763125
522.28151403587	5368.40875
522.6430437279796	5392.074166666666
523.0045283261317	5175.444583333333
523.3659678221695	5141.766875
523.7273622079351	5036.182708333334
524.0887114752712	5057.1175
524.4500156160204	4957.904791666667
524.8112746220253	4973.378333333333
525.1724884851286	5038.003125
525.5336571971726	5477.63375
525.8947807500001	5069.860416666666
526.2558591354534	4949.712916666666
526.6168923453754	4960.635416666667
526.9778803716086	4833.206249999999
527.3388232059956	4874.165625000001
527.6997208403786	5880.856041666666
528.0605732666008	4811.361250000001
528.4213804765045	4803.1693749999995
528.782142461932	4744.916041666667
529.1428592147264	4804.079583333333
529.50353072673	4552.862083333333
529.8641569897852	4672.099375000001
530.224737995735	4727.622083333333
530.5852737364216	4532.837500000001
530.9457642036878	4652.985
531.3062093893762	4495.518958333333
531.6666092853293	4477.314791666667
532.0269638833895	4338.963125
532.3872731753997	4486.416875
532.7475371532023	4547.400833333333
533.10775580864	4344.424375
533.4679291335551	4329.861041666667
533.8280571197906	4315.2977083333335
534.1881397591887	4369.0
534.5481770435923	4287.08125
534.9081689648438	4177.85625
535.2681155147857	4213.354375
535.6280166852607	4146.909166666666
535.9878724681114	4196.970624999999
536.3476828551802	4115.962083333333
536.7074478383099	4312.567083333333
537.0671674093431	4086.8354166666663
537.4268415601222	3993.083958333333
537.7864702824897	4006.7370833333334
538.1460535682887	4022.2106249999997
538.5055914093612	3963.957291666667
538.8650837975499	3884.7691666666665
539.2245307246978	3826.515833333333
539.5839321826469	3764.6216666666674
539.9432881632401	3797.3891666666664
540.30259865832	3758.2502083333334
540.6618636597291	3747.3277083333337
541.0210831593098	3686.34375
541.380257148905	3668.139583333333
541.7393856203572	3644.4741666666664
542.0984685655087	3579.8493750000002
542.4575059762025	3721.841875
542.8164978442809	3550.7227083333332
543.1754441615866	3520.685833333333
543.5343449199621	3537.069583333334
543.89320011125	3478.81625
544.2520097272928	3349.566666666667
544.6107737599334	3316.799166666666
544.9694922010141	3300.4154166666667
545.3281650423775	3281.301041666667
545.6867922758662	3294.043958333333
546.0453738933229	3223.9579166666667
546.40390988659	3275.8397916666668
546.7624002475101	3344.1054166666668
547.1208449679259	3241.251875
547.4792440396799	3133.8472916666665
547.8375974546148	3051.9285416666667
548.195905204573	3257.6356250000003
548.5541672813971	3093.798125
548.91238367693	3106.541041666667
549.2705543830137	3029.1733333333336
549.6286793914913	3040.095833333333
549.986758694205	3071.0429166666668
550.3447922829978	2865.335833333333
550.702780149712	2945.4341666666664
551.0607222861901	2846.2214583333334
551.4186186842746	2876.258333333333
551.7764693358087	2837.119375
552.1342742326343	2795.2497916666666
552.4920333665942	2875.348125
552.8497467295313	2742.4577083333334
553.2074143132876	2788.8783333333336
553.565036109706	2758.841458333333
553.9226121106294	2788.8783333333336
554.2801423078997	2632.3224999999998
554.63762669336	2689.6656249999996
554.9950652588526	2669.6410416666668
555.3524579962202	2687.8452083333336
555.7098048973054	2597.7345833333334
556.0671059539508	2744.2781250000003
556.4243611579986	2652.3470833333336
556.7815705012921	2613.2081249999997
557.1387339756732	2620.489791666667
557.495851572985	2576.799791666667
557.8529232850698	2578.6202083333333
558.20994910377	2471.2156250000003
558.5669290209286	2501.2525
558.9238630283878	2493.9708333333333
559.2807511179905	2413.8725
559.6375932815791	2450.2808333333337
559.9943895109963	2482.138125
560.3511397980844	2472.1258333333335
560.7078441346864	2543.122083333333
561.0645025126445	2476.6768750000006
561.4211149238015	2431.1664583333336
561.77768136	2445.7297916666666
562.1342018130823	2429.346041666666
562.4906762748914	2386.56625
562.8471047372697	2449.370625
563.2034871920595	2428.435833333333
563.5598236311037	2351.978333333333
563.9161140462448	2635.053125
564.2723584293254	2421.1541666666667
564.6285567721882	2354.708958333333
564.9847090666755	2382.015208333333
565.34081530463	2249.1247916666666
565.6968754778943	2513.0852083333334
566.052889578311	2465.754375
566.4088575977227	2613.2081249999997
566.7647795279719	2310.10875
567.1206553609012	2330.1333333333337
567.4764850883533	2240.0227083333334
567.8322687021706	2264.5983333333334
568.1880061941957	2363.811041666667
568.5436975562714	2298.2760416666665
568.89934278024	2332.8639583333334
569.2549418579441	2316.4802083333334
569.6104947812267	2422.064375
569.9660015419297	2260.0472916666663
570.3214621318963	2240.932916666667
570.6768765429688	2201.793958333333
571.0322447669896	2207.2552083333335
571.3875667958016	2180.8591666666666
571.7428426212473	2335.594583333333
572.0980722351692	2149.912083333333
572.45325562941	2179.948958333334
572.8083927958121	2143.540625
573.1634837262183	2202.7041666666664
573.5185284124709	2087.1077083333334
573.8735268464127	2156.2835416666667
574.2284790198863	2179.03875
574.5833849247341	2120.785416666667
574.9382445527988	2229.1002083333333
575.293057895923	2157.19375
575.6478249459491	2080.73625
576.0025456947199	2091.65875
576.357220134078	2059.8014583333334
576.7118482558658	2195.4225
577.066430051926	2022.4829166666668
577.4209655141011	2083.466875
577.7754546342337	2154.463125
578.1298974041664	2138.9895833333335
578.4842938157419	2170.8468750000006
578.8386438608024	2092.5689583333333
579.192947531191	2042.5075000000004
579.54720481875	2052.519791666667
579.9014157153218	1976.0622916666669
580.2555802127495	2014.2910416666666
580.609698302875	2010.6502083333332
580.9637699775415	2014.2910416666666
581.3177952285913	2024.3033333333333
581.6717740478667	2014.2910416666666
582.0257064272109	1992.4460416666668
582.3795923584662	1995.176666666667
582.7334318334749	2028.854375
583.08722484408	2132.6181249999995
583.4409713821237	2142.6304166666664
583.794671439449	1875.939375
584.1483250078983	2121.6956250000003
584.501932079314	2001.548125
584.8554926455387	1981.5235416666667
585.2090066984154	2057.9810416666664
585.5624742297861	2016.1114583333335
585.9158952314937	1955.1275000000003
586.2692696953808	1928.7314583333334
586.6225976132899	1976.9724999999999
586.9758789770636	1936.0131250000002
587.3291137785446	2052.519791666667
587.6823020095754	1957.858125
588.0354436619982	1959.6785416666664
588.3885387276563	1946.935625
588.7415871983918	1936.0131250000002
589.0945890660471	1939.6539583333333
589.4475443224653	1915.0783333333331
589.8004529594888	1945.1152083333334
590.15331496896	2015.20125
590.5061303427216	2076.1852083333333
590.8588990726163	2020.6625000000001
591.2116211504864	2094.389375
591.5642965681747	2153.552916666667
591.9169253175238	2059.8014583333334
592.269507390376	1982.43375
592.6220427785742	2082.556666666667
592.974531473961	2005.1889583333334
593.3269734683787	2193.602083333333
593.6793687536699	2061.621875
594.0317173216775	2037.04625
594.3840191642438	2004.2787500000002
594.7362742732114	2084.3770833333333
595.0884826404231	2109.862916666667
595.4406442577213	2087.1077083333334
595.7927591169484	2031.585
596.1448272099474	2053.43
596.4968485285606	2179.03875
596.8488230646306	2019.7522916666667
597.2007508099999	2003.3685416666667
597.5526317565115	2073.4545833333336
597.9044658960074	2848.0418750000003
598.2562532203306	2193.6020833333337
598.6079937213235	2087.1077083333334
598.9596873908287	2131.7079166666667
599.3113342206889	2121.695625
599.6629342027466	2123.5160416666668
600.0144873288441	2745.1883333333335
600.3659935908244	2159.0141666666664
600.71745298053	2078.915833333333
601.0688654898032	2068.9035416666666
601.4202311104871	2097.1200000000003
601.7715498344237	1993.35625
602.1228216534558	2305.5577083333333
602.4740465594261	2179.9489583333334
602.8252245441772	2093.4791666666665
603.1763555995517	2070.7239583333335
603.5274397173916	2067.9933333333333
603.8784768895403	2159.924375
604.22946710784	2129.8875000000003
604.5804103641332	2047.96875
604.9313066502625	2321.9414583333332
605.2821559580708	2154.463125
605.6329582794003	2127.156875
605.9837136060937	2114.413958333333
606.3344219299937	2060.7116666666666
606.6850832429426	2209.9858333333336
607.0356975367833	2125.336458333333
607.3862648033582	2439.358333333333
607.73678503451	2020.6625000000001
608.0872582220811	2154.463125
608.4376843579142	2094.3893749999997
608.7880634338519	2291.904583333333
609.1383954417366	2106.2220833333336
609.4886803734113	2012.470625
609.838918220718	2106.2220833333336
610.1891089754997	2059.8014583333334
610.5392526295989	2084.3770833333333
610.8893491748582	2108.9527083333337
611.2393986031199	2108.0425
611.589400906227	2047.96875
611.9393560760218	1993.35625
612.289264104347	1948.7560416666668
612.6391249830451	2030.674791666667
612.9889387039588	2079.8260416666667
613.3387052589305	2045.2381249999999
613.6884246398027	2029.7645833333333
614.0380968384185	2016.1114583333335
614.38772184662	2014.2910416666664
614.7372996562499	1992.4460416666668
615.0868302591509	2034.3156250000002
615.4363136471654	2013.3808333333334
615.785749812136	2051.6095833333334
616.1351387459055	1975.1520833333334
616.4844804403161	1994.2664583333335
616.8337748872108	2054.3402083333335
617.1830220784319	2017.0216666666665
617.5322220058221	1888.6822916666667
617.8813746612238	1932.3722916666666
618.2304800364799	2013.3808333333334
618.5795381234328	1977.8827083333333
618.9285489139249	1953.3070833333331
619.2775123997992	1939.6539583333333
619.6264285728979	2001.548125
619.9752974250638	1967.8704166666666
620.3241189481392	1882.3108333333332
620.6728931339671	1890.5027083333334
621.0216199743898	1904.1558333333332
621.3702994612498	1977.8827083333335
621.71893158639	1873.2087499999998
622.0675163416527	1923.2702083333334
622.4160537188806	1816.7758333333334
622.7645437099163	1867.7475000000002
623.1129863066024	1889.5925
623.4613815007812	1896.8741666666667
623.8097292842956	1877.7597916666666
624.1580296489882	1817.6860416666668
624.5062825867013	1822.2370833333332
624.8544880892778	1781.2777083333333
625.20264614856	1842.2616666666665
625.5507567563906	1842.2616666666665
625.8988199046122	1778.5470833333331
626.2468355850674	1835.8902083333332
626.5948037895986	1827.6983333333335
626.9427245100487	1767.6245833333332
627.2905977382602	1802.2125000000003
627.6384234660752	1873.20875
627.9862016853368	1862.28625
628.3339323878878	1864.1066666666666
628.6816155655699	1713.0120833333333
629.0292512102264	1818.5962499999998
629.3768393136999	2234.5614583333336
629.7243798678326	1849.5433333333333
630.071872864467	2083.466875
630.4193182954463	1844.9922916666667
630.7667161526125	1794.0206249999999
631.1140664278083	1728.485625
631.4613691128765	1803.1227083333333
631.8086241996596	1691.167083333333
632.1558316799999	1822.2370833333334
632.5029915457404	1683.8854166666667
632.8501037887233	1765.8041666666668
633.1971684007915	1789.4695833333333
633.5441853737874	1694.8079166666666
633.8911546995539	1666.5914583333333
634.2380763699327	1689.3466666666666
634.5849503767676	1753.9714583333334
634.9317767119002	1701.179375
635.2785553671735	1688.4364583333333
635.6252863344299	1778.5470833333336
635.9719696055123	1609.2483333333332
636.318605172263	1655.6689583333334
636.6651930265247	1592.8645833333333
637.0117331601399	1668.411875
637.3582255649512	1642.9260416666668
637.7046702328013	1699.3589583333332
638.0510671555326	1784.9185416666667
638.3974163249877	1612.8891666666666
638.7437177330092	1645.6566666666668
639.08997137144	2611.3877083333336
639.4361772321222	1682.0649999999998
639.7823353068986	1571.0195833333335
640.1284455876117	1610.1585416666667
640.4745080661042	1662.0404166666667
640.8205227342187	1594.6850000000002
641.1664895837977	1589.2237499999999
641.5124086066837	1508.2152083333333
641.8582797947192	1535.5214583333334
642.2041031397473	1611.0687500000001
642.54987863361	1575.570625
642.8956062681501	1529.1500000000003
643.2412860352101	1621.99125
643.586917926633	1564.648125
643.9325019342607	1519.1377083333334
644.2780380499362	1583.7625
644.623526265502	1474.5374999999997
644.9689665728008	1504.5743750000001
645.3143589636749	1570.109375
645.6597034299672	1473.6272916666667
646.00499996352	1570.109375
646.3502485561759	1741.2285416666666
646.6954491997778	1499.1131249999999
647.040601886168	1494.5620833333335
647.385706607189	1520.9581249999999
647.7307633546837	1503.6641666666667
648.0757721204944	1503.6641666666667
648.4207328964637	1460.8843749999999
648.7656456744345	1456.3333333333333
649.1105104462491	1513.6764583333334
649.4553272037499	1443.5904166666667
649.8000959387799	1471.8068750000002
650.1448166431815	1572.8400000000001
650.4894893087971	1607.4279166666668
650.8341139274694	1425.3862500000002
651.1786904910413	1362.581875
651.5232189913548	1443.5904166666667
651.867699420253	1437.2189583333331
652.2121317695781	1384.4268749999999
652.5565160311729	1402.6310416666665
652.9008521968799	1421.7454166666666
653.2451402585418	1362.581875
653.589380208001	1440.8597916666668
653.9335720371001	1596.5054166666666
654.2777157376819	1417.194375
654.6218113015888	1462.7047916666668
654.9658587206632	1356.2104166666668
655.3098579867482	1478.1783333333333
655.6538090916857	1423.5658333333333
655.9977120273187	1398.9902083333334
656.34156678549	1403.5412500000002
656.6853733580418	1522.7785416666666
657.0291317368166	1407.1820833333334
657.3728419136573	1472.7170833333337
657.7165038804063	1391.7085416666669
658.0601176289063	1338.0062500000001
658.4036831509995	1379.8758333333333
658.7472004385293	1388.0677083333333
659.0906694833374	1453.602708333333
659.4340902772667	1397.1697916666665
659.77746281216	1442.6802083333332
660.1207870798596	1527.3295833333334
660.4640630722082	1403.54125
660.8072907810484	1393.5289583333333
661.1504701982227	1411.733125
661.4936013155738	1374.4145833333332
661.8366841249441	1340.736875
662.1797186181763	1345.287916666667
662.5227047871128	1354.39
662.8656426235966	1467.2558333333334
663.2085321194701	1407.1820833333331
663.5513732665754	1370.77375
663.8941660567558	1353.4797916666666
664.2369104818536	1358.9410416666667
664.5796065337111	1333.455208333333
664.9222542041712	1344.3777083333334
665.2648534850765	1383.5166666666667
665.6074043682694	1510.9458333333334
665.9499068455925	1390.7983333333334
666.2923609088887	1383.5166666666667
666.63476655	1288.8549999999998
666.9771237607694	1320.7122916666667
667.3194325330395	1406.2718750000001
667.6616928586526	1360.7614583333332
668.0039047294514	1297.9570833333332
668.3460681372787	1372.5941666666668
668.6881830739768	1331.6347916666666
669.0302495313884	1322.5327083333334
669.3722675013561	1580.1216666666667
669.7142369757223	1450.8720833333334
670.0561579463299	1300.6877083333334
670.3980304050212	1374.4145833333332
670.7398543436391	1400.810625
671.0816297540256	1290.6754166666667
671.4233566280238	1536.4316666666666
671.7650349574764	1339.8266666666666
672.1066647342252	1237.8833333333332
672.4482459501136	1305.2387499999998
672.7897785969838	1561.9174999999998
673.1312626666784	1277.0222916666667
673.4726981510399	1306.1489583333332
673.8140850419113	1368.0431250000001
674.1554233311347	1244.2547916666667
674.4967130105528	1294.31625
674.8379540720083	1277.9325
675.1791465073437	1434.4883333333335
675.5202903084016	1406.2718749999997
675.8613854670248	1243.3445833333333
676.2024319750553	1307.0591666666667
676.5434298243362	1371.6839583333333
676.88437900671	1307.0591666666667
677.2252795140191	1287.0345833333333
677.5661313381062	1369.8635416666666
677.9069344708139	1207.8464583333334
678.2476889039847	1241.5241666666668
678.5883946294612	1243.3445833333333
678.9290516390861	1186.0014583333332
679.2696599247018	1336.1858333333332
679.6102194781508	1277.0222916666664
679.9507302912762	1236.0629166666668
680.29119235592	1285.2141666666666
680.631605663925	1362.581875
680.9719702071338	1238.7935416666667
681.312285977389	1226.050625
681.6525529665331	1298.8672916666667
681.9927711664087	1302.508125
682.3329405688585	1191.4627083333335
682.6730611657248	1177.8095833333334
683.0131329488505	1333.4552083333333
683.353155910078	1193.283125
683.6931300412499	1325.2633333333333
684.0330553342089	1282.4835416666667
684.3729317807973	1270.6508333333334
684.7127593728582	1267.9202083333332
685.0525381022335	1275.201875
685.3922679607663	1206.93625
685.7319489402989	1264.279375
686.0715810326739	1268.8304166666667
686.4111642297341	1227.8710416666665
686.750698523322	1201.4750000000001
687.0901839052799	1218.7689583333333
687.4296203674508	1212.3975
687.7690079016771	1265.1895833333335
688.1083464998012	1180.5402083333336
688.4476361536658	1192.3729166666665
688.7868768551137	1224.2302083333332
689.1260685959872	1236.973125
689.465211368129	1174.16875
689.8043051633817	1262.4589583333334
690.1433499735879	1241.5241666666668
690.48234579059	1695.718125
690.8212926062307	1569.1991666666665
691.1601904123526	1241.5241666666668
691.4990392007982	1194.1933333333334
691.8378389634104	1145.9522916666667
692.1765896920311	1228.78125
692.5152913785035	1135.0297916666666
692.8539440146701	1187.821875
693.1925475923734	1335.275625
693.5311021034557	1224.2302083333334
693.86960753976	2504.8933333333334
694.2080638931286	1338.9164583333331
694.5464711554041	1198.744375
694.8848293184293	1133.2093750000001
695.2231383740468	1287.0345833333333
695.5613983140987	1096.8010416666666
695.899609130428	1094.0704166666667
696.2377708148773	1160.515625
696.5758833592889	1142.3114583333333
696.9139467555057	1159.6054166666665
697.25196099537	1212.3975
697.5899260707245	1237.8833333333332
697.9278419734118	1247.895625
698.2657086952745	1168.7075000000002
698.603526228155	1203.2954166666666
698.9412945638961	1343.4675
699.2790136943405	1145.0420833333335
699.6166836113304	1225.1404166666669
699.9543043067085	1273.3814583333333
700.2918757723176	1263.3691666666666
700.629398	1275.201875
700.9668709815984	1147.7727083333334
701.3042947089555	1172.3483333333334
701.6416691739137	1234.2425
701.9789943683154	1309.7897916666666
702.3162702840036	1113.1847916666666
702.6534969128209	1121.3766666666668
702.9906742466095	1115.0052083333333
703.3278022772121	1239.70375
703.6648809964715	1129.5685416666668
704.00191039623	1098.6214583333333
704.3388904683302	1132.2991666666667
704.6758212046151	1085.8785416666665
705.0127025969267	1270.6508333333334
705.3495346371078	1141.4012500000001
705.6863173170012	1234.2425
706.0230506284493	1150.5033333333333
706.3597345632945	1091.3397916666668
706.6963691133798	1133.2093750000001
707.0329542705473	1084.058125
707.3694900266399	1253.3568750000002
707.7059763735002	1151.4135416666666
708.0424133029707	1190.5525
708.3788008068938	1169.6177083333332
708.7151388771123	1224.2302083333332
709.0514275054688	1188.7320833333333
709.3876666838056	1207.8464583333334
709.7238564039657	1165.0666666666668
710.0599966577913	1123.1970833333335
710.3960874371253	1151.4135416666668
710.73212873381	1221.4995833333335
711.0681205396882	1442.6802083333334
711.4040628466022	15825.792291666667
711.7399556463948	1986.0745833333333
712.0757989309087	1185.0912500000002
712.4115926919862	1194.1933333333334
712.7473369214699	1074.0458333333333
713.0830316112028	1094.9806250000001
713.418676753027	1142.3114583333333
713.7542723387851	1147.7727083333334
714.08981836032	1096.8010416666666
714.425314809474	1246.9854166666667
714.7607616780898	1125.0175
715.09615895801	1099.5316666666668
715.4315066410772	1144.131875
715.7668047191336	1146.8625
716.1020531840225	1151.4135416666668
716.4372520275859	1115.9154166666667
716.7724012416666	1137.7604166666667
717.107500818107	1093.1602083333335
717.44255074875	1073.1356250000001
717.777551025438	1045.829375
718.1125016400134	1125.9277083333334
718.4474025843191	1141.40125
718.7822538501974	1167.7972916666668
719.1170554294912	1143.2216666666666
719.4518073140429	1106.8133333333333
719.7865094956949	1196.923958333333
720.1211619662901	1094.980625
720.4557647176711	1127.7481249999998
720.7903177416799	1099.5316666666668
721.1248210301598	1126.8379166666666
721.459274574953	1171.438125
721.7936783679021	1120.4664583333333
722.1280324008497	1108.63375
722.4623366656388	1169.6177083333334
722.7965911541114	1112.274583333333
723.13079585811	1405.3616666666667
723.4649507694777	1277.9325000000001
723.7990558800569	1091.3397916666665
724.13311118169	1135.9399999999998
724.4671166662197	1052.2008333333333
724.8010723254887	1058.5722916666666
725.1349781513393	1127.748125
725.4688341356142	1154.1441666666667
725.8026402701563	1100.4418750000002
726.1363965468076	1067.6743749999998
726.4701029574111	1165.976875
726.8037594938094	1125.9277083333334
727.1373661478447	1160.515625
727.4709229113599	1134.1195833333334
727.8044297761977	1074.0458333333333
728.1378867342002	1051.2906249999999
728.4712937772103	1135.94
728.8046508970707	1076.7764583333335
729.1379580856236	1051.290625
729.4712153347119	1103.1725
729.8044226361783	1090.4295833333333
730.137579981865	1140.4910416666667
730.4706873636146	1084.9683333333335
730.80374477327	1175.9891666666665
731.1367522026735	1147.7727083333332
731.4697096436678	1060.3927083333335
731.8026170880954	1212.3975
732.1354745277993	1165.976875
732.4682819546213	1201.4750000000001
732.8010393604045	1148.6829166666669
733.1337467369915	1221.4995833333335
733.4664040762245	1181.4504166666666
733.7990113699465	1089.519375
734.1315686099999	1169.6177083333334
734.4640757882273	1211.4872916666666
734.7965328964714	1144.131875
735.1289399265746	1126.8379166666666
735.4612968703796	1082.2377083333333
735.7936037197286	1234.2425
736.1258604664649	1081.3275
736.4580671024305	1078.596875
736.7902236194681	1091.3397916666665
737.1223300094205	1082.2377083333333
737.45438626413	1056.751875
737.7863923754393	1095.8908333333334
738.118348335191	994.8577083333333
738.4502541352277	1107.7235416666665
738.7821097673918	1109.5439583333334
739.1139152235262	1092.25
739.4456704954733	1185.09125
739.7773755750756	1159.6054166666665
740.1090304541757	1091.3397916666665
740.4406351246164	1156.8747916666669
740.7721895782399	1263.3691666666666
741.1036938068892	1169.6177083333334
741.4351478024066	1042.1885416666667
741.7665515566348	1212.3975
742.0979050614163	1254.2670833333334
742.4292083085937	1175.9891666666667
742.7604612900096	1120.4664583333333
743.0916639975067	1179.63
743.4228164229273	1101.3520833333334
743.7539185581142	1056.751875
744.0849703949099	1139.5808333333334
744.4159719251571	1104.9929166666668
744.7469231406983	1046.7395833333333
745.0778240333758	1182.360625
745.4086745950326	1055.8416666666665
745.7394748175113	1162.3360416666667
746.0702246926539	1104.9929166666668
746.4009242123037	1095.8908333333334
746.731573368303	1128.658333333333
747.0621721524942	1103.1725
747.39272055672	1103.1725
747.723218572823	1129.5685416666668
748.0536661926458	1118.6460416666666
748.384063408031	1068.5845833333333
748.7144102108211	1110.4541666666667
749.0447065928587	1181.4504166666666
749.3749525459865	1081.3275
749.7051480620469	1137.7604166666667
750.0352931328825	1059.4825
750.365387750336	1127.748125
750.6954319062501	1159.6054166666665
751.025425592467	1116.825625
751.3553688008293	1079.5070833333332
751.6852615231801	1094.9806250000001
752.0151037513616	1238.7935416666667
752.3448954772161	1164.1564583333331
752.6746366925869	1216.0383333333332
753.004327389316	1200.5647916666667
753.333967559246	1388.9779166666667
753.66355719422	1145.0420833333333
753.99309628608	1124.1072916666667
754.3225848266688	1137.7604166666667
754.652022807829	1052.2008333333333
754.9814102214033	1112.2745833333333
755.3107470592339	1131.3889583333332
755.6400333131637	1124.1072916666667
755.9692689750353	1112.2745833333333
756.298454036691	1122.286875
756.6275884899737	1115.0052083333333
756.9566723267259	1150.5033333333333
757.28570553879	1130.47875
757.6146881180086	1148.6829166666669
757.9436200562246	1037.6375
758.2725013452803	1067.6743749999998
758.6013319770183	1267.01
758.9301119432813	1144.131875
759.2588412359117	1084.0581249999998
759.5875198467521	1105.903125
759.9161477676453	1210.5770833333333
760.2447249904338	1137.7604166666667
760.5732515069599	1031.2660416666668
760.9017273090666	1079.5070833333332
761.2301523885964	1226.050625
761.5585267373914	1111.3643749999999
761.8868503472946	1107.7235416666665
762.2151232101487	1136.8502083333333
762.5433453177961	1145.9522916666665
762.8715166620792	1140.4910416666667
763.1996372348409	1034.906875
763.5277070279236	1146.8625
763.85572603317	1106.8133333333333
764.1836942424226	1099.5316666666665
764.5116116475239	1205.1158333333333
764.8394782403163	1155.054375
765.1672940126431	1059.4825
765.4950589563462	1087.6989583333334
765.8227730632684	1103.1725
766.1504363252524	1112.2745833333333
766.4780487341407	1176.899375
766.8056102817754	1105.903125
767.13312096	1195.1035416666666
767.4605807606565	1064.9437500000001
767.7879896755875	1068.5845833333333
768.1153476966355	1165.0666666666666
768.4426548156436	1213.3077083333335
768.7699110244537	1165.976875
769.0971163149088	1307.969375
769.4242706788516	1098.6214583333333
769.7513741081242	1116.8256250000002
770.0784265945695	1098.6214583333333
770.40542813003	1135.9399999999998
770.7323787063482	1121.3766666666666
771.059278315367	1280.663125
771.3861269489287	1222.4097916666667
771.7129245988758	1176.899375
772.0396712570512	1202.3852083333334
772.3663669152974	1156.8747916666666
772.6930115654565	1153.2339583333332
773.0196051993717	1130.47875
773.3461478088853	1124.1072916666665
773.6726393858401	1092.25
773.9990799220781	1093.1602083333335
774.3254694094426	1149.593125
774.6518078397759	1262.4589583333334
774.9780952049204	1066.7641666666666
775.3043314967188	1091.3397916666665
775.6305167070137	1162.3360416666667
775.9566508276476	1163.24625
776.2827338504633	1104.0827083333334
776.6087657673032	1184.1810416666667
776.93474657001	1121.3766666666668
777.2606762504261	1165.976875
777.5865548003943	1131.3889583333332
777.9123822117568	1102.2622916666667
778.2381584763566	1067.6743749999998
778.5638835860362	1140.491041666667
778.889557532638	1074.9560416666666
779.2151803080047	1172.3483333333334
779.540751903979	1263.3691666666666
779.8662723124031	1136.8502083333335
780.1917415251199	1173.2585416666668
780.5171595339721	1243.3445833333333
780.8425263308019	1213.3077083333335
781.1678419074518	1277.0222916666664
781.493106255765	1169.6177083333334
781.8183193675837	1169.6177083333334
782.1434812347505	1146.8625
782.4685918491078	1201.4750000000001
782.7936512024986	1074.0458333333333
783.118659286765	1136.8502083333333
783.4436160937499	1268.8304166666667
783.768521615296	1066.7641666666666
784.0933758432454	1467.2558333333334
784.418178769441	1136.8502083333333
784.7429303857256	1157.7849999999999
785.0676306839412	1122.286875
785.3922796559308	1123.1970833333332
785.716877293537	1126.8379166666666
786.0414235886021	1200.5647916666667
786.3659185329689	1130.47875
786.69036211848	1135.0297916666666
787.0147543369778	1307.969375
787.339095180305	1185.09125
787.6633846403042	1173.2585416666666
787.987622708818	1114.095
788.3118093776886	1152.3237500000002
788.6359446387593	1204.205625
788.9600284838722	1145.9522916666667
789.2840609048698	1110.4541666666667
789.6080418935949	1156.8747916666666
789.93197144189	1154.1441666666667
790.2558495415977	1143.2216666666666
790.5796761845605	1187.8218749999999
790.9034513626214	1195.1035416666666
791.2271750676223	1145.9522916666665
791.5508472914062	1119.5562499999999
791.8744680258158	1147.7727083333332
792.1980372626931	1229.6914583333335
792.5215549938813	1154.1441666666667
792.8450212112227	1297.9570833333335
793.16843590656	1288.8550000000002
793.4917990717355	1252.4466666666667
793.8151106985922	1227.8710416666665
794.1383707789723	1056.751875
794.4615793047186	1219.6791666666666
794.7847362676737	1201.4750000000001
795.1078416596802	1208.7566666666667
795.4308954725801	1113.1847916666668
795.7538976982169	1261.5487500000002
796.0768483284327	2384.7458333333334
796.3997473550701	1401.7208333333335
796.7225947699715	1234.2425
797.0453905649798	1226.0506249999999
797.3681347319375	1098.6214583333333
797.690827262687	1125.9277083333334
798.0134681490712	1130.47875
798.3360573829325	1227.8710416666665
798.6585949561133	1175.9891666666667
798.9810808604566	1184.1810416666665
799.3035150878045	1158.6952083333333
799.6258976299999	1321.6225000000002
799.9482284788854	1224.2302083333332
800.2705076263034	1351.659375
800.5927350640966	1171.4381250000001
800.9149107841075	1246.0752083333334
801.2370347781787	1329.814375
801.5591070381528	1167.7972916666665
801.8811275558725	1154.1441666666667
802.2030963231803	1210.5770833333333
802.5250133319183	1197.8341666666668
802.84687857393	1130.47875
803.1686920410574	1253.3568750000002
803.4904537251431	1284.3039583333332
803.8121636180297	1275.201875
804.13382171156	1160.515625
804.4554279975763	1113.1847916666666
804.7769824679212	1186.9116666666666
805.0984851144376	1201.4750000000001
805.4199359289677	1236.0629166666665
805.7413349033543	1130.47875
806.06268202944	1159.6054166666665
806.3839772990672	1132.2991666666667
806.7052207040786	1734.8570833333333
807.0264122363169	1241.5241666666668
807.3475518876243	1170.5279166666667
807.6686396498436	1193.2831250000002
807.9896755148177	1177.8095833333334
808.3106594743887	1226.0506249999999
808.6315915203992	1255.1772916666666
808.9524716446922	1139.5808333333334
809.2732998391101	1129.5685416666668
809.594076095495	1221.4995833333332
809.9148004056901	1165.976875
810.235472761538	1122.286875
810.5560931548807	1161.4258333333332
810.8766615775612	1224.2302083333332
811.1971780214221	1137.7604166666667
811.5176424783058	1150.5033333333333
811.8380549400548	1137.7604166666667
812.1584153985121	1175.0789583333333
812.4787238455199	1161.4258333333335
812.7989802729209	1140.4910416666667
813.1191846725578	1194.1933333333334
813.4393370362732	1115.0052083333333
813.759437355909	1206.0260416666667
814.0794856233088	1206.93625
814.3994818303146	1106.8133333333333
814.7194259687689	1125.0175000000002
815.0393180305146	1098.6214583333333
815.3591580073941	1156.8747916666669
815.6789458912499	1151.4135416666666
815.9986816739249	1163.24625
816.3183653472614	1170.5279166666667
816.637996903102	1213.3077083333335
816.9575763332895	1273.3814583333333
817.2771036296664	1345.287916666667
817.5965787840748	1156.8747916666669
817.9160017883579	1266.0997916666665
818.2353726343582	1216.0383333333332
818.5546913139178	1136.8502083333333
818.87395781888	1171.4381250000001
819.1931721410868	1104.9929166666668
819.5123342723809	1316.16125
819.8314442046052	1103.1725
820.1505019296019	1229.6914583333335
820.4695074392138	1137.7604166666667
820.7884607252832	1115.0052083333333
821.107361779653	1138.670625
821.4262105941658	1135.94
821.7450071606638	1125.0175
822.0637514709899	1237.8833333333334
822.3824435169868	1272.47125
822.7010832904965	1181.4504166666666
823.0196707833622	1501.84375
823.3382059874264	1161.4258333333335
823.6566888945312	1086.78875
823.9751194965196	1110.4541666666667
824.2934977852343	1206.93625
824.6118237525172	1135.0297916666666
824.9300973902117	1137.7604166666667
825.24831869016	1113.1847916666668
825.5664876442045	1193.283125
825.8846042441882	1239.70375
826.2026684819534	1109.5439583333334
826.5206803493426	1175.0789583333333
826.8386398381987	1174.16875
827.156546940364	1209.6668750000001
827.4744016476814	1159.6054166666665
827.7922039519929	1215.128125
828.1099538451416	1897.784375
828.42765131897	1202.3852083333334
828.7452963653204	1138.670625
829.0628889760359	1101.3520833333332
829.3804291429586	1147.7727083333334
829.697916857931	1132.2991666666667
830.0153521127962	1126.8379166666666
830.3327348993965	1112.2745833333333
830.6500652095742	1159.6054166666665
830.9673430351726	1172.3483333333334
831.2845683680337	1211.4872916666666
831.6017411999999	1115.0052083333333
831.9188615229143	1245.165
832.2359293286195	1299.7775
832.5529446089574	1198.744375
832.8699073557715	1150.5033333333333
833.1868175609037	1150.5033333333333
833.5036752161967	1152.3237499999998
833.8204803134935	1181.4504166666666
834.1372328446362	1136.8502083333335
834.4539328014675	1167.7972916666665
834.7705801758299	1141.40125
835.0871749595664	1181.4504166666666
835.4037171445192	1072.225416666667
835.7202067225306	1115.9154166666667
836.0366436854439	1106.8133333333333
836.3530280251014	1184.1810416666667
836.6693597333452	1159.6054166666665
836.9856388020186	1197.8341666666668
837.3018652229639	1153.2339583333332
837.6180389880233	1203.2954166666666
837.9341600890399	1143.2216666666666
838.2502285178563	1131.3889583333332
838.5662442663146	1118.6460416666666
838.8822073262578	1151.4135416666668
839.1981176895283	1133.2093750000001
839.5139753479687	1100.441875
839.8297802934217	1178.7197916666667
840.1455325177297	1130.47875
840.4612320127352	1162.3360416666667
840.7768787702812	1094.980625
841.0924727822099	1226.0506249999999
841.4080140403643	1077.6866666666667
841.7235025365862	1107.7235416666667
842.038938262719	1150.5033333333333
842.3543212106048	1097.71125
842.6696513720862	1211.4872916666666
842.9849287390061	1538.2520833333335
843.3001533032069	1189.6422916666668
843.6153250565309	1187.8218749999999
843.9304439908211	1164.1564583333331
844.24551009792	1130.47875
844.5605233696699	1155.9645833333334
844.8754837979137	1097.71125
845.190391374494	1088.6091666666666
845.5052460912531	1098.6214583333333
845.8200479400336	1208.756666666667
846.1347969126784	1684.795625
846.4494930010297	1175.9891666666665
846.7641361969305	1245.165
847.0787264922232	1293.4060416666669
847.3932638787498	1327.08375
847.7077483483539	1154.1441666666667
848.0221798928775	1160.515625
848.3365585041632	1322.5327083333334
848.6508841740534	1134.1195833333334
848.9651568943913	1054.02125
849.2793766570189	1940.5641666666663
849.5935434537789	1267.9202083333332
849.9076572765141	1130.47875
850.221718117067	1098.6214583333333
850.5357259672799	1216.9485416666666
850.8496808189958	1108.63375
851.1635826640571	1130.47875
851.4774314943061	1177.8095833333334
851.7912273015859	1151.4135416666666
852.1049700777388	1082.2377083333333
852.4186598146072	1283.39375
852.732296504034	1100.441875
853.0458801378618	1082.2377083333333
853.3594107079327	1052.2008333333333
853.67288820609	1077.6866666666667
853.9863126241758	1121.3766666666668
854.2996839540325	1107.7235416666665
854.6130021875033	1063.1233333333332
854.9262673164303	1198.744375
855.2394793326564	1122.286875
855.5526382280236	1108.63375
855.8657439943752	1131.3889583333332
856.1787966235535	1143.2216666666666
856.4917961074007	1134.1195833333334
856.80474243776	1119.5562499999999
857.1176356064736	1158.6952083333333
857.4304756053841	1218.7689583333333
857.7432624263345	1169.6177083333332
858.0559960611668	1246.0752083333334
858.3686765017236	1112.2745833333333
858.681303739848	1094.9806250000001
858.9938777673823	1103.1725
859.3063985761688	1509.1254166666668
859.6188661580505	1104.9929166666666
859.93128050487	1145.9522916666665
860.2436416084694	1085.8785416666667
860.5559494606917	1131.3889583333334
860.8682040533795	1133.2093750000001
861.1804053783749	1110.4541666666667
861.4925534275212	1086.78875
861.8046481926605	1111.3643749999999
862.1166896656355	1104.0827083333334
862.4286778382884	1060.3927083333335
862.7406127024626	1140.491041666667
863.0524942500001	1033.9966666666667
863.3643224727433	1165.976875
863.6760973625354	1236.0629166666668
863.9878189112187	1115.0052083333333
864.2994871106355	1118.6460416666666
864.6111019526287	1181.4504166666668
864.9226634290409	1108.63375
865.2341715317144	1290.6754166666667
865.5456262524921	1161.4258333333335
865.8570275832164	1192.3729166666665
866.1683755157298	1121.3766666666668
866.4796700418752	1130.47875
866.7909111534951	1106.8133333333333
867.1020988424316	1088.6091666666666
867.4132331005279	1128.6583333333333
867.7243139196262	1079.5070833333334
868.0353412915691	1074.0458333333333
868.3463152081995	1257.9079166666666
868.6572356613597	1106.8133333333333
868.9681026428924	1144.131875
869.2789161446399	1009.4210416666666
869.5896761584452	1154.1441666666667
869.9003826761507	1131.3889583333332
870.2110356895988	1099.5316666666668
870.5216351906323	1054.9314583333332
870.8321811710938	1185.0912500000002
871.1426736228256	1081.3275
871.4531125376707	1044.008958333333
871.7634979074714	1093.1602083333332
872.0738297240702	1071.3152083333334
872.38410797931	1185.0912500000002
872.6943326650331	1084.058125
873.0045037730821	1068.5845833333333
873.3146212952998	1066.7641666666666
873.6246852235287	1050.3804166666666
873.9346955496112	1061.3029166666668
874.24465226539	1069.4947916666667
874.5545553627078	1437.2189583333336
874.8644048334069	1216.9485416666666
875.17420066933	1033.0864583333332
875.48394286232	1165.976875
875.793631404219	1110.4541666666667
876.1032662868698	1414.4637500000001
876.4128475021149	1169.6177083333334
876.7223750417972	1155.9645833333332
877.0318488977587	1088.6091666666669
877.3412690618425	1104.0827083333334
877.650635525891	1083.1479166666668
877.9599482817465	1054.9314583333332
878.269207321252	1099.5316666666665
878.57841263625	1003.9597916666665
878.8875642185828	1025.8047916666667
879.1966620600934	1059.4825
879.5057061526242	1009.4210416666666
879.8146964880174	1023.984375
880.1236330581162	1122.286875
880.4325158547629	1286.124375
880.7413448697998	1176.899375
881.05012009507	1140.4910416666667
881.358841522416	1108.63375
881.6675091436798	1060.3927083333335
881.9761229507047	1078.596875
882.2846829353331	1074.9560416666666
882.5931890894074	1131.3889583333332
882.9016414047699	1104.9929166666668
883.2100398732638	1095.8908333333331
883.5183844867314	1084.9683333333335
883.826675237015	1077.6866666666667
884.1349121159577	1147.7727083333332
884.4430951154019	1307.969375
884.7512242271898	1214.2179166666665
885.0592994431647	1125.9277083333334
885.3673207551687	1184.1810416666667
885.6752881550442	1084.058125
885.9832016346343	1082.2377083333333
886.2910611857814	1064.9437500000001
886.5988668003275	1110.4541666666667
886.9066184701161	1175.9891666666665
887.2143161869893	1054.02125
887.5219599427896	1057.6620833333334
887.82954972936	1093.1602083333335
888.1370855385427	1172.3483333333334
888.4445673621801	1059.4824999999998
888.7519951921154	1129.5685416666668
889.0593690201907	1119.5562499999999
889.3666888382488	1111.3643749999999
889.673954638132	1094.0704166666665
889.9811664116833	1094.0704166666667
890.288324150745	1105.903125
890.5954278471595	1105.903125
890.90247749277	1114.095
891.2094730794186	1145.0420833333335
891.5164145989478	1055.8416666666667
891.8233020432004	1217.85875
892.1301354040191	1212.3975
892.4369146732461	1146.8625
892.7436398427244	1102.2622916666667
893.0503109042965	1350.7491666666665
893.3569278498044	1125.9277083333334
893.6634906710915	1096.8010416666666
893.96999936	1066.7641666666668
894.2764539083722	1373.5043750000002
894.5828543080514	1247.8956249999999
894.8892005508795	1091.3397916666665
895.1954926286993	1115.9154166666667
895.5017305333536	1488.190625
895.8079142566849	1128.6583333333335
896.1140437905356	1085.8785416666667
896.4201191267481	1101.3520833333332
896.7261402571654	1055.8416666666665
897.03210717363	1020.3435416666667
897.3380198679843	1083.1479166666668
897.643878332071	1195.1035416666666
897.9496825577328	1287.0345833333333
898.2554325368118	1127.748125
898.5611282611512	1267.9202083333332
898.8667697225933	1166.8870833333333
899.1723569129805	1087.6989583333332
899.4778898241558	1030.3558333333333
899.7833684479614	1273.3814583333333
900.0887927762399	1041.2783333333334
900.3941628008342	1053.1110416666668
900.6994785135867	1136.8502083333333
901.0047399063398	1170.5279166666667
901.3099469709363	1365.3125
901.6150996992188	1118.6460416666666
901.9201980830295	1083.1479166666666
902.2252421142116	1533.7010416666665
902.5302317846073	1116.8256250000002
902.8351670860594	1080.4172916666666
903.1400480104098	1176.899375
903.4448745495021	1101.3520833333332
903.7496466951783	1246.9854166666667
904.0543644392808	1135.9399999999998
904.3590277736527	1077.6866666666667
904.6636366901363	1047.6497916666667
904.968191180574	1142.3114583333333
905.2726912368087	1217.85875
905.5771368506829	1135.9399999999998
905.8815280140391	1129.5685416666665
906.18586471872	1237.8833333333332
906.490146956568	1069.4947916666667
906.7943747194257	1153.2339583333335
907.0985479991359	1264.2793749999998
907.4026667875411	1211.4872916666666
907.7067310764836	1156.8747916666666
908.0107408578065	1053.1110416666668
908.3146961233518	1145.0420833333333
908.6185968649625	1071.3152083333334
908.9224430744811	1197.8341666666668
909.2262347437501	1152.3237499999998
909.529971864612	1135.0297916666666
909.8336544289094	3716.380625
910.137282428485	1240.6139583333334
910.4408558551816	1136.8502083333333
910.7443747008411	1094.9806250000001
911.0478389573069	1215.1281250000002
911.351248616421	1395.349375
911.6546036700261	1162.3360416666667
911.9579041099649	1137.7604166666667
912.26114992808	1008.5108333333334
912.5643411162137	1398.08
912.867477666209	1315.2510416666667
913.1705595699083	1065.8539583333334
913.4735868191539	1094.0704166666665
913.7765594057887	1136.8502083333333
914.0794773216553	1038.5477083333333
914.382340558596	1136.8502083333333
914.6851491084537	1349.8389583333335
914.9879029630708	1149.593125
915.2906021142899	1115.0052083333333
915.5932465539537	1151.4135416666668
915.8958362739046	1091.3397916666668
916.1983712659853	1065.8539583333334
916.5008515220383	1131.3889583333332
916.8032770339062	1080.4172916666666
917.1056477934318	1050.3804166666666
917.407963792457	1265.1895833333335
917.7102250228253	1153.2339583333332
918.0124314763789	1128.6583333333335
918.3145831449599	1061.3029166666665
918.6166800204115	1093.1602083333335
918.9187220945763	1160.515625
919.2207093592963	1519.1377083333334
919.5226418064146	1115.9154166666667
919.8245194277738	1114.095
920.1263422152159	1065.8539583333334
920.4281101605843	1145.0420833333333
920.7298232557209	1013.061875
921.0314814924685	1075.86625
921.3330848626699	1107.7235416666667
921.6346333581675	1222.4097916666667
921.9361269708037	1129.5685416666668
922.2375656924214	1066.7641666666666
922.538949514863	1064.9437500000001
922.8402784299712	1163.24625
923.1415524295884	1153.2339583333335
923.4427715055573	1067.6743749999998
923.7439356497206	1076.7764583333335
924.0450448539206	1099.5316666666668
924.34609911	1092.25
924.6470984098015	1162.3360416666667
924.9480427451673	1090.4295833333335
925.2489321079405	1157.785
925.5497664899635	1071.3152083333332
925.8505458830786	1140.4910416666667
926.1512702791289	1076.7764583333335
926.4519396699565	1081.3275
926.752554047404	1109.5439583333334
927.0531134033143	1090.4295833333333
927.35361772953	1021.2537499999999
927.6540670178932	1080.4172916666666
927.9544612602471	1156.8747916666669
928.2548004484337	1045.829375
928.5550845742961	1084.9683333333332
928.8553136296762	1108.63375
929.1554876064173	1091.3397916666665
929.4556064963617	1192.3729166666665
929.7556702913517	1176.899375
930.0556789832303	1220.589375
930.35563256384	1132.2991666666667
930.6555310250232	1114.095
930.9553743586226	1051.290625
931.2551625564809	1074.0458333333333
931.5548956104402	1142.3114583333333
931.8545735123437	1077.6866666666665
932.1541962540336	1074.9560416666666
932.4537638273525	1029.445625
932.7532762241433	1106.8133333333333
933.0527334362483	1197.8341666666668
933.3521354555098	1082.2377083333333
933.6514822737711	1100.4418750000002
933.9507738828743	1229.6914583333335
934.2500102746618	1131.3889583333332
934.5491914409766	1066.7641666666668
934.8483173736612	1233.3322916666666
935.1473880645581	1084.0581249999998
935.4464035055097	1066.7641666666666
935.745363688359	1028.5354166666666
936.0442686049482	1094.0704166666667
936.3431182471198	1108.63375
936.641912606717	1023.0741666666667
936.9406516755819	1086.7887500000002
937.239335445557	1103.1725
937.537963908485	1097.71125
937.8365370562088	1138.670625
938.1350548805704	1045.829375
938.4335173734129	1045.829375
938.7319245265786	1099.5316666666668
939.0302763319099	1088.6091666666666
939.3285727812499	1081.3274999999999
939.626813866441	1063.1233333333332
939.9249995793253	1080.4172916666666
940.223129911746	1092.25
940.5212048555455	1076.7764583333335
940.8192244025662	1064.0335416666667
941.1171885446508	1108.63375
941.415097273642	1064.0335416666667
941.7129505813822	1120.4664583333333
942.0107484597139	1141.40125
942.30849090048	1094.0704166666667
942.6061778955228	1088.6091666666664
942.9038094366849	1283.39375
943.2013855158092	1376.235
943.4989061247379	1089.519375
943.7963712553136	1104.9929166666668
944.0937808993792	1075.86625
944.3911350487772	1085.8785416666667
944.6884336953495	1165.976875
944.9856768309398	1298.8672916666667
945.28286444739	1205.1158333333333
945.5799965365427	1346.1981250000001
945.8770730902406	1138.670625
946.1740941003263	1152.3237499999998
946.4710595586421	1145.9522916666667
946.7679694570312	1122.286875
947.0648237873357	1104.0827083333334
947.3616225413981	1073.135625
947.6583657110614	1054.9314583333332
947.9550532881678	1103.1725
948.25168526456	1176.899375
948.5482616320805	1108.63375
948.8447823825722	1185.09125
949.1412475078774	1078.596875
949.4376569998386	1089.519375
949.7340108502987	1065.8539583333334
950.0303090511001	1066.7641666666666
950.3265515940852	1138.670625
950.6227384710969	1084.0581249999998
950.9188696739777	1090.4295833333333
951.2149451945699	1088.6091666666666
951.5109650247166	1093.1602083333335
951.8069291562598	1044.9191666666666
952.1028375810424	1075.86625
952.3986902909071	1235.1527083333333
952.6944872776962	1064.94375
952.9902285332523	1033.0864583333332
953.2859140494182	1130.47875
953.5815438180365	1102.2622916666667
953.8771178309494	1233.3322916666666
954.1726360799998	1129.5685416666668
954.4680985570304	1025.8047916666667
954.7635052538835	1050.3804166666666
955.0588561624015	1075.86625
955.3541512744275	1070.405
955.6493905818038	1091.3397916666665
955.9445740763729	1110.4541666666667
956.2397017499775	1131.3889583333332
956.5347735944603	1139.5808333333334
956.8297896016634	1117.7358333333334
957.1247497634299	1167.7972916666665
957.4196540716023	1115.9154166666667
957.7145025180229	1098.6214583333333
958.0092950945348	1088.6091666666669
958.3040317929799	1083.1479166666666
958.5987126052012	1108.63375
958.8933375230413	1544.6235416666668
959.1879065383425	1237.8833333333334
959.4824196429477	1267.01
959.7768768286993	1099.5316666666668
960.07127808744	1144.131875
960.3656234110122	1019.4333333333334
960.6599127912586	1133.2093750000001
960.9541462200218	1040.368125
961.2483236891444	1038.5477083333333
961.5424451904687	1146.8625
961.8365107158377	1081.3275
962.1305202570937	1100.4418749999998
962.4244738060793	1176.899375
962.7183713546373	1104.9929166666666
963.01221289461	1045.829375
963.3059984178401	1062.213125
963.5997279161703	1070.405
963.893401381443	1115.9154166666665
964.1870188055007	1156.8747916666669
964.4805801801863	1033.9966666666667
964.7740854973422	1152.3237500000002
965.0675347488107	1124.1072916666665
965.3609279264349	1114.095
965.6542650220572	1081.3275
965.9475460275199	1068.5845833333333
966.240770934666	1039.4579166666665
966.5339397353379	1152.3237499999998
966.8270524213779	1064.9437500000001
967.120108984629	1002.1393750000001
967.4131094169337	1064.9437500000001
967.7060537101345	1088.6091666666669
967.9989418560739	1150.5033333333333
968.2917738465945	1092.25
968.5845496735391	1156.8747916666666
968.8772693287499	1104.9929166666666
969.16993280407	1016.7027083333334
969.4625400913416	975.7433333333333
969.755091182407	1087.6989583333334
970.0475860691095	1380.786041666667
970.3400247432913	1139.5808333333334
970.6324071967948	1311.6102083333333
970.924733421463	1089.519375
971.2170034091381	1084.9683333333332
971.5092171516628	1108.63375
971.80137464088	1624.721875
972.0934758686318	1046.7395833333333
972.385520826761	1143.2216666666666
972.6775095071101	1064.0335416666667
972.9694419015219	1118.6460416666666
973.2613180018386	1059.4825
973.5531377999032	1054.9314583333332
973.8449012875581	1073.135625
974.1366084566458	1083.1479166666666
974.4282592990087	1187.8218749999999
974.71985380649	1063.1233333333332
975.0113919709318	1136.8502083333333
975.3028737841765	1063.1233333333332
975.5942992380673	1015.7925
975.8856683244463	1061.3029166666668
976.1769810351561	1121.3766666666668
976.4682373620396	1187.8218749999999
976.7594372969393	1084.9683333333332
977.0505808316972	1118.6460416666666
977.3416679581567	1202.3852083333334
977.6326986681601	1121.3766666666668
977.9236729535495	1064.9437500000001
978.2145908061682	1111.364375
978.5054522178584	1727.5754166666666
978.7962571804626	1121.3766666666668
979.0870056858237	1073.1356250000001
979.3776977257842	1173.2585416666666
979.6683332921862	1114.095
979.9589123768728	1306.1489583333334
980.2494349716867	1158.6952083333333
980.53990106847	1093.1602083333335
980.8303106590655	1156.8747916666669
981.1206637353158	1062.213125
981.4109602890635	1044.0089583333333
981.7012003121511	1129.5685416666665
981.9913837964212	1145.9522916666665
982.2815107337166	1190.5525
982.5715811158793	1094.0704166666667
982.8615949347526	1033.0864583333334
983.1515521821785	1080.4172916666666
983.4414528499998	1110.4541666666667
983.7312969300594	1151.4135416666666
984.0210844141994	1212.3975
984.3108152942625	1210.5770833333333
984.6004895620915	1067.6743749999998
984.8901072095288	1107.7235416666665
985.1796682284167	1045.829375
985.4691726105984	1165.0666666666666
985.7586203479162	1287.9447916666668
986.0480114322123	1061.3029166666668
986.33734585533	1054.02125
986.6266236091113	1038.5477083333335
986.9158446853992	1235.1527083333333
987.2050090760357	1104.9929166666668
987.4941167728639	1064.0335416666667
987.7831677677262	1085.8785416666667
988.0721620524652	1155.054375
988.3610996189235	1050.3804166666666
988.6499804589438	1155.054375
988.9388045643683	1105.903125
989.2275719270399	1015.7925
989.5162825388013	1035.8170833333331
989.8049363914945	1088.6091666666669
990.0935334769628	1046.7395833333333
990.3820737870484	1066.7641666666666
990.6705573135936	1165.976875
990.9589840484416	1119.5562499999999
991.2473539834347	1113.1847916666666
991.5356671104153	1292.4958333333334
991.8239234212261	1081.3275
992.1121229077099	1102.2622916666667
992.400265561709	1064.9437500000001
992.6883513750662	1097.71125
992.9763803396239	1074.0458333333333
993.2643524472247	1147.7727083333332
993.5522676897112	1084.058125
993.8401260589261	1048.5600000000002
994.1279275467119	1077.6866666666667
994.4156721449109	1091.3397916666668
994.7033598453662	1183.2708333333333
994.99099063992	1224.2302083333334
995.2785645204149	1063.1233333333332
995.5660814786938	1068.5845833333333
995.853541506599	1136.8502083333333
996.140944595973	1111.3643749999999
996.4282907386587	1192.3729166666665
996.7155799264985	1061.3029166666668
997.0028121513348	1199.6545833333332
997.2899874050105	1112.2745833333333
997.5771056793681	1074.9560416666666
997.8641669662499	1056.751875
998.1511712574988	1096.8010416666668
998.4381185449574	1076.7764583333333
998.725008820468	1180.5402083333333
999.0118420758735	1033.0864583333334
999.2986183030163	1075.86625
999.585337493739	1124.1072916666665
999.8719996398839	1050.3804166666666
1000.158604733294	1089.519375
1000.445152765812	1270.6508333333334
1000.7316437292799	1115.0052083333333
1001.0180776155407	1183.2708333333333
1001.3044544164371	1051.290625
1001.5907741238111	1260.6385416666667
1001.8770367295059	1357.120625
1002.1632422253638	1135.0297916666666
1002.4493906032271	1076.7764583333335
1002.735481854939	1053.1110416666668
1003.0215159723417	1175.9891666666665
1003.3074929472778	1053.1110416666668
1003.59341277159	1180.5402083333333
1003.8792754371208	1192.3729166666665
1004.1650809357126	1158.6952083333333
1004.4508292592081	1135.0297916666668
1004.7365203994503	1132.2991666666665
1005.0221543482811	1057.6620833333334
1005.3077310975436	1125.0175
1005.5932506390802	1062.213125
1005.8787129647335	1046.7395833333333
1006.1641180663456	1144.131875
1006.4494659357599	1139.5808333333332
1006.7347565648188	1080.4172916666669
1007.0199899453642	1357.1206249999998
1007.3051660692394	1053.1110416666668
1007.5902849282868	998.4985416666665
1007.8753465143486	1042.1885416666667
1008.160350819268	1136.8502083333335
1008.4452978348874	1107.723541666667
1008.7301875530488	1145.0420833333335
1009.0150199655957	1101.3520833333332
1009.2997950643701	1043.0987499999999
1009.5845128412144	1109.5439583333334
1009.8691732879718	1075.86625
1010.1537763964845	1089.5193749999999
1010.4383221585949	1114.095
1010.7228105661462	1108.63375
1011.0072416109805	1064.0335416666667
1011.2916152849402	1034.906875
1011.5759315798686	1108.63375
1011.8601904876076	1056.751875
1012.144392	1061.3029166666665
1012.4285361088884	1080.4172916666666
1012.7126228061155	1064.0335416666667
1012.9966520835236	1246.0752083333334
1013.2806239329553	1073.135625
1013.5645383462538	1064.9437500000001
1013.8483953152609	1145.0420833333335
1014.1321948318193	1127.748125
1014.4159368877722	1125.0175
1014.6996214749615	1128.6583333333335
1014.98324858523	1150.5033333333333
1015.2668182104202	1090.4295833333333
1015.5503303423751	1197.8341666666665
1015.8337849729367	1097.71125
1016.1171820939478	1101.3520833333334
1016.4005216972512	1122.286875
1016.6838037746892	1058.5722916666666
1016.9670283181047	1169.6177083333332
1017.2501953193398	1161.4258333333335
1017.5333047702371	1063.1233333333332
1017.81635666264	1142.3114583333333
1018.0993509883903	1119.5562499999999
1018.3822877393309	1094.980625
1018.6651669073037	1092.25
1018.9479884841523	1035.8170833333334
1019.2307524617187	1140.491041666667
1019.5134588318456	1105.903125
1019.7961075863757	1159.6054166666665
1020.0786987171514	1027.6252083333331
1020.3612322160153	1082.2377083333333
1020.6437080748101	1094.980625
1020.9261262853781	1073.1356250000001
1021.208486839562	1073.1356250000001
1021.4907897292048	1138.670625
1021.7730349461489	1230.6016666666667
1022.0552224822362	1096.8010416666666
1022.33735232931	1040.368125
1022.6194244792129	1080.4172916666666
1022.9014389237868	1055.8416666666665
1023.1833956548752	1093.1602083333335
1023.46529466432	1150.5033333333333
1023.7471359439638	1053.1110416666668
1024.0289194856498	1070.405
1024.3106452812199	1183.2708333333335
1024.5923133225172	1089.519375
1024.8739236013837	1088.6091666666669
1025.1554761096625	1088.6091666666669
1025.436970839196	1088.6091666666669
