339.86832	19.114375
340.2509644343084	33996.28125
340.6335677717954	586.1741666666667
341.0161300043036	531.5616666666666
341.3986511236755	791.88125
341.78113112175373	769.1260416666668
342.16356999038084	723.615625
342.5459677213995	772.7668749999999
342.92832430665214	10936.153124999999
343.3106397379815	1830.4289583333332
343.69291400723	790.9710416666667
344.0751471062403	741.8197916666667
344.45733902685504	871.9795833333334
344.83948976091665	916.5797916666667
345.2215993002679	815.5466666666666
345.60366763675125	839.2120833333333
345.9856947622093	1004.87
346.3676806684845	788.2404166666666
346.74962534741974	910.2083333333334
347.1315287908573	1006.6904166666667
347.51339099064	981.2045833333333
347.8952119386102	873.8000000000001
348.2769916266106	906.5675
348.6587300464838	1728.485625
349.0404271900723	1090.4295833333333
349.4220830492187	1196.9239583333335
349.80369761576566	1066.7641666666666
350.1852708815557	1213.3077083333335
350.5668028384313	1160.515625
350.9482934782352	1602.876875
351.32974279281	1078.5968750000002
351.71115077399816	1121.3766666666666
352.0925174136422	1327.08375
352.47384270358486	1219.6791666666668
352.8551266356687	1105.903125
353.23636920173624	1133.2093750000001
353.61757039363005	1194.1933333333334
353.9987302031928	1449.961875
354.379848622267	1355.3002083333333
354.76092564269516	1249.7160416666668
355.14196125632	1204.2056249999998
355.52295545498407	1247.8956249999999
355.90390823052985	1252.4466666666665
356.2848195748	2117.1445833333332
356.6656894796371	1245.165
357.04651793688373	1313.430625
357.4273049383824	1252.4466666666667
357.8080504759759	1220.5893749999998
358.18875454150657	1333.455208333333
358.5694171268171	1214.2179166666667
358.9500382237499	1261.54875
359.3306178241479	1270.6508333333334
359.7111559198534	1251.5364583333333
360.0916525027091	1208.7566666666664
360.47210756455746	1215.128125
360.85252109724127	1276.1120833333332
361.23289309260286	1141.4012500000001
361.61322354248495	1202.3852083333334
361.99351243873014	1269.740625
362.37375977318095	1485.46
362.75396553768	1366.2227083333335
363.1341297240698	1330.7245833333334
363.514252324193	1089.519375
363.8943333298922	1145.042083333333
364.27437273300995	1522.7785416666666
364.65437052538874	1290.6754166666667
365.03432669887127	1093.1602083333335
365.4142412453001	1233.3322916666666
365.7941141565177	1654.75875
366.1739454243669	1203.2954166666666
366.55373504069	1267.01
366.93348299732975	1184.1810416666665
367.31318928612865	1306.1489583333332
367.6928538989293	1225.1404166666666
368.0724768275743	1155.9645833333334
368.4520580639063	1389.8881250000002
368.83159759976763	1389.8881250000002
369.21109542700117	1758.5224999999998
369.59055153744936	1372.5941666666665
369.9699659229547	1230.6016666666667
370.34933857536	1200.5647916666667
370.72866948650767	1190.5525
371.10795864824024	1212.3975
371.4872060524004	1489.1008333333336
371.8664116908307	1276.1120833333334
372.2455755553737	2195.4225
372.6246976378721	1264.2793749999998
373.00377793016827	1419.9250000000002
373.38281642410493	1417.194375
373.76181311152465	1338.0062500000001
374.14076798427	1300.6877083333334
374.5196810341835	1416.2841666666666
374.8985522531078	1335.275625
375.2773816328855	1216.0383333333334
375.6561691653591	1279.7529166666666
376.0349148423712	1259.7283333333335
376.4136186557645	1093.1602083333335
376.7922805973814	1144.1318749999998
377.17090065906456	1098.6214583333333
377.5494788326565	1119.5562499999999
377.92801511000005	1331.6347916666666
378.3065094829374	1442.6802083333332
378.6849619433114	1163.24625
379.0633724829646	1402.6310416666665
379.4417410937395	1290.6754166666667
379.82006776747875	2052.519791666667
380.1983524960249	1194.1933333333334
380.57659527122047	1145.9522916666667
380.9547960849082	1197.8341666666668
381.33295492893046	1116.8256250000002
381.71107179513	1259.7283333333332
382.08914667534935	1167.7972916666668
382.467179561431	1106.8133333333335
382.84517044521766	1155.054375
383.22311931855194	1245.165
383.60102617327624	1326.1735416666668
383.97889100123325	1487.2804166666665
384.35671379426554	1196.9239583333335
384.73449454421575	1193.283125
385.1122332429263	1166.8870833333333
385.48992988224	1288.855
385.8675844539992	1128.6583333333333
386.24519695004665	1180.540208333333
386.6227673622248	1165.0666666666666
387.0002956823763	1261.54875
387.3777819023437	1544.6235416666666
387.75522601396966	1267.01
388.1326280090966	1216.0383333333332
388.5099878795673	1265.1895833333335
388.8873056172243	1225.1404166666669
389.26458121391	1123.1970833333335
389.6418146614671	1286.124375
390.0190059517382	1114.095
390.3961550765659	1197.8341666666668
390.77326202779267	1360.7614583333334
391.15032679726124	1120.4664583333333
391.5273493768141	1159.6054166666668
391.9043297582938	1224.2302083333334
392.2812679335429	1162.3360416666667
392.65816389440414	1291.585625
393.03501763272	1275.201875
393.41182914033305	1359.85125
393.7885984090858	1222.4097916666667
394.165325430821	1474.5375000000001
394.5420101973811	1278.8427083333333
394.9186527006087	1149.593125
395.29525293234644	1290.6754166666667
395.67181088443687	1158.6952083333333
396.04832654872257	1270.6508333333334
396.424799917046	1461.7945833333333
396.80123098124994	1127.748125
397.1776197331769	1388.0677083333333
397.5539661646694	1275.201875
397.93027026757005	1224.2302083333334
398.30653203372145	1218.7689583333333
398.6827514549662	1148.6829166666666
399.05892852314685	1376.235
399.4350632301059	1126.8379166666666
399.8111555676861	1238.7935416666667
400.18720552772993	1160.515625
400.56321310207994	1258.818125
400.9391782825788	1234.2425
401.315101061069	1267.9202083333332
401.6909814293932	1369.8635416666666
402.06681937939385	1174.16875
402.4426149029137	1129.5685416666668
402.8183679917953	1288.8550000000002
403.19407863788103	1210.5770833333333
403.56974683301377	1187.821875
403.94537256903584	1115.0052083333333
404.32095583779	1117.7358333333332
404.69649663111875	1370.77375
405.0719949408646	1336.1858333333332
405.4474507588703	1210.5770833333333
405.82286407697836	1333.4552083333333
406.1982348870312	1151.4135416666668
406.57356318087164	1234.2425
406.94884895034215	1193.283125
407.3240921872853	1177.8095833333334
407.6992928835437	1280.663125
408.07445103095995	1154.1441666666667
408.4495666213767	1287.0345833333333
408.8246396466363	1153.2339583333332
409.19967009858135	1205.1158333333333
409.5746579690547	1331.6347916666666
409.94960324989876	1190.5525
410.324505932956	1184.1810416666665
410.69936601006924	1202.3852083333334
411.07418347308095	1272.4712499999998
411.4489583138336	1439.039375
411.82369052417	1345.2879166666667
412.1983800959325	1153.2339583333332
412.5730270209638	1236.0629166666668
412.9476312911065	1175.0789583333333
413.32219289820307	1374.4145833333334
413.6967118340962	1226.0506249999999
414.0711880906285	1292.4958333333334
414.4456216596423	1232.4220833333331
414.8200125329805	1381.69625
415.19436070248554	1249.7160416666666
415.56866615999996	1222.4097916666667
415.94292889736636	1422.655625
416.3171489064274	1225.1404166666669
416.6913261790256	1480.9089583333334
417.0654607070035	1419.0147916666665
417.43955248220374	1547.3541666666667
417.81360149646883	1482.7293750000001
418.1876077416415	1628.3627083333333
418.56157120956414	1302.508125
418.9354918920794	1296.1366666666668
419.30936978103	1436.3087500000001
419.68320486825826	1403.5412500000002
420.056997145607	1477.2681249999998
420.43074660491874	1363.4920833333333
420.80445323803593	1351.659375
421.17811703680127	1531.880625
421.55173799305726	1419.925
421.9253160986466	1421.7454166666666
422.2988513454117	1527.3295833333334
422.67234372519533	1587.4033333333334
423.04579322983994	1644.7464583333333
423.4191998511882	1844.9922916666667
423.79256358108256	1642.0158333333331
424.16588441136577	1679.3343750000001
424.5391623338803	2128.0670833333334
424.9123973404688	1803.1227083333333
425.2855894229737	1749.4204166666668
425.65873857323766	1723.024375
426.03184478310334	1789.4695833333335
426.4049080444133	2019.7522916666667
426.77792834901	2087.1077083333334
427.1509056887361	1957.858125
427.5238400554342	2135.34875
427.8967314409469	2077.0954166666666
428.2695798371167	2595.914166666667
428.6423852357862	2292.8147916666667
429.0151476287981	2443.909375
429.38786700799477	3293.1337500000004
429.76054336521895	2609.5672916666667
430.13317669231316	2824.3764583333336
430.50576698111996	2668.7308333333335
430.878314223482	3005.507916666667
431.25081841124177	2887.1808333333333
431.623279536242	3541.6206249999996
431.99569759032505	3209.3945833333332
432.3680725653337	3522.50625
432.7404044531105	3691.8050000000003
433.11269324549784	3696.3560416666664
433.4849389343386	3763.711458333333
433.85714151147505	3871.1160416666667
434.22930096874995	3933.9204166666664
434.60141729800597	4126.8845833333335
434.9734904910854	4424.522708333333
435.3455205398311	4635.691041666666
435.71750743608555	4698.495416666667
436.08945117169117	5077.142083333333
436.4613517384908	5079.872708333333
436.833209128327	5505.850208333333
437.2050233330421	5550.450416666667
437.57679434447897	5791.655624999999
437.94852215448	6214.9025
438.3202067548878	6252.221041666667
438.69184813754504	6536.206041666667
439.0634462942942	6913.9425
439.43500121697787	7012.245
439.8065128974388	7119.649583333333
440.17798132751926	7273.474791666667
440.54940649906206	7601.149791666667
440.92078840390974	7943.388125
441.2921270339049	8237.385416666666
441.66342238089	8447.643541666666
442.0346744367077	8833.571875
442.4058831932006	8988.307291666666
442.7770486422113	9280.484166666667
443.1481707755823	9561.738541666666
443.5192495851562	10264.419375
443.89028506277566	10154.284166666666
444.26127720028313	10664.000833333334
444.6322259895213	10717.703125
445.00313142233273	10988.034999999998
445.37399349056	10957.087916666665
445.74481218604564	11109.092708333332
446.1155875006322	11618.809374999999
446.4863194261624	11392.167500000001
446.8570079544787	12296.914583333333
447.2276530774237	11782.646875
447.5982547868401	11714.38125
447.9688130745703	11779.006041666667
448.3393279324569	11715.291458333333
448.7097993523426	11561.466249999998
449.08022732607	11187.370625000001
449.45061184548155	11347.567291666666
449.82095290241983	11139.129583333333
450.1912504887275	11166.435833333335
450.56150459624706	10753.20125
450.93171521682126	10720.43375
451.30188234229246	10840.581250000001
451.67200596450334	9979.524166666666
452.04208607529654	9661.861458333333
452.4121226665145	9294.137291666666
452.78211573	9093.891458333334
453.15206525759544	8758.934791666667
453.52197124114343	8377.5575
453.8918336724866	8189.144375000001
454.2616525434675	7907.89
454.6314278459287	8221.911875
455.0011595717129	7339.920000000001
455.37084771266245	7160.608958333333
455.74049226062016	6926.685416666667
456.11009320742846	6745.553958333334
456.47965054492994	6465.209791666667
456.8491642649673	6416.96875
457.21863435938303	6247.669999999999
457.5880608200197	6213.9922916666665
457.95744363871995	6015.566875
458.3267828073262	5836.255833333333
458.69607831768127	5802.578125
459.0653301616276	5696.083750000001
459.43453833100773	5611.434375
459.8037028176643	5566.834166666667
460.17282361344	5341.1025
460.54190071017723	5575.026041666667
460.9109340997186	5211.852916666667
461.2799237739068	5180.905833333333
461.64886972458436	5271.016458333333
462.01777194359374	5070.770625
462.38663042277767	5678.789791666666
462.75544515397866	4833.20625
463.1242161290393	4832.296041666667
463.49294333980225	4662.087083333333
463.86162677810995	4551.041666666667
464.2302664358051	4679.3810416666665
464.5988623047302	4368.089791666666
464.96741437672785	4230.6483333333335
465.3359226436407	4561.053958333334
465.70438709731116	4704.866875
466.0728077295821	4168.754166666667
466.4411845322957	3973.0593750000003
466.8095174972949	3895.691666666667
467.1778066164222	3671.780416666667
467.54605188151993	3669.9599999999996
467.914253284431	4040.4147916666666
468.2824108169978	3431.4854166666664
468.65052447106297	3525.236875
469.0185942384692	3476.995833333333
469.38662011105873	3212.1252083333334
469.75460208067443	3274.0193750000003
470.1225401391589	3186.639375
470.49043427835454	3066.4918749999997
470.85828449010404	3304.966458333334
471.22609076624997	3021.8916666666664
471.5938530986349	2878.07875
471.96157147910145	3134.7574999999997
472.3292458994921	2941.793333333333
472.69687635164945	2977.291458333333
473.06446282741626	2997.3160416666665
473.4320053186349	2911.7564583333333
473.7995038171479	2803.441666666667
474.1669583147982	2858.054166666667
474.5343688034279	3554.363541666667
474.90173527488	2719.7025
475.26905772099684	2853.5031249999997
475.63633613362094	3457.8814583333333
476.0035705045952	2903.5645833333333
476.3707608257619	3146.5902083333335
476.7379070889637	2897.1931250000002
477.1050092860433	2868.0664583333332
477.4720674088431	3335.0033333333336
477.8390814492057	2879.8991666666666
478.2060513989739	2862.605208333333
478.57297724998995	2704.2289583333336
478.9398589940967	2671.461458333333
479.30669662313665	2778.8660416666667
479.67349012895227	2840.760208333333
480.04023950338626	3041.006041666667
480.4069447382812	2712.4208333333336
480.77360582547965	2820.735625
481.1402227568242	3300.4154166666667
481.5067955241573	2859.874583333333
481.8733241193217	2767.943541666666
482.23980853416	2842.580625
482.60624876051463	2831.658125
482.97264479022823	2925.4095833333336
483.3389966151434	2972.740416666666
483.70530422710266	2838.0295833333334
484.0715676179487	2879.8991666666666
484.43778677952406	2907.205416666666
484.80396170367123	2948.1647916666666
485.170092382233	2915.3972916666667
485.53617880705167	3206.663958333333
485.90222096996996	3542.5308333333337
486.2682188628305	3324.9910416666667
486.63417247747583	2979.111875
487.0000818057485	3646.294583333334
487.36594683949113	3259.456041666667
487.73176757054625	3300.4154166666667
488.09754399075644	3517.9552083333333
488.46327609196436	3395.0770833333336
488.8289638660125	3282.2112500000003
489.19460730474356	3398.717916666667
489.56020639999997	4625.67875
489.9257611436244	3487.0081250000003
490.29127152745946	3526.1470833333333
490.65673754334756	3641.7435416666667
491.0221591831315	3616.257708333333
491.3875364386538	3709.0989583333335
491.75286930175685	3821.9647916666668
492.11815776428347	4433.624791666667
492.4834018180762	4461.84125
492.8486014549774	4100.488541666667
493.21375666683	4252.493333333333
493.5788674454763	4347.155
493.94393378275896	5076.231875
494.30895567052073	4605.654166666667
494.67393310060385	4669.368750000001
495.0388660648512	4946.982291666667
495.4037545551053	5091.705416666667
495.76859856320857	5180.905833333333
496.1333980810037	5357.486249999999
496.49815310033335	5230.967291666667
496.8628636130399	5699.724583333334
497.22752961096626	5506.760416666667
497.59215108595464	5667.8672916666665
497.95672802984774	5771.631041666667
498.3212604344883	6482.50375
498.6857482917187	6117.510208333333
499.05019159338167	6416.058541666666
499.4145903313197	6626.316666666667
499.7789444973753	6655.443333333334
500.14325408339124	7067.767708333333
500.50751908121	6907.571041666667
500.8717394826741	6909.391458333334
501.2359152796262	7261.642083333333
501.6000464639089	7307.1525
501.9641330273647	7567.472083333333
502.3281749618363	7857.828541666666
502.69217225916606	7851.457083333334
503.0561249111968	8192.785208333333
503.42003290977095	8122.699166666666
503.78389624673116	8393.031041666667
504.14771491391997	8342.969583333334
504.51148890318	8727.987708333332
504.8752182063538	9031.997291666668
505.238902815284	8957.360208333334
505.60254272181305	9126.658958333333
505.9661379177837	9263.190208333333
506.3296883950385	9506.215833333334
506.69319414541985	9504.395416666666
507.05665516077056	11411.281875
507.42007143293307	9996.818125
507.78344295374995	10186.141458333334
508.14676971506384	11079.966041666667
508.51005170871747	10479.228541666665
508.8732889265531	10714.062291666667
509.2364813604135	10720.433750000002
509.5996290021412	10797.801458333333
509.9627318435789	11008.969791666668
510.325789876569	11329.363125000002
510.6888030929541	11505.943541666667
511.051771484577	11481.367916666664
511.41469504328	11855.463541666666
511.77757376090574	11848.181875
512.1404076292971	11921.90875
512.5031966402962	12453.470416666669
512.8659407857458	12425.253958333333
513.2286400574887	12578.168958333334
513.5912944473672	12693.765416666667
513.953903947224	12491.699166666667
514.3164685489018	13009.607708333335
514.6789882442428	13000.505625
515.04146302509	13302.694791666667
515.4038928832857	13522.965208333335
515.7662778106726	13282.670208333335
516.1286177990931	13553.912291666667
516.4909128403904	13771.452083333332
516.8531629264063	14224.735833333332
517.2153680489837	13803.309374999999
517.5775281999652	14174.674375
517.9396433711935	14201.980624999998
518.3017135545108	14296.642291666665
518.66373874176	14306.654583333335
519.0257189247836	14499.61875
519.3876540954242	14510.54125
519.7495442455245	14923.775833333333
520.1113893669268	14860.061249999999
520.4731894514738	14857.330625
520.8349444910081	15012.066041666667
521.1966544773722	15319.716458333334
521.558319402409	15228.695625
521.9199392579607	15294.230625000002
522.28151403587	15722.028541666667
522.6430437279796	15673.7875
523.0045283261317	15555.460416666667
523.3659678221695	15456.247708333334
523.7273622079351	15560.011458333334
524.0887114752712	15631.007708333336
524.4500156160204	15484.464166666667
524.8112746220253	15781.192083333333
525.1724884851286	15689.261041666667
525.5336571971726	16904.389166666664
525.8947807500001	15797.575833333334
526.2558591354534	15864.93125
526.6168923453754	16023.3075
526.9778803716086	16027.858541666666
527.3388232059956	16181.683749999998
527.6997208403786	18428.077916666665
528.0605732666008	16187.144999999999
528.4213804765045	16031.499375
528.782142461932	16252.68
529.1428592147264	16411.966458333332
529.50353072673	16139.814166666665
529.8641569897852	16237.206458333334
530.224737995735	16808.817291666666
530.5852737364216	16348.251875
530.9457642036878	16368.276458333334
531.3062093893762	16523.011875
531.6666092853293	16195.336875
532.0269638833895	16444.733958333334
532.3872731753997	16212.630833333335
532.7475371532023	16457.476874999997
533.10775580864	16255.410624999999
533.4679291335551	16222.643125
533.8280571197906	16033.319791666669
534.1881397591887	16387.390833333335
534.5481770435923	16184.414375
534.9081689648438	16073.368958333333
535.2681155147857	16084.291458333333
535.6280166852607	15963.23375
535.9878724681114	16127.071249999999
536.3476828551802	15949.580624999997
536.7074478383099	16401.043958333332
537.0671674093431	15841.265833333333
537.4268415601222	15788.47375
537.7864702824897	15669.236458333333
538.1460535682887	15752.975625000001
538.5055914093612	15760.257291666669
538.8650837975499	15651.032291666668
539.2245307246978	15608.2525
539.5839321826469	15387.982083333334
539.9432881632401	15437.133333333331
540.30259865832	15359.765625
540.6618636597291	15313.345000000001
541.0210831593098	15200.479166666666
541.380257148905	15299.691874999999
541.7393856203572	14992.951666666668
542.0984685655087	14988.400625
542.4575059762025	15091.254166666666
542.8164978442809	14951.082083333333
543.1754441615866	14766.309791666667
543.5343449199621	15009.335416666669
543.89320011125	14574.255833333335
544.2520097272928	14513.271875
544.6107737599334	14444.096041666666
544.9694922010141	14323.948541666667
545.3281650423775	14461.39
545.6867922758662	14279.348333333333
546.0453738933229	13897.971041666666
546.40390988659	14178.315208333333
546.7624002475101	14374.920208333331
547.1208449679259	14020.849166666667
547.4792440396799	13828.795208333335
547.8375974546148	13723.211041666667
548.195905204573	14188.3275
548.5541672813971	13512.952916666667
548.91238367693	13524.785624999999
549.2705543830137	13621.267708333333
549.6286793914913	13583.038958333333
549.986758694205	13514.773333333333
550.3447922829978	13268.106875
550.702780149712	13320.898958333333
551.0607222861901	13144.318541666667
551.4186186842746	13187.098333333333
551.7764693358087	13083.334583333335
552.1342742326343	12883.08875
552.4920333665942	13150.69
552.8497467295313	12846.680416666664
553.2074143132876	12751.108541666668
553.565036109706	12754.749375
553.9226121106294	12782.965833333334
554.2801423078997	12657.357083333334
554.63762669336	12645.524374999999
554.9950652588526	12824.835416666667
555.3524579962202	12461.662291666666
555.7098048973054	12209.534583333334
556.0671059539508	12461.662291666667
556.4243611579986	12347.886250000001
556.7815705012921	12119.423958333333
557.1387339756732	12341.514791666666
557.495851572985	12234.110208333334
557.8529232850698	12072.093125000001
558.20994910377	11860.924791666666
558.5669290209286	11918.26791666667
558.9238630283878	12008.378541666665
559.2807511179905	11957.406875
559.6375932815791	11894.602499999999
559.9943895109963	11812.683750000002
560.3511397980844	11638.833958333335
560.7078441346864	11861.835000000001
561.0645025126445	11814.504166666666
561.4211149238015	11753.520208333333
561.77768136	11680.703541666668
562.1342018130823	11620.629791666666
562.4906762748914	11533.249791666667
562.8471047372697	11641.564583333333
563.2034871920595	11409.461458333333
563.5598236311037	11388.526666666667
563.9161140462448	12185.869166666665
564.2723584293254	11561.46625
564.6285567721882	11377.604166666666
564.9847090666755	11260.187291666667
565.34081530463	11383.065416666666
565.6968754778943	11634.282916666665
566.052889578311	11378.514374999999
566.4088575977227	11906.43520833333
566.7647795279719	11056.300624999998
567.1206553609012	11037.186249999999
567.4764850883533	11102.72125
567.8322687021706	10998.957499999999
568.1880061941957	11226.509583333333
568.5436975562714	11104.541666666666
568.89934278024	11107.272291666666
569.2549418579441	11058.121041666667
569.6104947812267	11263.828125
569.9660015419297	11058.121041666667
570.3214621318963	10796.89125
570.6768765429688	10729.535833333333
571.0322447669896	10728.625624999999
571.3875667958016	10686.756041666666
571.7428426212473	10962.549166666666
572.0980722351692	10486.510208333333
572.45325562941	10755.931875
572.8083927958121	10558.416666666666
573.1634837262183	10847.862916666667
573.5185284124709	10643.066041666667
573.8735268464127	10596.645416666666
574.2284790198863	10715.882708333333
574.5833849247341	10570.249375
574.9382445527988	10789.609583333333
575.293057895923	10639.425208333334
575.6478249459491	10592.094375
576.0025456947199	10795.070833333333
576.357220134078	10794.160625
576.7118482558658	11046.288333333332
577.066430051926	10778.687083333332
577.4209655141011	11018.982083333334
577.7754546342337	11191.011458333334
578.1298974041664	11123.656041666667
578.4842938157419	11272.930208333333
578.8386438608024	11270.199583333335
579.192947531191	11312.069166666666
579.54720481875	11485.00875
579.9014157153218	11425.845208333334
580.2555802127495	11662.499375
580.609698302875	11936.472083333334
580.9637699775415	11937.382291666667
581.3177952285913	12120.334166666667
581.6717740478667	12288.722708333333
582.0257064272109	12451.65
582.3795923584662	12667.369375
582.7334318334749	13162.522708333332
583.08722484408	13440.136249999998
583.4409713821237	13773.272500000001
583.794671439449	13660.406666666668
584.1483250078983	14222.915416666669
584.501932079314	14272.976875
584.8554926455387	14637.970416666669
585.2090066984154	15076.690833333332
585.5624742297861	15319.71645833333
585.9158952314937	15592.778958333334
586.2692696953808	15929.556041666665
586.6225976132899	16456.566666666666
586.9758789770636	16897.107500000002
587.3291137785446	17291.227708333336
587.6823020095754	17702.641875
588.0354436619982	18124.068333333333
588.3885387276563	18623.772708333334
588.7415871983918	18618.311458333334
589.0945890660471	19505.764583333334
589.4475443224653	19990.905625
589.8004529594888	20578.900208333333
590.15331496896	21077.694375000003
590.5061303427216	21692.995208333334
590.8588990726163	22012.478333333333
591.2116211504864	22646.893541666665
591.5642965681747	23426.94208333333
591.9169253175238	23245.810625
592.269507390376	23966.695625000004
592.6220427785742	24689.401041666668
592.974531473961	25253.730208333334
593.3269734683787	25927.284375
593.6793687536699	26072.917708333334
594.0317173216775	26672.745
594.3840191642438	27347.209375000002
594.7362742732114	27754.982708333333
595.0884826404231	28071.735208333335
595.4406442577213	28705.240208333333
595.7927591169484	29386.076041666664
596.1448272099474	29539.90125
596.4968485285606	30219.826875
596.8488230646306	30306.296666666665
597.2007508099999	30853.331875
597.5526317565115	31285.680833333336
597.9044658960074	32575.446041666666
598.2562532203306	32228.656666666666
598.6079937213235	32663.736249999998
598.9596873908287	32515.37229166667
599.3113342206889	33084.252499999995
599.6629342027466	33400.09479166667
600.0144873288441	35238.715625000004
600.3659935908244	34060.90604166666
600.71745298053	33926.19520833334
601.0688654898032	34615.22291666666
601.4202311104871	34740.83166666667
601.7715498344237	35017.534999999996
602.1228216534558	35518.149583333325
602.4740465594261	35686.538125
602.8252245441772	35884.05333333334
603.1763555995517	35702.011666666665
603.5274397173916	35898.61666666667
603.8784768895403	36722.35520833333
604.22946710784	36463.856041666666
604.5804103641332	36845.23333333333
604.9313066502625	37227.520833333336
605.2821559580708	36785.159583333334
605.6329582794003	37308.52937499999
605.9837136060937	37544.27333333334
606.3344219299937	37371.33375
606.6850832429426	38044.88791666667
607.0356975367833	37821.886875000004
607.3862648033582	39003.33729166666
607.73678503451	38154.112916666665
608.0872582220811	37766.364166666666
608.4376843579142	38119.525
608.7880634338519	38442.64895833333
609.1383954417366	37999.3775
609.4886803734113	38013.030625
609.838918220718	37735.417083333334
610.1891089754997	37557.01624999999
610.5392526295989	37572.48979166667
610.8893491748582	37794.580625
611.2393986031199	37267.57
611.589400906227	37036.37708333333
611.9393560760218	37315.81104166667
612.289264104347	37114.655
612.6391249830451	36959.009375
612.9889387039588	37042.74854166666
613.3387052589305	36780.60854166667
613.6884246398027	36372.83520833333
614.0380968384185	36458.39479166667
614.38772184662	36346.43916666667
614.7372996562499	36168.948541666665
615.0868302591509	35966.88229166667
615.4363136471654	36237.214166666665
615.785749812136	36164.3975
616.1351387459055	35720.21583333333
616.4844804403161	35654.68083333333
616.8337748872108	35612.81125
617.1830220784319	35475.369791666664
617.5322220058221	35481.74125
617.8813746612238	34956.551041666666
618.2304800364799	35319.72416666667
618.5795381234328	34792.713541666664
618.9285489139249	34640.70875
619.2775123997992	34509.638750000006
619.6264285728979	34583.365625
619.9752974250638	34305.75208333333
620.3241189481392	33892.517499999994
620.6728931339671	33867.941875
621.0216199743898	33220.78375
621.3702994612498	33401.005
621.71893158639	33191.65708333333
622.0675163416527	32901.300625
622.4160537188806	32505.36
622.7645437099163	32256.873125
623.1129863066024	32208.632083333334
623.4613815007812	32348.80416666667
623.8097292842956	31886.418333333335
624.1580296489882	31463.171458333334
624.5062825867013	31308.436041666664
624.8544880892778	31167.35375
625.20264614856	30735.004791666666
625.5507567563906	30398.227708333332
625.8988199046122	29823.88625
626.2468355850674	30091.487500000003
626.5948037895986	29783.837083333332
626.9427245100487	29741.057291666668
627.2905977382602	29312.349166666667
627.6384234660752	29083.886875
627.9862016853368	29182.189375
628.3339323878878	28551.414999999997
628.6816155655699	28272.89125
629.0292512102264	28545.95375
629.3768393136999	29405.190416666668
629.7243798678326	27884.232291666664
630.071872864467	28362.09166666667
630.4193182954463	27885.142499999998
630.7667161526125	27177.910625
631.1140664278083	26897.56645833333
631.4613691128765	26784.700624999998
631.8086241996596	26437.91125
632.1558316799999	26668.193958333333
632.5029915457404	26095.672916666666
632.8501037887233	26069.276875
633.1971684007915	25968.243749999998
633.5441853737874	25331.097916666666
633.8911546995539	25420.29833333333
634.2380763699327	25015.255625
634.5849503767676	25190.015625
634.9317767119002	24411.787500000002
635.2785553671735	24288.909375
635.6252863344299	24031.32041666667
635.9719696055123	23669.967708333334
636.318605172263	23635.379791666666
636.6651930265247	23096.536458333332
637.0117331601399	22862.612916666665
637.3582255649512	22878.08645833333
637.7046702328013	22811.64125
638.0510671555326	22203.622083333335
638.3974163249877	21798.579374999998
638.7437177330092	21735.774999999998
639.08997137144	23960.32416666667
639.4361772321222	21328.911875
639.7823353068986	20822.836041666666
640.1284455876117	20765.492916666666
640.4745080661042	20648.98625
640.8205227342187	20750.92958333333
641.1664895837977	20178.408541666668
641.5124086066837	19786.10875
641.8582797947192	19599.516041666666
642.2041031397473	19635.924375
642.54987863361	19356.490416666667
642.8956062681501	19478.458333333332
643.2412860352101	19148.962916666667
643.586917926633	19026.084791666668
643.9325019342607	19010.611249999998
644.2780380499362	18596.466458333332
644.623526265502	18392.579791666667
644.9689665728008	18381.657291666666
645.3143589636749	18449.922916666666
645.6597034299672	17879.222291666665
646.00499996352	17863.74875
646.3502485561759	18084.929375
646.6954491997778	17317.62375
647.040601886168	17239.345833333336
647.385706607189	17150.145416666666
647.7307633546837	16996.32020833333
648.0757721204944	16793.34375
648.4207328964637	16530.29354166667
648.7656456744345	16328.227291666664
649.1105104462491	16533.024166666666
649.4553272037499	16016.025833333333
649.8000959387799	16139.814166666665
650.1448166431815	16195.336875
650.4894893087971	15881.315
650.8341139274694	15457.157916666665
651.1786904910413	15259.642708333333
651.5232189913548	15077.601041666667
651.867699420253	15031.180416666668
652.2121317695781	14812.730416666667
652.5565160311729	14685.301249999999
652.9008521968799	14540.578125
653.2451402585418	14279.348333333333
653.589380208001	14261.144166666665
653.9335720371001	14394.034583333334
654.2777157376819	13898.88125
654.6218113015888	13928.007916666667
654.9658587206632	13532.067291666666
655.3098579867482	13583.949166666667
655.6538090916857	13502.030416666666
655.9977120273187	13245.351666666667
656.34156678549	13121.563333333334
656.6853733580418	13360.037916666668
657.0291317368166	12909.484791666668
657.3728419136573	12929.509375
657.7165038804063	12786.606666666667
658.0601176289063	12447.098958333334
658.4036831509995	12579.989375
658.7472004385293	12281.441041666665
659.0906694833374	12457.11125
659.4340902772667	12252.314375
659.77746281216	12204.073333333334
660.1207870798596	12049.337916666665
660.4640630722082	11826.336875
660.8072907810484	11819.965416666666
661.1504701982227	11735.316041666665
661.4936013155738	11521.417083333334
661.8366841249441	11233.79125
662.1797186181763	11181.909374999997
662.5227047871128	11141.860208333334
662.8656426235966	11367.591874999998
663.2085321194701	11017.161666666667
663.5513732665754	10833.299583333333
663.8941660567558	10693.1275
664.2369104818536	10724.074583333333
664.5796065337111	10578.441249999998
664.9222542041712	10443.730416666667
665.2648534850765	10433.718125
665.6074043682694	10501.073541666667
665.9499068455925	10231.651875000001
666.2923609088887	9983.165
666.63476655	9976.793541666666
666.9771237607694	9879.40125
667.3194325330395	9969.511874999998
667.6616928586526	9827.519375
668.0039047294514	9668.232916666668
668.3460681372787	9616.351041666667
668.6881830739768	9365.133541666668
669.0302495313884	9224.051249999999
669.3722675013561	9843.903124999999
669.7142369757223	9363.313125
670.0561579463299	8940.976458333333
670.3980304050212	9064.764791666666
670.7398543436391	8941.886666666667
671.0816297540256	8730.718333333332
671.4233566280238	9306.880208333334
671.7650349574764	8601.46875
672.1066647342252	8471.308958333333
672.4482459501136	8569.611458333333
672.7897785969838	8949.168333333333
673.1312626666784	8280.165208333334
673.4726981510399	8208.258749999999
673.8140850419113	8281.075416666667
674.1554233311347	8055.34375
674.4967130105528	7967.053541666667
674.8379540720083	7848.7264583333335
675.1791465073437	8221.001666666667
675.5202903084016	8169.119791666667
675.8613854670248	7581.125208333334
676.2024319750553	7806.856875
676.5434298243362	7776.82
676.88437900671	7619.353958333333
677.2252795140191	7486.463541666667
677.5661313381062	7466.438958333333
677.9069344708139	7264.372708333333
678.2476889039847	7201.568333333334
678.5883946294612	7033.1797916666665
678.9290516390861	7002.232708333333
679.2696599247018	7157.878333333333
679.6102194781508	7050.47375
679.9507302912762	6788.333750000001
680.29119235592	6862.970833333333
680.631605663925	6828.3829166666665
680.9719702071338	6645.431041666667
681.312285977389	6602.65125
681.6525529665331	6602.65125
681.9927711664087	6620.855416666666
682.3329405688585	6379.650208333333
682.6730611657248	6247.669999999999
683.0131329488505	6436.993333333333
683.353155910078	6103.857083333333
683.6931300412499	6288.629375
684.0330553342089	6224.004583333334
684.3729317807973	5960.954375
684.7127593728582	5983.709583333333
685.0525381022335	5991.901458333334
685.3922679607663	5769.810624999999
685.7319489402989	5848.088541666667
686.0715810326739	5756.1575
686.4111642297341	5702.455208333333
686.750698523322	5478.543958333333
687.0901839052799	5483.095
687.4296203674508	5306.514583333334
687.7690079016771	5384.7925
688.1083464998012	5412.09875
688.4476361536658	5347.473958333333
688.7868768551137	5346.56375
689.1260685959872	4997.953958333333
689.465211368129	5109.909583333333
689.8043051633817	5230.057083333333
690.1433499735879	5022.529583333333
690.48234579059	5999.183125
690.8212926062307	5705.185833333333
691.1601904123526	4867.7941666666675
691.4990392007982	4882.3575
691.8378389634104	4703.046458333333
692.1765896920311	4682.111666666667
692.5152913785035	4510.082291666667
692.8539440146701	4596.552083333333
693.1925475923734	4799.528541666667
693.5311021034557	4652.985
693.86960753976	6994.951041666667
694.2080638931286	4554.6825
694.5464711554041	4358.987708333333
694.8848293184293	4256.134166666667
695.2231383740468	4607.474583333333
695.5613983140987	4174.215416666666
695.899609130428	4068.63125
696.2377708148773	4153.280625
696.5758833592889	3992.17375
696.9139467555057	4128.704999999999
697.25196099537	4079.5537499999996
697.5899260707245	4163.292916666666
697.9278419734118	4161.4725
698.2657086952745	3856.552708333333
698.603526228155	3934.830625
698.9412945638961	4182.407291666667
699.2790136943405	3750.9685416666666
699.6166836113304	3764.6216666666664
699.9543043067085	3829.2464583333335
700.2918757723176	3910.2549999999997
700.629398	3778.2747916666667
700.9668709815984	3691.8050000000003
701.3042947089555	3483.367291666667
701.6416691739137	3696.3560416666664
701.9789943683154	3770.9931249999995
702.3162702840036	3476.995833333333
702.6534969128209	3366.860625
702.9906742466095	3268.558125
703.3278022772121	3447.869166666667
703.6648809964715	3265.8275
704.00191039623	3160.2433333333333
704.3388904683302	3173.896458333334
704.6758212046151	3001.867083333333
705.0127025969267	3292.2235416666663
705.3495346371078	3112.002291666667
705.6863173170012	3224.8681249999995
706.0230506284493	2995.495625
706.3597345632945	2890.8216666666667
706.6963691133798	2940.8831250000003
707.0329542705473	2772.494583333333
707.3694900266399	3033.7243750000002
707.7059763735002	2836.209166666666
708.0424133029707	2869.886875
708.3788008068938	2829.837708333333
708.7151388771123	2951.8056250000004
709.0514275054688	2932.69125
709.3876666838056	2953.6260416666664
709.7238564039657	2699.677916666667
710.0599966577913	2673.281875
710.3960874371253	2747.918958333333
710.73212873381	2783.4170833333333
711.0681205396882	3368.6810416666667
711.4040628466022	33142.50583333333
711.7399556463948	3845.6302083333335
712.0757989309087	2618.669375
712.4115926919862	2640.514375
712.7473369214699	2380.194791666667
713.0830316112028	2425.7052083333333
713.418676753027	2466.664583333333
713.7542723387851	2468.485
714.08981836032	2365.6314583333333
714.425314809474	2555.8650000000002
714.7607616780898	2369.2722916666667
715.09615895801	2310.10875
715.4315066410772	2262.7779166666664
715.7668047191336	2331.9537499999997
716.1020531840225	2329.223125
716.4372520275859	2221.818541666667
716.7724012416666	2340.1456249999997
717.107500818107	2255.49625
717.44255074875	2204.5245833333333
717.777551025438	2172.6672916666666
718.1125016400134	2176.308125
718.4474025843191	2146.27125
718.7822538501974	2284.6229166666667
719.1170554294912	2192.691875
719.4518073140429	2096.2097916666667
719.7865094956949	2175.3979166666663
720.1211619662901	2141.720208333333
720.4557647176711	2224.549166666666
720.7903177416799	2095.2995833333334
721.1248210301598	2176.308125
721.459274574953	2179.03875
721.7936783679021	2166.2958333333336
722.1280324008497	2067.0831249999997
722.4623366656388	2077.095416666667
722.7965911541114	2063.4422916666667
723.13079585811	2477.5870833333333
723.4649507694777	2201.7939583333336
723.7990558800569	2025.2135416666667
724.13311118169	2004.2787500000002
724.4671166662197	1926.911041666667
724.8010723254887	1886.8618749999998
725.1349781513393	1869.5679166666666
725.4688341356142	2052.519791666667
725.8026402701563	1855.0045833333334
726.1363965468076	1843.171875
726.4701029574111	1975.1520833333334
726.8037594938094	1940.5641666666668
727.1373661478447	2014.2910416666666
727.4709229113599	1879.5802083333335
727.8044297761977	1705.7304166666665
728.1378867342002	1790.3797916666665
728.4712937772103	1880.4904166666668
728.8046508970707	1735.7672916666668
729.1379580856236	1729.3958333333333
729.4712153347119	1735.7672916666668
729.8044226361783	1795.8410416666666
730.137579981865	1795.8410416666666
730.4706873636146	1758.5225
730.80374477327	1828.6085416666665
731.1367522026735	1831.3391666666666
731.4697096436678	1688.4364583333333
731.8026170880954	2021.5727083333331
732.1354745277993	1867.7475000000002
732.4682819546213	1875.0291666666665
732.8010393604045	1808.5839583333334
733.1337467369915	1995.1766666666665
733.4664040762245	1763.0735416666666
733.7990113699465	1713.0120833333333
734.1315686099999	1802.2124999999999
734.4640757882273	1899.6047916666666
734.7965328964714	1830.4289583333332
735.1289399265746	1838.6208333333334
735.4612968703796	1669.3220833333332
735.7936037197286	1955.1274999999998
736.1258604664649	1696.6283333333333
736.4580671024305	1669.3220833333332
736.7902236194681	1652.9383333333335
737.1223300094205	1610.1585416666667
737.45438626413	1526.4193750000002
737.7863923754393	1645.6566666666665
738.118348335191	1582.8522916666668
738.4502541352277	1577.3910416666668
738.7821097673918	1624.721875
739.1139152235262	1662.0404166666667
739.4456704954733	1779.4572916666666
739.7773755750756	1646.5668749999998
740.1090304541757	1511.8560416666667
740.4406351246164	1613.7993749999998
740.7721895782399	1848.633125
741.1036938068892	1672.9629166666666
741.4351478024066	1536.4316666666666
741.7665515566348	1763.98375
742.0979050614163	1986.0745833333333
742.4292083085937	1824.9677083333333
742.7604612900096	1692.9875
743.0916639975067	1767.6245833333335
743.4228164229273	1551.9052083333333
743.7539185581142	1486.370208333333
744.0849703949099	1630.1831249999998
744.4159719251571	1610.1585416666667
744.7469231406983	1561.0072916666668
745.0778240333758	1666.5914583333333
745.4086745950326	1500.0233333333333
745.7394748175113	1744.869375
746.0702246926539	1507.305
746.4009242123037	1551.9052083333333
746.731573368303	1557.3664583333332
747.0621721524942	1490.0110416666666
747.39272055672	1569.1991666666665
747.723218572823	1610.1585416666667
748.0536661926458	1491.8314583333333
748.384063408031	1463.615
748.7144102108211	1524.5989583333333
749.0447065928587	1753.06125
749.3749525459865	1553.725625
749.7051480620469	1618.350416666667
750.0352931328825	1484.5497916666666
750.365387750336	1629.2729166666666
750.6954319062501	1561.0072916666668
751.025425592467	1499.1131249999999
751.3553688008293	1451.7822916666667
751.6852615231801	1444.500625
752.0151037513616	1795.8410416666666
752.3448954772161	1629.2729166666668
752.6746366925869	1759.4327083333335
753.004327389316	1694.8079166666666
753.333967559246	2131.7079166666667
753.66355719422	1561.0072916666668
753.99309628608	1485.4599999999998
754.3225848266688	1582.8522916666668
754.652022807829	1488.190625
754.9814102214033	1527.3295833333334
755.3107470592339	1506.3947916666666
755.6400333131637	1510.9458333333332
755.9692689750353	1530.9704166666668
756.298454036691	1408.0922916666666
756.6275884899737	1539.1622916666665
756.9566723267259	1449.0516666666665
757.28570553879	1567.3787499999999
757.6146881180086	1648.3872916666667
757.9436200562246	1417.194375
758.2725013452803	1361.6716666666664
758.6013319770183	1775.8164583333335
758.9301119432813	1530.0602083333333
759.2588412359117	1419.925
759.5875198467521	1350.7491666666667
759.9161477676453	1539.1622916666668
760.2447249904338	1420.8352083333332
760.5732515069599	1409.0024999999998
760.9017273090666	1480.9089583333334
761.2301523885964	1632.0035416666667
761.5585267373914	1486.3702083333335
761.8868503472946	1450.8720833333334
762.2151232101487	1512.76625
762.5433453177961	1539.1622916666665
762.8715166620792	1499.1131249999999
763.1996372348409	1352.5695833333332
763.5277070279236	1523.68875
763.85572603317	1340.7368749999998
764.1836942424226	1385.337083333333
764.5116116475239	1523.68875
764.8394782403163	1475.4477083333331
765.1672940126431	1368.9533333333336
765.4950589563462	1329.814375
765.8227730632684	1366.2227083333335
766.1504363252524	1400.810625
766.4780487341407	1470.8966666666668
766.8056102817754	1378.965625
767.13312096	1558.2766666666666
767.4605807606565	1329.8143750000002
767.7879896755875	1358.0308333333335
768.1153476966355	1535.5214583333334
768.4426548156436	1503.6641666666667
768.7699110244537	1459.9741666666666
769.0971163149088	1658.399583333333
769.4242706788516	1388.9779166666667
769.7513741081242	1408.0922916666666
770.0784265945695	1358.9410416666667
770.40542813003	1429.0270833333334
770.7323787063482	1418.1045833333335
771.059278315367	1697.5385416666668
771.3861269489287	1610.1585416666667
771.7129245988758	1567.37875
772.0396712570512	1510.0356249999998
772.3663669152974	1494.5620833333335
772.6930115654565	1434.4883333333335
773.0196051993717	1378.0554166666668
773.3461478088853	1494.5620833333335
773.6726393858401	1413.553541666667
773.9990799220781	1391.7085416666666
774.3254694094426	1497.2927083333334
774.6518078397759	1560.0970833333333
774.9780952049204	1345.287916666667
775.3043314967188	1374.4145833333332
775.6305167070137	1486.370208333333
775.9566508276476	1528.2397916666666
776.2827338504633	1467.2558333333334
776.6087657673032	1411.733125
776.93474657001	1339.8266666666666
777.2606762504261	1371.6839583333333
777.5865548003943	1365.3125
777.9123822117568	1403.5412500000002
778.2381584763566	1339.8266666666666
778.5638835860362	1342.5572916666667
778.889557532638	1283.39375
779.2151803080047	1448.1414583333335
779.540751903979	1605.6075
779.8662723124031	1280.663125
780.1917415251199	1340.736875
780.5171595339721	1529.1499999999999
780.8425263308019	1420.8352083333332
781.1678419074518	1620.1708333333336
781.493106255765	1504.5743750000001
781.8183193675837	1491.8314583333333
782.1434812347505	1421.7454166666666
782.4685918491078	1467.2558333333334
782.7936512024986	1319.8020833333335
783.118659286765	1358.0308333333332
783.4436160937499	1651.1179166666668
783.768521615296	1296.1366666666665
784.0933758432454	2061.6218750000003
784.418178769441	1316.16125
784.7429303857256	1409.0024999999998
785.0676306839412	1290.6754166666667
785.3922796559308	1383.5166666666667
785.716877293537	1362.581875
786.0414235886021	1404.4514583333332
786.3659185329689	1267.0100000000002
786.69036211848	1414.46375
787.0147543369778	1688.4364583333333
787.339095180305	1368.9533333333336
787.6633846403042	1352.5695833333334
787.987622708818	1378.965625
788.3118093776886	1347.1083333333333
788.6359446387593	1475.4477083333331
788.9600284838722	1364.4022916666665
789.2840609048698	1311.6102083333333
789.6080418935949	1371.6839583333333
789.93197144189	1310.7
790.2558495415977	1369.8635416666668
790.5796761845605	1411.733125
790.9034513626214	1392.6187499999999
791.2271750676223	1396.2595833333332
791.5508472914062	1327.0837499999998
791.8744680258158	1339.8266666666666
792.1980372626931	1481.819166666667
792.5215549938813	1341.6470833333333
792.8450212112227	1634.7341666666669
793.16843590656	1586.493125
793.4917990717355	1518.2275
793.8151106985922	1557.3664583333332
794.1383707789723	1214.2179166666667
794.4615793047186	1484.5497916666666
794.7847362676737	1425.3862499999998
795.1078416596802	1445.4108333333334
795.4308954725801	1237.8833333333334
795.7538976982169	1588.3135416666667
796.0768483284327	4039.5045833333334
796.3997473550701	1809.4941666666666
796.7225947699715	1490.0110416666666
797.0453905649798	1452.6925
797.3681347319375	1244.2547916666667
797.690827262687	1280.663125
798.0134681490712	1272.4712499999998
798.3360573829325	1467.2558333333334
798.6585949561133	1379.8758333333333
798.9810808604566	1400.810625
799.3035150878045	1286.124375
799.6258976299999	1749.4204166666666
799.9482284788854	1503.6641666666667
800.2705076263034	1782.1879166666665
800.5927350640966	1364.4022916666665
800.9149107841075	1485.46
801.2370347781787	1715.7427083333332
801.5591070381528	1365.3125
801.8811275558725	1398.08
802.2030963231803	1412.6433333333334
802.5250133319183	1463.615
802.84687857393	1364.4022916666665
803.1686920410574	1479.0885416666667
803.4904537251431	1480.9089583333334
803.8121636180297	1493.6518749999998
804.13382171156	1321.6225000000002
804.4554279975763	1247.895625
804.7769824679212	1418.1045833333335
805.0984851144376	1461.7945833333333
805.4199359289677	1391.7085416666666
805.7413349033543	1389.8881250000002
806.06268202944	1359.85125
806.3839772990672	1422.655625
806.7052207040786	2496.7014583333334
807.0264122363169	1485.46
807.3475518876243	1390.7983333333334
807.6686396498436	1433.578125
807.9896755148177	1380.7860416666665
808.3106594743887	1492.7416666666668
808.6315915203992	1562.8277083333332
808.9524716446922	1367.1329166666667
809.2732998391101	1305.23875
809.594076095495	1439.949583333333
809.9148004056901	1344.3777083333334
810.235472761538	1291.585625
810.5560931548807	1333.4552083333335
810.8766615775612	1316.1612499999999
811.1971780214221	1338.9164583333334
811.5176424783058	1288.8549999999998
811.8380549400548	1345.2879166666664
812.1584153985121	1387.1575
812.4787238455199	1302.5081249999998
812.7989802729209	1286.124375
813.1191846725578	1415.3739583333333
813.4393370362732	1358.9410416666667
813.759437355909	1402.6310416666668
814.0794856233088	1472.7170833333332
814.3994818303146	1267.9202083333332
814.7194259687689	1292.4958333333334
815.0393180305146	1313.430625
815.3591580073941	1437.2189583333331
815.6789458912499	1356.2104166666668
815.9986816739249	1341.6470833333333
816.3183653472614	1315.2510416666667
816.637996903102	1455.423125
816.9575763332895	1560.0970833333333
817.2771036296664	1861.3760416666667
817.5965787840748	1390.7983333333334
817.9160017883579	1548.264375
818.2353726343582	1488.190625
818.5546913139178	1328.9041666666665
818.87395781888	1394.4391666666668
819.1931721410868	1183.2708333333333
819.5123342723809	1685.7058333333334
819.8314442046052	1322.5327083333332
820.1505019296019	1459.9741666666669
820.4695074392138	1321.6225000000002
820.7884607252832	1249.7160416666666
821.107361779653	1369.8635416666668
821.4262105941658	1253.3568750000002
821.7450071606638	1316.16125
822.0637514709899	1537.341875
822.3824435169868	1497.2927083333334
822.7010832904965	1419.0147916666665
823.0196707833622	2201.793958333333
823.3382059874264	1406.2718749999997
823.6566888945312	1228.78125
823.9751194965196	1246.9854166666667
824.2934977852343	1343.4675
824.6118237525172	1246.9854166666667
824.9300973902117	1247.895625
825.24831869016	1288.855
825.5664876442045	1424.4760416666668
825.8846042441882	1546.4439583333333
826.2026684819534	1315.2510416666667
826.5206803493426	1340.7368749999998
826.8386398381987	1406.2718750000001
827.156546940364	1441.7699999999998
827.4744016476814	1317.0714583333336
827.7922039519929	1497.2927083333334
828.1099538451416	2922.6789583333334
828.42765131897	1375.3247916666667
828.7452963653204	1370.7737500000003
829.0628889760359	1347.1083333333333
829.3804291429586	1322.5327083333332
829.697916857931	1338.0062500000001
830.0153521127962	1268.8304166666667
830.3327348993965	1284.3039583333334
830.6500652095742	1330.7245833333334
830.9673430351726	1407.1820833333334
831.2845683680337	1498.2029166666669
831.6017411999999	1269.7406250000001
831.9188615229143	1490.0110416666666
832.2359293286195	1717.563125
832.5529446089574	1409.9127083333333
832.8699073557715	1409.9127083333333
833.1868175609037	1287.9447916666668
833.5036752161967	1234.2425
833.8204803134935	1346.198125
834.1372328446362	1288.855
834.4539328014675	1384.426875
834.7705801758299	1353.4797916666666
835.0871749595664	1370.77375
835.4037171445192	1306.1489583333332
835.7202067225306	1226.9608333333333
836.0366436854439	1224.2302083333334
836.3530280251014	1398.9902083333334
836.6693597333452	1419.925
836.9856388020186	1388.9779166666667
837.3018652229639	1458.1537500000002
837.6180389880233	1388.0677083333333
837.9341600890399	1340.7368749999998
838.2502285178563	1313.430625
838.5662442663146	1297.046875
838.8822073262578	1264.279375
839.1981176895283	1377.1452083333334
839.5139753479687	1283.39375
839.8297802934217	1307.969375
840.1455325177297	1223.32
840.4612320127352	1335.275625
840.7768787702812	1324.3531249999999
841.0924727822099	1424.4760416666668
841.4080140403643	1212.3975
841.7235025365862	1292.4958333333334
842.038938262719	1341.6470833333333
842.3543212106048	1283.39375
842.6696513720862	1444.500625
842.9849287390061	2068.9035416666666
843.3001533032069	1330.7245833333334
843.6153250565309	1356.2104166666666
843.9304439908211	1358.9410416666667
844.24551009792	1301.5979166666668
844.5605233696699	1292.4958333333334
844.8754837979137	1261.54875
845.190391374494	1345.2879166666667
845.5052460912531	1326.1735416666668
845.8200479400336	1427.2066666666667
846.1347969126784	2351.978333333333
846.4494930010297	1371.6839583333333
846.7641361969305	1516.4070833333333
847.0787264922232	1581.031875
847.3932638787498	1672.0527083333334
847.7077483483539	1271.5610416666666
848.0221798928775	1324.3531249999999
848.3365585041632	1629.2729166666668
848.6508841740534	1295.2264583333333
848.9651568943913	1250.62625
849.2793766570189	3016.4304166666666
849.5935434537789	1610.1585416666667
849.9076572765141	1301.5979166666666
850.221718117067	1287.9447916666666
850.5357259672799	1442.6802083333332
850.8496808189958	1222.4097916666667
851.1635826640571	1267.01
851.4774314943061	1300.6877083333331
851.7912273015859	1372.5941666666665
852.1049700777388	1299.7775
852.4186598146072	1561.0072916666668
852.732296504034	1257.9079166666668
853.0458801378618	1238.7935416666667
853.3594107079327	1205.1158333333333
853.67288820609	1234.2425
853.9863126241758	1301.5979166666668
854.2996839540325	1301.5979166666666
854.6130021875033	1216.9485416666666
854.9262673164303	1449.961875
855.2394793326564	1272.47125
855.5526382280236	1344.3777083333332
855.8657439943752	1308.8795833333331
856.1787966235535	1240.6139583333334
856.4917961074007	1223.32
856.80474243776	1277.9325
857.1176356064736	1304.3285416666668
857.4304756053841	1425.3862500000002
857.7432624263345	1278.8427083333333
858.0559960611668	1512.76625
858.3686765017236	1198.744375
858.681303739848	1215.128125
858.9938777673823	1226.9608333333333
859.3063985761688	1959.678541666667
859.6188661580505	1268.8304166666667
859.93128050487	1320.7122916666667
860.2436416084694	1170.5279166666667
860.5559494606917	1223.32
860.8682040533795	1249.7160416666666
861.1804053783749	1236.0629166666665
861.4925534275212	1228.78125
861.8046481926605	1219.6791666666668
862.1166896656355	1199.6545833333332
862.4286778382884	1210.5770833333333
862.7406127024626	1287.9447916666668
863.0524942500001	1122.286875
863.3643224727433	1259.7283333333332
863.6760973625354	1411.733125
863.9878189112187	1204.205625
864.2994871106355	1336.1858333333334
864.6111019526287	1497.2927083333334
864.9226634290409	1209.666875
865.2341715317144	1577.3910416666665
865.5456262524921	1357.1206250000002
865.8570275832164	1374.4145833333334
866.1683755157298	1169.6177083333334
866.4796700418752	1238.7935416666667
866.7909111534951	1256.9977083333333
867.1020988424316	1277.9325
867.4132331005279	1157.7849999999999
867.7243139196262	1195.1035416666666
868.0353412915691	1172.3483333333334
868.3463152081995	1535.5214583333334
868.6572356613597	1252.4466666666667
868.9681026428924	1269.7406250000001
869.2789161446399	1134.1195833333334
869.5896761584452	1256.0874999999999
869.9003826761507	1201.475
870.2110356895988	1266.0997916666668
870.5216351906323	1175.0789583333333
870.8321811710938	1335.2756250000002
871.1426736228256	1238.793541666667
871.4531125376707	1106.8133333333333
871.7634979074714	1136.8502083333333
872.0738297240702	1216.9485416666666
872.38410797931	1367.1329166666667
872.6943326650331	1199.6545833333334
873.0045037730821	1169.6177083333332
873.3146212952998	1138.670625
873.6246852235287	1123.1970833333332
873.9346955496112	1187.8218749999999
874.24465226539	1179.63
874.5545553627078	1794.0206249999999
874.8644048334069	1357.1206249999998
875.17420066933	1119.5562499999999
875.48394286232	1249.7160416666668
875.793631404219	1232.4220833333331
876.1032662868698	1855.9147916666668
876.4128475021149	1295.2264583333333
876.7223750417972	1369.8635416666666
877.0318488977587	1153.2339583333335
877.3412690618425	1236.973125
877.650635525891	1234.2425
877.9599482817465	1184.1810416666667
878.269207321252	1160.515625
878.57841263625	1070.405
878.8875642185828	1144.1318749999998
879.1966620600934	1211.4872916666666
879.5057061526242	1066.7641666666666
879.8146964880174	1180.5402083333336
880.1236330581162	1339.8266666666666
880.4325158547629	1567.3787499999999
880.7413448697998	1381.69625
881.05012009507	1321.6225000000002
881.358841522416	1246.0752083333334
881.6675091436798	1221.4995833333335
881.9761229507047	1256.9977083333333
882.2846829353331	1135.9399999999998
882.5931890894074	1131.3889583333334
882.9016414047699	1253.3568750000002
883.2100398732638	1216.9485416666669
883.5183844867314	1146.8625000000002
883.826675237015	1176.8993750000002
884.1349121159577	1292.4958333333334
884.4430951154019	1575.570625
884.7512242271898	1369.8635416666668
885.0592994431647	1345.2879166666664
885.3673207551687	1360.7614583333332
885.6752881550442	1164.1564583333334
885.9832016346343	1162.3360416666667
886.2910611857814	1190.5525
886.5988668003275	1273.3814583333333
886.9066184701161	1338.0062500000001
887.2143161869893	1084.9683333333332
887.5219599427896	1148.6829166666666
887.82954972936	1203.2954166666668
888.1370855385427	1370.77375
888.4445673621801	1164.1564583333334
888.7519951921154	1298.8672916666667
889.0593690201907	1229.6914583333335
889.3666888382488	1148.6829166666666
889.673954638132	1227.8710416666665
889.9811664116833	1185.0912500000002
890.288324150745	1188.7320833333335
890.5954278471595	1229.6914583333332
890.90247749277	1237.8833333333332
891.2094730794186	1381.69625
891.5164145989478	1246.9854166666667
891.8233020432004	1474.5375000000001
892.1301354040191	1491.8314583333333
892.4369146732461	1272.4712499999998
892.7436398427244	1145.9522916666667
893.0503109042965	1578.3012500000002
893.3569278498044	1154.1441666666667
893.6634906710915	1255.1772916666666
893.96999936	1265.1895833333335
894.2764539083722	1694.8079166666666
894.5828543080514	1490.92125
894.8892005508795	1193.283125
895.1954926286993	1199.6545833333332
895.5017305333536	2039.7768750000002
895.8079142566849	1230.6016666666667
896.1140437905356	1169.6177083333334
896.4201191267481	1224.2302083333334
896.7261402571654	1085.8785416666667
897.03210717363	1195.1035416666666
897.3380198679843	1206.0260416666667
897.643878332071	1317.9816666666666
897.9496825577328	1587.4033333333334
898.2554325368118	1260.6385416666665
898.5611282611512	1403.54125
898.8667697225933	1284.3039583333332
899.1723569129805	1221.4995833333335
899.4778898241558	1184.1810416666667
899.7833684479614	1472.7170833333332
900.0887927762399	1134.1195833333334
900.3941628008342	1135.94
900.6994785135867	1248.8058333333336
901.0047399063398	1392.6187499999999
901.3099469709363	1746.6897916666667
901.6150996992188	1258.818125
901.9201980830295	1171.438125
902.2252421142116	2187.230625
902.5302317846073	1202.3852083333334
902.8351670860594	1208.756666666667
903.1400480104098	1385.337083333333
903.4448745495021	1342.5572916666667
903.7496466951783	1517.3172916666665
904.0543644392808	1400.810625
904.3590277736527	1154.1441666666667
904.6636366901363	1153.2339583333332
904.968191180574	1235.1527083333333
905.2726912368087	1393.5289583333335
905.5771368506829	1292.4958333333334
905.8815280140391	1295.2264583333333
906.18586471872	1601.0564583333335
906.490146956568	1224.2302083333334
906.7943747194257	1270.6508333333334
907.0985479991359	1536.4316666666666
907.4026667875411	1409.9127083333333
907.7067310764836	1283.3937500000002
908.0107408578065	1188.7320833333333
908.3146961233518	1327.9939583333335
908.6185968649625	1221.4995833333335
908.9224430744811	1439.9495833333333
909.2262347437501	1289.7652083333332
909.529971864612	1300.6877083333331
909.8336544289094	6669.096458333333
910.137282428485	1458.1537500000002
910.4408558551816	1265.189583333333
910.7443747008411	1174.16875
911.0478389573069	1495.4722916666667
911.351248616421	1788.559375
911.6546036700261	1358.0308333333335
911.9579041099649	1288.855
912.26114992808	1208.756666666667
912.5643411162137	1873.20875
912.867477666209	1597.4156249999999
913.1705595699083	1226.050625
913.4735868191539	1130.47875
913.7765594057887	1194.1933333333334
914.0794773216553	1112.274583333333
914.382340558596	1208.7566666666667
914.6851491084537	1737.5877083333332
914.9879029630708	1338.0062500000001
915.2906021142899	1256.9977083333333
915.5932465539537	1327.08375
915.8958362739046	1255.1772916666666
916.1983712659853	1186.9116666666666
916.5008515220383	1338.00625
916.8032770339062	1156.8747916666666
917.1056477934318	1134.1195833333334
917.407963792457	1583.7625
917.7102250228253	1304.3285416666668
918.0124314763789	1222.4097916666667
918.3145831449599	1170.5279166666667
918.6166800204115	1221.4995833333335
918.9187220945763	1302.508125
919.2207093592963	1985.164375
919.5226418064146	1180.540208333333
919.8245194277738	1234.2425
920.1263422152159	1198.744375
920.4281101605843	1179.6299999999999
920.7298232557209	1138.670625
921.0314814924685	1183.2708333333333
921.3330848626699	1219.6791666666666
921.6346333581675	1527.3295833333334
921.9361269708037	1249.7160416666666
922.2375656924214	1139.5808333333334
922.538949514863	1158.6952083333333
922.8402784299712	1302.508125
923.1415524295884	1309.7897916666668
923.4427715055573	1248.805833333333
923.7439356497206	1193.283125
924.0450448539206	1177.8095833333334
924.34609911	1206.0260416666667
924.6470984098015	1254.2670833333332
924.9480427451673	1196.01375
925.2489321079405	1291.585625
925.5497664899635	1187.8218749999999
925.8505458830786	1261.54875
926.1512702791289	1135.9399999999998
926.4519396699565	1198.744375
926.752554047404	1294.31625
927.0531134033143	1264.2793749999998
927.35361772953	1111.3643749999999
927.6540670178932	1110.4541666666667
927.9544612602471	1321.6225000000002
928.2548004484337	1095.8908333333334
928.5550845742961	1127.748125
928.8553136296762	1213.3077083333333
929.1554876064173	1151.4135416666666
929.4556064963617	1334.3654166666668
929.7556702913517	1390.7983333333334
930.0556789832303	1343.4675
930.35563256384	1310.7
930.6555310250232	1347.1083333333333
930.9553743586226	1150.5033333333333
931.2551625564809	1217.85875
931.5548956104402	1315.2510416666664
931.8545735123437	1214.2179166666667
932.1541962540336	1238.7935416666667
932.4537638273525	1094.980625
932.7532762241433	1226.050625
933.0527334362483	1382.6064583333334
933.3521354555098	1204.205625
933.6514822737711	1180.5402083333336
933.9507738828743	1508.215208333333
934.2500102746618	1265.1895833333335
934.5491914409766	1187.8218749999999
934.8483173736612	1477.2681249999998
935.1473880645581	1258.818125
935.4464035055097	1154.1441666666667
935.745363688359	1145.0420833333335
936.0442686049482	1275.201875
936.3431182471198	1197.8341666666665
936.641912606717	1164.1564583333334
936.9406516755819	1155.054375
937.239335445557	1215.1281250000002
937.537963908485	1122.286875
937.8365370562088	1345.287916666667
938.1350548805704	1151.4135416666668
938.4335173734129	1080.4172916666666
938.7319245265786	1145.0420833333335
939.0302763319099	1128.6583333333333
939.3285727812499	1206.93625
939.626813866441	1087.6989583333334
939.9249995793253	1177.8095833333334
940.223129911746	1112.2745833333333
940.5212048555455	1141.40125
940.8192244025662	1153.2339583333332
941.1171885446508	1190.5525
941.415097273642	1153.2339583333335
941.7129505813822	1206.0260416666667
942.0107484597139	1246.9854166666667
942.30849090048	1150.5033333333333
942.6061778955228	1105.9031249999998
942.9038094366849	1593.7747916666667
943.2013855158092	1815.8656249999997
943.4989061247379	1200.5647916666667
943.7963712553136	1242.434375
944.0937808993792	1199.6545833333332
944.3911350487772	1220.5893749999998
944.6884336953495	1350.7491666666667
944.9856768309398	1578.3012499999998
945.28286444739	1337.0960416666667
945.5799965365427	1648.3872916666667
945.8770730902406	1267.9202083333332
946.1740941003263	1282.4835416666667
946.4710595586421	1397.1697916666665
946.7679694570312	1279.7529166666666
947.0648237873357	1180.5402083333333
947.3616225413981	1163.24625
947.6583657110614	1136.8502083333333
947.9550532881678	1240.6139583333334
948.25168526456	1334.3654166666668
948.5482616320805	1287.0345833333333
948.8447823825722	1384.426875
949.1412475078774	1254.2670833333334
949.4376569998386	1167.7972916666668
949.7340108502987	1107.723541666667
950.0303090511001	1063.1233333333332
950.3265515940852	1262.4589583333334
950.6227384710969	1069.4947916666667
950.9188696739777	1149.593125
951.2149451945699	1236.9731249999998
951.5109650247166	1198.744375
951.8069291562598	1147.7727083333332
952.1028375810424	1166.8870833333333
952.3986902909071	1443.5904166666667
952.6944872776962	1185.0912500000002
952.9902285332523	1116.825625
953.2859140494182	1264.279375
953.5815438180365	1195.1035416666666
953.8771178309494	1544.6235416666666
954.1726360799998	1296.1366666666665
954.4680985570304	1099.5316666666668
954.7635052538835	1128.6583333333335
955.0588561624015	1196.9239583333333
955.3541512744275	1143.2216666666666
955.6493905818038	1173.2585416666668
955.9445740763729	1275.201875
956.2397017499775	1328.904166666667
956.5347735944603	1309.7897916666666
956.8297896016634	1323.4429166666666
957.1247497634299	1327.9939583333332
957.4196540716023	1278.8427083333333
957.7145025180229	1146.8625
958.0092950945348	1183.2708333333333
958.3040317929799	1201.4750000000001
958.5987126052012	1309.7897916666666
958.8933375230413	2038.8666666666668
959.1879065383425	1486.3702083333335
959.4824196429477	1544.6235416666666
959.7768768286993	1227.8710416666665
960.07127808744	1359.85125
960.3656234110122	1162.3360416666667
960.6599127912586	1200.5647916666667
960.9541462200218	1096.8010416666666
961.2483236891444	1153.2339583333332
961.5424451904687	1376.235
961.8365107158377	1245.165
962.1305202570937	1180.5402083333336
962.4244738060793	1377.1452083333334
962.7183713546373	1210.5770833333333
963.01221289461	1139.5808333333334
963.3059984178401	1143.2216666666666
963.5997279161703	1103.1725
963.893401381443	1220.589375
964.1870188055007	1326.1735416666668
964.4805801801863	1143.2216666666668
964.7740854973422	1326.1735416666668
965.0675347488107	1273.3814583333333
965.3609279264349	1297.046875
965.6542650220572	1216.0383333333334
965.9475460275199	1125.0175000000002
966.240770934666	1097.71125
966.5339397353379	1246.0752083333334
966.8270524213779	1121.3766666666668
967.120108984629	1140.491041666667
967.4131094169337	1241.5241666666668
967.7060537101345	1222.4097916666667
967.9989418560739	1216.0383333333332
968.2917738465945	1246.0752083333334
968.5845496735391	1381.69625
968.8772693287499	1198.744375
969.16993280407	1120.4664583333333
969.4625400913416	1090.4295833333333
969.755091182407	1158.6952083333333
970.0475860691095	1834.0697916666666
970.3400247432913	1314.3408333333334
970.6324071967948	1634.7341666666669
970.924733421463	1233.3322916666668
971.2170034091381	1161.4258333333335
971.5092171516628	1194.1933333333334
971.80137464088	2199.9735416666667
972.0934758686318	1186.0014583333334
972.385520826761	1328.904166666667
972.6775095071101	1198.744375
972.9694419015219	1259.7283333333335
973.2613180018386	1165.976875
973.5531377999032	1172.3483333333334
973.8449012875581	1141.4012500000001
974.1366084566458	1144.131875
974.4282592990087	1394.4391666666668
974.71985380649	1172.3483333333334
975.0113919709318	1255.1772916666666
975.3028737841765	1071.3152083333332
975.5942992380673	1105.903125
975.8856683244463	1130.47875
976.1769810351561	1196.9239583333333
976.4682373620396	1368.043125
976.7594372969393	1184.1810416666665
977.0505808316972	1181.4504166666666
977.3416679581567	1407.1820833333334
977.6326986681601	1346.1981250000001
977.9236729535495	1205.1158333333333
978.2145908061682	1196.9239583333335
978.5054522178584	2524.9179166666668
978.7962571804626	1214.2179166666667
979.0870056858237	1208.7566666666667
979.3776977257842	1418.1045833333335
979.6683332921862	1302.508125
979.9589123768728	1586.4931250000002
980.2494349716867	1418.1045833333335
980.53990106847	1288.855
980.8303106590655	1361.6716666666666
981.1206637353158	1182.360625
981.4109602890635	1165.0666666666666
981.7012003121511	1303.4183333333333
981.9913837964212	1348.9287499999998
982.2815107337166	1304.3285416666668
982.5715811158793	1138.670625
982.8615949347526	1109.5439583333334
983.1515521821785	1220.5893749999998
983.4414528499998	1268.8304166666667
983.7312969300594	1322.5327083333334
984.0210844141994	1421.7454166666666
984.3108152942625	1510.9458333333332
984.6004895620915	1240.6139583333334
984.8901072095288	1220.589375
985.1796682284167	1218.7689583333333
985.4691726105984	1339.8266666666666
985.7586203479162	1681.1547916666666
986.0480114322123	1152.3237500000002
986.33734585533	1101.3520833333332
986.6266236091113	1150.5033333333333
986.9158446853992	1575.570625
987.2050090760357	1216.0383333333332
987.4941167728639	1110.4541666666667
987.7831677677262	1116.8256250000002
988.0721620524652	1264.2793749999998
988.3610996189235	1124.1072916666665
988.6499804589438	1340.736875
988.9388045643683	1163.24625
989.2275719270399	1088.6091666666669
989.5162825388013	1145.9522916666667
989.8049363914945	1128.6583333333333
990.0935334769628	1181.4504166666668
990.3820737870484	1138.670625
990.6705573135936	1341.6470833333333
990.9589840484416	1286.1243749999999
991.2473539834347	1216.9485416666666
991.5356671104153	1597.4156249999999
991.8239234212261	1236.0629166666665
992.1121229077099	1186.9116666666666
992.400265561709	1155.9645833333334
992.6883513750662	1168.7075
992.9763803396239	1106.8133333333333
993.2643524472247	1338.0062500000001
993.5522676897112	1168.7074999999998
993.8401260589261	1148.6829166666666
994.1279275467119	1068.5845833333333
994.4156721449109	1271.5610416666666
994.7033598453662	1364.4022916666665
994.99099063992	1273.3814583333333
995.2785645204149	1133.2093750000001
995.5660814786938	1209.6668750000001
995.853541506599	1196.9239583333333
996.140944595973	1268.8304166666667
996.4282907386587	1329.8143750000002
996.7155799264985	1179.6299999999999
997.0028121513348	1379.8758333333335
997.2899874050105	1256.0874999999999
997.5771056793681	1104.0827083333334
997.8641669662499	1070.405
998.1511712574988	1269.7406250000001
998.4381185449574	1166.8870833333333
998.725008820468	1349.8389583333335
999.0118420758735	1173.2585416666668
999.2986183030163	1175.9891666666665
999.585337493739	1218.7689583333333
999.8719996398839	1161.4258333333332
1000.158604733294	1161.4258333333335
1000.445152765812	1521.868333333333
1000.7316437292799	1130.47875
1001.0180776155407	1327.9939583333335
1001.3044544164371	1117.7358333333334
1001.5907741238111	1478.1783333333333
1001.8770367295059	1690.256875
1002.1632422253638	1229.6914583333335
1002.4493906032271	1225.1404166666669
1002.735481854939	1130.47875
1003.0215159723417	1426.2964583333332
1003.3074929472778	1212.3974999999998
1003.59341277159	1284.3039583333332
1003.8792754371208	1267.01
1004.1650809357126	1328.9041666666665
1004.4508292592081	1365.3125
1004.7365203994503	1327.08375
1005.0221543482811	1117.7358333333334
1005.3077310975436	1280.663125
1005.5932506390802	1146.8625
1005.8787129647335	1166.8870833333333
1006.1641180663456	1228.78125
1006.4494659357599	1247.895625
1006.7347565648188	1212.3975
1007.0199899453642	1718.4733333333334
1007.3051660692394	1184.1810416666667
1007.5902849282868	1103.1725
1007.8753465143486	1175.0789583333333
1008.160350819268	1287.9447916666666
1008.4452978348874	1239.7037500000001
1008.7301875530488	1327.08375
1009.0150199655957	1331.6347916666666
1009.2997950643701	1132.2991666666667
1009.5845128412144	1259.7283333333332
1009.8691732879718	1129.5685416666668
1010.1537763964845	1221.4995833333332
1010.4383221585949	1250.62625
1010.7228105661462	1128.6583333333333
1011.0072416109805	1113.1847916666668
1011.2916152849402	1165.0666666666666
1011.5759315798686	1180.5402083333333
1011.8601904876076	1112.2745833333333
1012.144392	1172.3483333333334
1012.4285361088884	1178.7197916666667
1012.7126228061155	1176.899375
1012.9966520835236	1520.0479166666667
1013.2806239329553	1226.9608333333335
1013.5645383462538	1207.8464583333332
1013.8483953152609	1302.508125
1014.1321948318193	1164.1564583333331
1014.4159368877722	1141.40125
1014.6996214749615	1288.8549999999998
1014.98324858523	1315.2510416666667
1015.2668182104202	1239.70375
1015.5503303423751	1392.6187499999999
1015.8337849729367	1258.818125
1016.1171820939478	1156.8747916666669
1016.4005216972512	1314.3408333333334
1016.6838037746892	1135.94
1016.9670283181047	1360.7614583333334
1017.2501953193398	1304.3285416666668
1017.5333047702371	1118.6460416666666
1017.81635666264	1336.1858333333332
1018.0993509883903	1358.9410416666667
1018.3822877393309	1233.3322916666666
1018.6651669073037	1215.128125
1018.9479884841523	1226.050625
1019.2307524617187	1278.8427083333333
1019.5134588318456	1240.6139583333334
1019.7961075863757	1329.814375
1020.0786987171514	1174.16875
1020.3612322160153	1332.545
1020.6437080748101	1267.9202083333334
1020.9261262853781	1152.3237499999998
1021.208486839562	1293.4060416666666
1021.4907897292048	1272.4712499999998
1021.7730349461489	1438.1291666666666
1022.0552224822362	1212.3975
1022.33735232931	1156.8747916666669
1022.6194244792129	1267.01
1022.9014389237868	1176.899375
1023.1833956548752	1261.5487500000002
1023.46529466432	1310.7
1023.7471359439638	1125.0175
1024.0289194856498	1166.8870833333333
1024.3106452812199	1287.0345833333333
1024.5923133225172	1220.5893749999998
1024.8739236013837	1181.4504166666668
1025.1554761096625	1181.4504166666668
1025.436970839196	1181.4504166666668
