339.86832	19.114375
340.2509644343084	33996.28125
340.6335677717954	554.316875
341.0161300043036	498.79416666666674
341.3986511236755	549.7658333333334
341.78113112175373	593.4558333333333
342.16356999038084	514.2677083333333
342.5459677213995	553.4066666666666
342.92832430665214	3039.185625
343.3106397379815	893.8245833333334
343.69291400723	600.7375
344.0751471062403	588.9047916666667
344.45733902685504	638.0560416666666
344.83948976091665	646.2479166666667
345.2215993002679	656.2602083333333
345.60366763675125	686.2970833333333
345.9856947622093	715.4237499999999
346.3676806684845	701.770625
346.74962534741974	744.5504166666666
347.1315287908573	778.228125
347.51339099064	760.0239583333333
347.8952119386102	774.5872916666667
348.2769916266106	789.1506249999999
348.6587300464838	985.7556250000001
349.0404271900723	843.763125
349.4220830492187	916.5797916666667
349.80369761576566	844.6733333333333
350.1852708815557	920.2206249999999
350.5668028384313	896.5552083333332
350.9482934782352	1046.7395833333333
351.32974279281	939.335
351.71115077399816	905.6572916666668
352.0925174136422	983.025
352.47384270358486	995.7679166666667
352.8551266356687	984.8454166666667
353.23636920173624	1013.9720833333334
353.61757039363005	1008.5108333333334
353.9987302031928	1078.5968750000002
354.379848622267	1058.5722916666666
354.76092564269516	990.3066666666667
355.14196125632	1013.9720833333334
355.52295545498407	1033.0864583333332
355.90390823052985	1052.2008333333333
356.2848195748	1246.9854166666667
356.6656894796371	1051.290625
357.04651793688373	1054.02125
357.4273049383824	997.5883333333333
357.8080504759759	1003.9597916666667
358.18875454150657	1076.7764583333335
358.5694171268171	1050.3804166666666
358.9500382237499	1055.8416666666667
359.3306178241479	1034.906875
359.7111559198534	1054.9314583333335
360.0916525027091	1044.0089583333336
360.47210756455746	1009.4210416666666
360.85252109724127	1076.7764583333335
361.23289309260286	1027.6252083333334
361.61322354248495	973.0127083333333
361.99351243873014	986.6658333333334
362.37375977318095	1064.0335416666667
362.75396553768	1044.9191666666666
363.1341297240698	986.6658333333334
363.514252324193	1015.7925
363.8943333298922	992.1270833333334
364.27437273300995	1065.8539583333334
364.65437052538874	1007.600625
365.03432669887127	1031.2660416666668
365.4142412453001	1031.2660416666668
365.7941141565177	1092.25
366.1739454243669	989.3964583333333
366.55373504069	993.9475000000001
366.93348299732975	1031.2660416666668
367.31318928612865	1042.1885416666667
367.6928538989293	942.0656250000001
368.0724768275743	985.7556250000001
368.4520580639063	1079.5070833333332
368.83159759976763	1015.7925
369.21109542700117	1076.7764583333335
369.59055153744936	1050.3804166666669
369.9699659229547	997.5883333333333
370.34933857536	973.9229166666668
370.72866948650767	1011.2414583333333
371.10795864824024	987.5760416666667
371.4872060524004	1044.008958333333
371.8664116908307	1068.5845833333333
372.2455755553737	1267.9202083333332
372.6246976378721	1016.7027083333332
373.00377793016827	1064.0335416666667
373.38281642410493	995.7679166666667
373.76181311152465	1060.3927083333333
374.14076798427	1008.5108333333334
374.5196810341835	1028.5354166666666
374.8985522531078	991.2168750000001
375.2773816328855	1014.8822916666668
375.6561691653591	1044.0089583333336
376.0349148423712	1023.0741666666667
376.4136186557645	970.2820833333334
376.7922805973814	977.5637499999999
377.17090065906456	953.8983333333334
377.5494788326565	967.5514583333334
377.92801511000005	1036.7272916666668
378.3065094829374	1054.9314583333332
378.6849619433114	999.4087499999999
379.0633724829646	1055.8416666666667
379.4417410937395	1038.5477083333333
379.82006776747875	1226.050625
380.1983524960249	990.3066666666667
380.57659527122047	992.1270833333333
380.9547960849082	969.3718749999999
381.33295492893046	977.5637499999999
381.71107179513	974.833125
382.08914667534935	982.1147916666665
382.467179561431	1021.25375
382.84517044521766	954.8085416666667
383.22311931855194	988.4862499999999
383.60102617327624	1063.1233333333332
383.97889100123325	1089.5193749999999
384.35671379426554	980.294375
384.73449454421575	972.1025
385.1122332429263	965.7310416666666
385.48992988224	973.0127083333333
385.8675844539992	945.7064583333332
386.24519695004665	955.71875
386.6227673622248	963.910625
387.0002956823763	996.6781249999999
387.3777819023437	1061.3029166666668
387.75522601396966	1020.3435416666666
388.1326280090966	993.0372916666666
388.5099878795673	1052.2008333333333
388.8873056172243	979.3841666666667
389.26458121391	932.9635416666666
389.6418146614671	1018.523125
390.0190059517382	983.025
390.3961550765659	932.9635416666666
390.77326202779267	1054.02125
391.15032679726124	955.71875
391.5273493768141	998.4985416666667
391.9043297582938	1030.3558333333333
392.2812679335429	990.3066666666667
392.65816389440414	1051.2906249999999
393.03501763272	1008.5108333333333
393.41182914033305	1037.6375
393.7885984090858	993.0372916666666
394.165325430821	1030.3558333333333
394.5420101973811	1026.715
394.9186527006087	930.2329166666667
395.29525293234644	963.910625
395.67181088443687	965.7310416666668
396.04832654872257	1009.4210416666666
396.424799917046	1076.7764583333333
396.80123098124994	980.2943750000001
397.1776197331769	1027.6252083333331
397.5539661646694	1033.9966666666667
397.93027026757005	1013.9720833333334
398.30653203372145	1064.9437500000001
398.6827514549662	951.1677083333334
399.05892852314685	983.025
399.4350632301059	980.2943750000001
399.8111555676861	1033.9966666666667
400.18720552772993	958.449375
400.56321310207994	1029.445625
400.9391782825788	1007.600625
401.315101061069	993.0372916666666
401.6909814293932	1053.1110416666668
402.06681937939385	979.3841666666667
402.4426149029137	971.1922916666667
402.8183679917953	1011.2414583333333
403.19407863788103	1002.1393749999999
403.56974683301377	1023.0741666666667
403.94537256903584	1012.1516666666666
404.32095583779	978.4739583333334
404.69649663111875	1023.984375
405.0719949408646	1018.5231249999998
405.4474507588703	1013.061875
405.82286407697836	1059.4825
406.1982348870312	958.449375
406.57356318087164	1039.4579166666665
406.94884895034215	1022.1639583333332
407.3240921872853	1003.9597916666667
407.6992928835437	1033.9966666666667
408.07445103095995	994.8577083333333
408.4495666213767	1006.6904166666667
408.8246396466363	968.4616666666667
409.19967009858135	973.9229166666668
409.5746579690547	996.678125
409.94960324989876	976.6535416666666
410.324505932956	959.3595833333334
410.69936601006924	1032.17625
411.07418347308095	1005.7802083333335
411.4489583138336	1020.3435416666667
411.82369052417	1048.56
412.1983800959325	1025.8047916666667
412.5730270209638	1030.3558333333333
412.9476312911065	998.4985416666667
413.32219289820307	1066.7641666666668
413.6967118340962	983.025
414.0711880906285	983.9352083333333
414.4456216596423	1004.8699999999999
414.8200125329805	1032.17625
415.19436070248554	1040.368125
415.56866615999996	1009.4210416666666
415.94292889736636	1084.0581249999998
416.3171489064274	983.9352083333333
416.6913261790256	1088.6091666666669
417.0654607070035	1027.6252083333334
417.43955248220374	1023.984375
417.81360149646883	1036.7272916666668
418.1876077416415	1072.2254166666664
418.56157120956414	1006.6904166666667
418.9354918920794	1010.3312500000001
419.30936978103	979.3841666666667
419.68320486825826	1029.445625
420.056997145607	1008.5108333333334
420.43074660491874	1044.008958333333
420.80445323803593	990.3066666666667
421.17811703680127	1023.984375
421.55173799305726	1024.8945833333335
421.9253160986466	1044.0089583333336
422.2988513454117	1068.5845833333333
422.67234372519533	1055.8416666666665
423.04579322983994	1065.8539583333331
423.4191998511882	1083.1479166666668
423.79256358108256	1051.2906249999999
424.16588441136577	1051.2906249999999
424.5391623338803	1203.2954166666666
424.9123973404688	1054.0212499999998
425.2855894229737	1073.1356250000001
425.65873857323766	1046.7395833333333
426.03184478310334	1082.2377083333333
426.4049080444133	1135.9399999999998
426.77792834901	1160.515625
427.1509056887361	1094.980625
427.5238400554342	1091.3397916666665
427.8967314409469	1039.4579166666665
428.2695798371167	1223.32
428.6423852357862	1147.7727083333332
429.0151476287981	1177.8095833333334
429.38786700799477	1378.9656249999998
429.76054336521895	1210.5770833333333
430.13317669231316	1229.6914583333335
430.50576698111996	1147.7727083333332
430.878314223482	1269.7406250000001
431.25081841124177	1206.93625
431.623279536242	1334.3654166666665
431.99569759032505	1225.1404166666666
432.3680725653337	1306.1489583333334
432.7404044531105	1331.6347916666666
433.11269324549784	1280.663125
433.4849389343386	1317.071458333333
433.85714151147505	1334.3654166666665
434.22930096874995	1360.7614583333334
434.60141729800597	1387.1575
434.9734904910854	1389.8881249999997
435.3455205398311	1457.2435416666667
435.71750743608555	1449.0516666666665
436.08945117169117	1507.305
436.4613517384908	1420.8352083333332
436.833209128327	1516.4070833333333
437.2050233330421	1465.4354166666665
437.57679434447897	1597.4156249999999
437.94852215448	1563.737916666667
438.3202067548878	1610.1585416666667
438.69184813754504	1629.2729166666666
439.0634462942942	1665.6812500000003
439.43500121697787	1697.5385416666666
439.8065128974388	1672.9629166666666
440.17798132751926	1705.7304166666665
440.54940649906206	1832.249375
440.92078840390974	1821.326875
441.2921270339049	1840.4412499999999
441.66342238089	1879.5802083333335
442.0346744367077	1923.2702083333334
442.4058831932006	1961.4989583333333
442.7770486422113	1979.703125
443.1481707755823	2000.6379166666666
443.5192495851562	2131.7079166666667
443.89028506277566	2079.8260416666667
444.26127720028313	2149.001875
444.6322259895213	2200.88375
445.00313142233273	2186.320416666667
445.37399349056	2130.797708333333
445.74481218604564	2207.2552083333335
446.1155875006322	2279.161666666667
446.4863194261624	2249.124791666667
446.8570079544787	2410.2316666666666
447.2276530774237	2284.6229166666667
447.5982547868401	2290.9943749999998
447.9688130745703	2304.6474999999996
448.3393279324569	2187.230625
448.7097993523426	2291.9045833333334
449.08022732607	2251.8554166666668
449.45061184548155	2234.561458333333
449.82095290241983	2224.549166666667
450.1912504887275	2222.72875
450.56150459624706	2151.7325
450.93171521682126	2174.4877083333336
451.30188234229246	2210.896041666667
451.67200596450334	2056.160625
452.04208607529654	2007.0093750000003
452.4121226665145	2040.6870833333335
452.78211573	2013.3808333333334
453.15206525759544	1913.2579166666667
453.52197124114343	1845.9025000000001
453.8918336724866	1857.7352083333333
454.2616525434675	1859.555625
454.6314278459287	1888.6822916666667
455.0011595717129	1736.6775
455.37084771266245	1726.665208333333
455.74049226062016	1743.9591666666668
456.11009320742846	1722.1141666666665
456.47965054492994	1672.9629166666666
456.8491642649673	1592.8645833333333
457.21863435938303	1637.4647916666665
457.5880608200197	1598.3258333333333
457.95744363871995	1632.0035416666667
458.3267828073262	1581.9420833333334
458.69607831768127	1560.0970833333333
459.0653301616276	1565.5583333333334
459.43453833100773	1551.9052083333333
459.8037028176643	1545.5337499999998
460.17282361344	1529.1499999999999
460.54190071017723	1608.338125
460.9109340997186	1514.5866666666668
461.2799237739068	1457.2435416666667
461.64886972458436	1520.9581249999999
462.01777194359374	1489.1008333333332
462.38663042277767	1671.1425
462.75544515397866	1512.76625
463.1242161290393	1439.039375
463.49294333980225	1390.7983333333332
463.86162677810995	1406.2718750000001
464.2302664358051	1398.08
464.5988623047302	1364.4022916666665
464.96741437672785	1384.4268749999999
465.3359226436407	1472.7170833333337
465.70438709731116	1479.0885416666667
466.0728077295821	1346.198125
466.4411845322957	1339.8266666666668
466.8095174972949	1315.2510416666667
467.1778066164222	1312.5204166666665
467.54605188151993	1314.3408333333334
467.914253284431	1398.9902083333334
468.2824108169978	1241.5241666666668
468.65052447106297	1296.1366666666665
469.0185942384692	1288.8550000000002
469.38662011105873	1258.818125
469.75460208067443	1256.0874999999999
470.1225401391589	1264.279375
470.49043427835454	1206.93625
470.85828449010404	1221.4995833333332
471.22609076624997	1210.5770833333333
471.5938530986349	1184.1810416666667
471.96157147910145	1289.7652083333335
472.3292458994921	1209.6668750000001
472.69687635164945	1171.438125
473.06446282741626	1221.4995833333332
473.4320053186349	1183.2708333333333
473.7995038171479	1149.593125
474.1669583147982	1222.4097916666667
474.5343688034279	1279.7529166666666
474.90173527488	1162.3360416666667
475.26905772099684	1140.4910416666667
475.63633613362094	1276.1120833333334
476.0035705045952	1158.6952083333333
476.3707608257619	1219.6791666666666
476.7379070889637	1180.540208333333
477.1050092860433	1163.24625
477.4720674088431	1317.9816666666666
477.8390814492057	1175.9891666666667
478.2060513989739	1164.1564583333331
478.57297724998995	1142.3114583333333
478.9398589940967	1137.7604166666667
479.30669662313665	1156.8747916666664
479.67349012895227	1145.0420833333335
480.04023950338626	1226.9608333333333
480.4069447382812	1137.7604166666667
480.77360582547965	1155.9645833333334
481.1402227568242	1261.5487500000002
481.5067955241573	1156.8747916666664
481.8733241193217	1078.5968750000002
482.23980853416	1142.3114583333333
482.60624876051463	1150.5033333333333
482.97264479022823	1140.4910416666667
483.3389966151434	1171.438125
483.70530422710266	1169.6177083333334
484.0715676179487	1180.540208333333
484.43778677952406	1106.8133333333333
484.80396170367123	1124.1072916666665
485.170092382233	1108.63375
485.53617880705167	1193.283125
485.90222096996996	1206.0260416666667
486.2682188628305	1219.6791666666666
486.63417247747583	1120.4664583333333
487.0000818057485	1249.7160416666666
487.36594683949113	1145.9522916666667
487.73176757054625	1169.6177083333332
488.09754399075644	1272.47125
488.46327609196436	1136.8502083333333
488.8289638660125	1125.0175
489.19460730474356	1143.2216666666666
489.56020639999997	1413.553541666667
489.9257611436244	1154.1441666666667
490.29127152745946	1196.9239583333333
490.65673754334756	1204.2056249999998
491.0221591831315	1126.8379166666666
491.3875364386538	1201.475
491.75286930175685	1177.8095833333334
492.11815776428347	1315.2510416666667
492.4834018180762	1294.3162499999999
492.8486014549774	1172.3483333333334
493.21375666683	1214.2179166666667
493.5788674454763	1211.4872916666666
493.94393378275896	1370.77375
494.30895567052073	1209.666875
494.67393310060385	1166.8870833333333
495.0388660648512	1213.3077083333333
495.4037545551053	1230.6016666666667
495.76859856320857	1248.805833333333
496.1333980810037	1274.2916666666667
496.49815310033335	1260.6385416666665
496.8628636130399	1317.0714583333336
497.22752961096626	1263.3691666666666
497.59215108595464	1266.0997916666668
497.95672802984774	1255.1772916666666
498.3212604344883	1369.8635416666666
498.6857482917187	1176.899375
499.05019159338167	1317.9816666666666
499.4145903313197	1333.455208333333
499.7789444973753	1325.2633333333333
500.14325408339124	1410.8229166666667
500.50751908121	1287.9447916666668
500.8717394826741	1292.4958333333334
501.2359152796262	1331.6347916666666
501.6000464639089	1317.9816666666666
501.9641330273647	1300.6877083333331
502.3281749618363	1388.0677083333333
502.69217225916606	1330.7245833333334
503.0561249111968	1358.9410416666667
503.42003290977095	1279.7529166666666
503.78389624673116	1334.3654166666668
504.14771491391997	1345.2879166666664
504.51148890318	1398.9902083333334
504.8752182063538	1405.3616666666667
505.238902815284	1307.0591666666667
505.60254272181305	1317.9816666666666
505.9661379177837	1320.7122916666667
506.3296883950385	1380.7860416666665
506.69319414541985	1324.3531249999999
507.05665516077056	1743.9591666666665
507.42007143293307	1351.659375
507.78344295374995	1376.235
508.14676971506384	1575.570625
508.51005170871747	1375.3247916666667
508.8732889265531	1402.6310416666668
509.2364813604135	1400.810625
509.5996290021412	1419.925
509.9627318435789	1428.116875
510.325789876569	1426.2964583333332
510.6888030929541	1450.8720833333334
511.051771484577	1396.2595833333332
511.41469504328	1411.733125
511.77757376090574	1376.235
512.1404076292971	1358.9410416666667
512.5031966402962	1414.4637500000001
512.8659407857458	1400.810625
513.2286400574887	1477.2681249999998
513.5912944473672	1386.2472916666666
513.953903947224	1372.5941666666665
514.3164685489018	1350.7491666666665
514.6789882442428	1448.1414583333335
515.04146302509	1468.1660416666666
515.4038928832857	1415.3739583333333
515.7662778106726	1347.1083333333333
516.1286177990931	1401.720833333333
516.4909128403904	1430.8474999999999
516.8531629264063	1530.9704166666668
517.2153680489837	1447.2312499999998
517.5775281999652	1370.7737499999996
517.9396433711935	1414.46375
518.3017135545108	1384.4268749999999
518.66373874176	1424.4760416666668
519.0257189247836	1408.0922916666668
519.3876540954242	1413.5535416666664
519.7495442455245	1399.9004166666666
520.1113893669268	1439.039375
520.4731894514738	1367.1329166666667
520.8349444910081	1398.08
521.1966544773722	1450.8720833333334
521.558319402409	1401.720833333333
521.9199392579607	1379.8758333333335
522.28151403587	1413.553541666667
522.6430437279796	1466.345625
523.0045283261317	1349.8389583333333
523.3659678221695	1387.1575
523.7273622079351	1340.736875
524.0887114752712	1341.6470833333333
524.4500156160204	1275.201875
524.8112746220253	1293.4060416666664
525.1724884851286	1317.0714583333336
525.5336571971726	1591.0441666666666
525.8947807500001	1358.0308333333335
526.2558591354534	1292.4958333333334
526.6168923453754	1350.7491666666665
526.9778803716086	1308.8795833333334
527.3388232059956	1294.31625
527.6997208403786	1825.8779166666666
528.0605732666008	1289.7652083333335
528.4213804765045	1302.508125
528.782142461932	1260.6385416666665
529.1428592147264	1282.4835416666667
529.50353072673	1254.2670833333334
529.8641569897852	1247.895625
530.224737995735	1378.965625
530.5852737364216	1261.54875
530.9457642036878	1317.0714583333336
531.3062093893762	1344.3777083333334
531.6666092853293	1238.7935416666667
532.0269638833895	1219.6791666666668
532.3872731753997	1270.6508333333334
532.7475371532023	1274.2916666666667
533.10775580864	1236.973125
533.4679291335551	1217.85875
533.8280571197906	1252.4466666666667
534.1881397591887	1289.7652083333335
534.5481770435923	1265.189583333333
534.9081689648438	1190.5525
535.2681155147857	1196.9239583333333
535.6280166852607	1217.85875
535.9878724681114	1258.818125
536.3476828551802	1230.6016666666667
536.7074478383099	1320.7122916666667
537.0671674093431	1292.4958333333334
537.4268415601222	1216.9485416666666
537.7864702824897	1220.589375
538.1460535682887	1196.9239583333333
538.5055914093612	1226.9608333333333
538.8650837975499	1191.4627083333332
539.2245307246978	1184.1810416666667
539.5839321826469	1187.8218749999999
539.9432881632401	1199.6545833333332
540.30259865832	1173.2585416666668
540.6618636597291	1158.6952083333333
541.0210831593098	1180.540208333333
541.380257148905	1210.5770833333333
541.7393856203572	1200.5647916666667
542.0984685655087	1152.3237500000002
542.4575059762025	1236.9731250000002
542.8164978442809	1108.63375
543.1754441615866	1195.1035416666666
543.5343449199621	1179.6299999999999
543.89320011125	1178.7197916666667
544.2520097272928	1120.4664583333333
544.6107737599334	1126.8379166666666
544.9694922010141	1137.7604166666667
545.3281650423775	1135.9399999999998
545.6867922758662	1145.9522916666667
546.0453738933229	1053.1110416666668
546.40390988659	1141.40125
546.7624002475101	1180.5402083333333
547.1208449679259	1205.1158333333333
547.4792440396799	1143.2216666666666
547.8375974546148	1131.3889583333332
548.195905204573	1275.201875
548.5541672813971	1106.8133333333333
548.91238367693	1128.658333333333
549.2705543830137	1145.0420833333335
549.6286793914913	1113.1847916666666
549.986758694205	1115.0052083333333
550.3447922829978	1084.9683333333335
550.702780149712	1118.6460416666669
551.0607222861901	1086.78875
551.4186186842746	1079.5070833333332
551.7764693358087	1118.6460416666666
552.1342742326343	1058.5722916666666
552.4920333665942	1094.0704166666665
552.8497467295313	1099.5316666666665
553.2074143132876	1068.5845833333333
553.565036109706	1110.4541666666667
553.9226121106294	1070.405
554.2801423078997	1123.1970833333332
554.63762669336	1067.674375
554.9950652588526	1117.7358333333334
555.3524579962202	1150.5033333333333
555.7098048973054	1080.4172916666666
556.0671059539508	1099.5316666666668
556.4243611579986	1063.1233333333332
556.7815705012921	1059.4825
557.1387339756732	1123.1970833333335
557.495851572985	1054.02125
557.8529232850698	1038.5477083333333
558.20994910377	1051.2906249999999
558.5669290209286	1039.4579166666667
558.9238630283878	992.1270833333333
559.2807511179905	1013.061875
559.6375932815791	1043.0987499999999
559.9943895109963	1034.9068750000001
560.3511397980844	1085.8785416666667
560.7078441346864	1173.2585416666668
561.0645025126445	1113.1847916666666
561.4211149238015	1070.405
561.77768136	1025.8047916666667
562.1342018130823	1023.9843749999999
562.4906762748914	999.40875
562.8471047372697	1086.78875
563.2034871920595	1004.8699999999999
563.5598236311037	1006.6904166666667
563.9161140462448	1140.491041666667
564.2723584293254	1084.9683333333335
564.6285567721882	1052.2008333333333
564.9847090666755	1021.2537499999999
565.34081530463	1010.3312500000001
565.6968754778943	1116.825625
566.052889578311	1129.5685416666668
566.4088575977227	1251.5364583333333
566.7647795279719	1012.1516666666666
567.1206553609012	1053.1110416666668
567.4764850883533	1030.3558333333333
567.8322687021706	1027.6252083333331
568.1880061941957	1072.2254166666664
568.5436975562714	1078.5968750000002
568.89934278024	1118.6460416666666
569.2549418579441	1094.9806250000001
569.6104947812267	1164.1564583333331
569.9660015419297	1105.9031249999998
570.3214621318963	1023.984375
570.6768765429688	1059.4825
571.0322447669896	1016.7027083333332
571.3875667958016	987.5760416666667
571.7428426212473	1133.2093750000001
572.0980722351692	1018.523125
572.45325562941	1033.0864583333332
572.8083927958121	1059.4825
573.1634837262183	1054.9314583333335
573.5185284124709	1027.6252083333331
573.8735268464127	1008.5108333333333
574.2284790198863	1039.4579166666667
574.5833849247341	1007.600625
574.9382445527988	1041.2783333333334
575.293057895923	1076.7764583333335
575.6478249459491	972.1025
576.0025456947199	1028.5354166666666
576.357220134078	1009.4210416666666
576.7118482558658	1077.6866666666665
577.066430051926	1019.4333333333334
577.4209655141011	1022.1639583333332
577.7754546342337	1104.9929166666668
578.1298974041664	1060.3927083333335
578.4842938157419	1081.3275
578.8386438608024	1076.7764583333333
579.192947531191	1039.4579166666667
579.54720481875	1028.5354166666666
579.9014157153218	1101.3520833333332
580.2555802127495	1058.5722916666666
580.609698302875	1014.8822916666667
580.9637699775415	1047.6497916666667
581.3177952285913	1036.7272916666668
581.6717740478667	1072.2254166666667
582.0257064272109	1008.5108333333334
582.3795923584662	989.3964583333333
582.7334318334749	1052.2008333333333
583.08722484408	1151.4135416666666
583.4409713821237	1059.4825
583.794671439449	1010.3312500000001
584.1483250078983	1061.3029166666668
584.501932079314	1040.368125
584.8554926455387	1027.6252083333334
585.2090066984154	1076.7764583333333
585.5624742297861	1019.4333333333334
585.9158952314937	1080.4172916666666
586.2692696953808	986.6658333333334
586.6225976132899	1017.6129166666666
586.9758789770636	1023.0741666666667
587.3291137785446	1049.4702083333332
587.6823020095754	1024.8945833333332
588.0354436619982	1007.6006249999999
588.3885387276563	1024.8945833333335
588.7415871983918	1023.0741666666667
589.0945890660471	1053.1110416666668
589.4475443224653	1005.7802083333335
589.8004529594888	982.1147916666667
590.15331496896	1054.02125
590.5061303427216	1015.7925
590.8588990726163	1015.7925
591.2116211504864	1079.5070833333332
591.5642965681747	1087.6989583333334
591.9169253175238	1057.6620833333334
592.269507390376	1032.17625
592.6220427785742	1049.4702083333332
592.974531473961	1014.8822916666664
593.3269734683787	1081.3275
593.6793687536699	1015.7924999999999
594.0317173216775	1036.7272916666666
594.3840191642438	1051.290625
594.7362742732114	1023.0741666666667
595.0884826404231	1054.9314583333332
595.4406442577213	1054.02125
595.7927591169484	1039.4579166666667
596.1448272099474	1017.6129166666668
596.4968485285606	1094.980625
596.8488230646306	1014.8822916666667
597.2007508099999	1003.0495833333333
597.5526317565115	1038.5477083333335
597.9044658960074	1564.648125
598.2562532203306	1096.8010416666666
598.6079937213235	1004.8699999999999
598.9596873908287	1003.0495833333334
599.3113342206889	1047.6497916666667
599.6629342027466	1031.2660416666668
600.0144873288441	1380.7860416666665
600.3659935908244	1115.9154166666667
600.71745298053	1038.5477083333333
601.0688654898032	1034.9068750000001
601.4202311104871	1042.1885416666667
601.7715498344237	1030.3558333333333
602.1228216534558	1163.24625
602.4740465594261	1082.2377083333333
602.8252245441772	1006.6904166666667
603.1763555995517	1003.0495833333334
603.5274397173916	1017.6129166666666
603.8784768895403	1045.829375
604.22946710784	1033.9966666666667
604.5804103641332	1037.6374999999998
604.9313066502625	1155.054375
605.2821559580708	1053.1110416666668
605.6329582794003	1075.86625
605.9837136060937	1055.8416666666667
606.3344219299937	1028.5354166666666
606.6850832429426	1122.286875
607.0356975367833	1024.8945833333335
607.3862648033582	1266.0997916666665
607.73678503451	1044.9191666666666
608.0872582220811	1054.02125
608.4376843579142	1007.600625
608.7880634338519	1153.2339583333335
609.1383954417366	1055.8416666666667
609.4886803734113	1045.829375
609.838918220718	1049.4702083333332
610.1891089754997	1067.6743749999998
610.5392526295989	1072.2254166666664
610.8893491748582	1023.984375
611.2393986031199	1090.4295833333333
611.589400906227	1013.061875
611.9393560760218	1016.7027083333332
612.289264104347	1066.7641666666666
612.6391249830451	1054.9314583333332
612.9889387039588	1048.5600000000002
613.3387052589305	1044.9191666666668
613.6884246398027	1042.1885416666667
614.0380968384185	1058.5722916666666
614.38772184662	1055.8416666666665
614.7372996562499	1017.6129166666666
615.0868302591509	1024.8945833333335
615.4363136471654	1031.2660416666668
615.785749812136	1102.2622916666667
616.1351387459055	1023.984375
616.4844804403161	1035.8170833333331
616.8337748872108	1016.7027083333332
617.1830220784319	1029.445625
617.5322220058221	995.7679166666667
617.8813746612238	1005.7802083333332
618.2304800364799	1028.5354166666666
618.5795381234328	1021.25375
618.9285489139249	1074.9560416666666
619.2775123997992	1039.4579166666665
619.6264285728979	1030.3558333333333
619.9752974250638	995.7679166666667
620.3241189481392	1046.7395833333333
620.6728931339671	994.8577083333333
621.0216199743898	969.3718750000002
621.3702994612498	1098.6214583333333
621.71893158639	1046.7395833333335
622.0675163416527	974.833125
622.4160537188806	992.1270833333333
622.7645437099163	1011.2414583333334
623.1129863066024	990.3066666666667
623.4613815007812	1059.4825
623.8097292842956	1040.368125
624.1580296489882	1048.5600000000002
624.5062825867013	1024.8945833333335
624.8544880892778	1035.8170833333334
625.20264614856	1068.5845833333333
625.5507567563906	1023.984375
625.8988199046122	1018.523125
626.2468355850674	1059.4825
626.5948037895986	1044.9191666666666
626.9427245100487	1038.5477083333333
627.2905977382602	1022.1639583333334
627.6384234660752	1051.290625
627.9862016853368	1113.1847916666666
628.3339323878878	1061.3029166666665
628.6816155655699	1010.3312499999998
629.0292512102264	1069.4947916666667
629.3768393136999	1254.2670833333334
629.7243798678326	1082.2377083333333
630.071872864467	1186.0014583333334
630.4193182954463	1033.9966666666667
630.7667161526125	1060.3927083333335
631.1140664278083	1020.3435416666666
631.4613691128765	1026.715
631.8086241996596	1008.5108333333334
632.1558316799999	1097.71125
632.5029915457404	1006.6904166666667
632.8501037887233	1083.1479166666666
633.1971684007915	1059.4824999999998
633.5441853737874	1056.7518750000002
633.8911546995539	1000.3189583333333
634.2380763699327	1023.984375
634.5849503767676	1094.0704166666667
634.9317767119002	1035.8170833333334
635.2785553671735	1002.1393750000001
635.6252863344299	1079.5070833333332
635.9719696055123	1075.86625
636.318605172263	1034.906875
636.6651930265247	1029.445625
637.0117331601399	1022.1639583333332
637.3582255649512	1053.1110416666668
637.7046702328013	1081.3275
638.0510671555326	1084.0581250000002
638.3974163249877	1023.984375
638.7437177330092	1024.8945833333335
639.08997137144	1533.7010416666665
639.4361772321222	1056.751875
639.7823353068986	982.1147916666665
640.1284455876117	1016.7027083333332
640.4745080661042	1057.6620833333334
640.8205227342187	1015.7925
641.1664895837977	1006.6904166666667
641.5124086066837	1013.061875
641.8582797947192	970.2820833333332
642.2041031397473	1040.368125
642.54987863361	1020.3435416666666
642.8956062681501	1058.5722916666666
643.2412860352101	1080.4172916666669
643.586917926633	1040.368125
643.9325019342607	1028.5354166666668
644.2780380499362	961.18
644.623526265502	1010.3312500000001
644.9689665728008	983.025
645.3143589636749	1053.1110416666668
645.6597034299672	1026.715
646.00499996352	1085.8785416666667
646.3502485561759	1155.054375
646.6954491997778	989.3964583333333
647.040601886168	975.7433333333333
647.385706607189	1011.2414583333333
647.7307633546837	983.025
648.0757721204944	1023.984375
648.4207328964637	1018.523125
648.7656456744345	966.64125
649.1105104462491	1034.906875
649.4553272037499	963.910625
649.8000959387799	1039.4579166666667
650.1448166431815	1100.4418750000002
650.4894893087971	1088.6091666666666
650.8341139274694	1003.0495833333333
651.1786904910413	1037.6375
651.5232189913548	996.6781249999999
651.867699420253	1032.17625
652.2121317695781	1013.061875
652.5565160311729	1033.9966666666667
652.9008521968799	1022.1639583333334
653.2451402585418	983.9352083333333
653.589380208001	1045.829375
653.9335720371001	1064.94375
654.2777157376819	998.4985416666667
654.6218113015888	1003.9597916666667
654.9658587206632	963.0004166666668
655.3098579867482	1109.5439583333334
655.6538090916857	1047.6497916666667
655.9977120273187	992.1270833333333
656.34156678549	998.4985416666665
656.6853733580418	1067.6743749999998
657.0291317368166	1011.2414583333334
657.3728419136573	1062.213125
657.7165038804063	1052.2008333333333
658.0601176289063	1020.3435416666667
658.4036831509995	948.4370833333332
658.7472004385293	942.0656249999998
659.0906694833374	1064.9437500000001
659.4340902772667	999.40875
659.77746281216	1023.984375
660.1207870798596	1048.5600000000002
660.4640630722082	1030.3558333333333
660.8072907810484	1018.523125
661.1504701982227	1034.906875
661.4936013155738	1010.3312500000001
661.8366841249441	1026.715
662.1797186181763	991.2168750000001
662.5227047871128	1023.0741666666667
662.8656426235966	1060.3927083333335
663.2085321194701	1007.600625
663.5513732665754	1004.8699999999999
663.8941660567558	1013.9720833333332
664.2369104818536	1009.4210416666666
664.5796065337111	1049.4702083333334
664.9222542041712	985.7556249999999
665.2648534850765	1044.9191666666666
665.6074043682694	1094.9806250000001
665.9499068455925	1062.213125
666.2923609088887	1042.1885416666667
666.63476655	1040.368125
666.9771237607694	980.294375
667.3194325330395	1060.3927083333333
667.6616928586526	1003.0495833333334
668.0039047294514	1000.3189583333333
668.3460681372787	1070.405
668.6881830739768	1035.8170833333334
669.0302495313884	997.5883333333333
669.3722675013561	1141.4012500000001
669.7142369757223	1104.9929166666666
670.0561579463299	979.3841666666667
670.3980304050212	1026.7150000000001
670.7398543436391	993.0372916666665
671.0816297540256	1011.2414583333333
671.4233566280238	1151.4135416666666
671.7650349574764	1030.3558333333333
672.1066647342252	1025.8047916666667
672.4482459501136	1055.841666666667
672.7897785969838	1140.4910416666667
673.1312626666784	1015.7925
673.4726981510399	1029.445625
673.8140850419113	1028.5354166666666
674.1554233311347	1023.984375
674.4967130105528	982.1147916666665
674.8379540720083	1033.0864583333332
675.1791465073437	1122.286875
675.5202903084016	1084.9683333333332
675.8613854670248	996.678125
676.2024319750553	1048.5600000000002
676.5434298243362	1050.3804166666666
676.88437900671	1024.8945833333335
677.2252795140191	1028.5354166666666
677.5661313381062	1009.4210416666666
677.9069344708139	1021.25375
678.2476889039847	1014.8822916666667
678.5883946294612	985.7556250000001
678.9290516390861	989.3964583333333
679.2696599247018	1050.3804166666666
679.6102194781508	1040.368125
679.9507302912762	986.6658333333334
680.29119235592	1064.0335416666667
680.631605663925	1041.2783333333334
680.9719702071338	985.7556249999999
681.312285977389	1017.6129166666666
681.6525529665331	1096.8010416666666
681.9927711664087	1072.225416666667
682.3329405688585	1015.7925
682.6730611657248	1006.6904166666667
683.0131329488505	1030.3558333333333
683.353155910078	1002.1393750000001
683.6931300412499	1044.9191666666666
684.0330553342089	1041.2783333333334
684.3729317807973	1023.984375
684.7127593728582	1024.8945833333335
685.0525381022335	1052.2008333333333
685.3922679607663	996.678125
685.7319489402989	1046.7395833333333
686.0715810326739	1029.445625
686.4111642297341	1011.2414583333334
686.750698523322	1003.9597916666667
687.0901839052799	1013.061875
687.4296203674508	1014.8822916666668
687.7690079016771	1036.7272916666668
688.1083464998012	1060.3927083333333
688.4476361536658	995.7679166666667
688.7868768551137	1051.2906249999999
689.1260685959872	971.1922916666667
689.465211368129	993.9475000000001
689.8043051633817	1062.213125
690.1433499735879	1053.1110416666668
690.48234579059	1288.8549999999998
690.8212926062307	1202.3852083333334
691.1601904123526	1023.984375
691.4990392007982	981.2045833333333
691.8378389634104	1010.3312500000001
692.1765896920311	1016.7027083333334
692.5152913785035	1036.7272916666668
692.8539440146701	970.2820833333334
693.1925475923734	1072.2254166666667
693.5311021034557	1021.25375
693.86960753976	1742.13875
694.2080638931286	1112.2745833333333
694.5464711554041	1013.061875
694.8848293184293	990.3066666666667
695.2231383740468	1138.670625
695.5613983140987	950.2575
695.899609130428	961.18
696.2377708148773	1005.7802083333332
696.5758833592889	971.1922916666667
696.9139467555057	1036.7272916666668
697.25196099537	1053.1110416666668
697.5899260707245	970.2820833333334
697.9278419734118	1012.1516666666666
698.2657086952745	979.3841666666667
698.603526228155	1030.3558333333333
698.9412945638961	1118.6460416666666
699.2790136943405	1023.984375
699.6166836113304	1028.5354166666666
699.9543043067085	1064.0335416666667
700.2918757723176	1039.4579166666665
700.629398	1101.3520833333334
700.9668709815984	1020.3435416666666
701.3042947089555	1002.1393750000001
701.6416691739137	1069.4947916666667
701.9789943683154	1067.6743750000003
702.3162702840036	1021.25375
702.6534969128209	1047.6497916666667
702.9906742466095	1017.6129166666666
703.3278022772121	1039.4579166666665
703.6648809964715	1009.4210416666666
704.00191039623	1001.2291666666666
704.3388904683302	1058.5722916666666
704.6758212046151	1021.25375
705.0127025969267	1087.6989583333334
705.3495346371078	1009.4210416666668
705.6863173170012	1054.9314583333335
706.0230506284493	1050.3804166666666
706.3597345632945	966.64125
706.6963691133798	1017.6129166666666
707.0329542705473	1066.7641666666666
707.3694900266399	1056.751875
707.7059763735002	1024.8945833333335
708.0424133029707	1058.5722916666666
708.3788008068938	1040.368125
708.7151388771123	1052.2008333333333
709.0514275054688	1010.3312500000001
709.3876666838056	1057.6620833333334
709.7238564039657	997.5883333333333
710.0599966577913	1057.6620833333334
710.3960874371253	1038.5477083333333
710.73212873381	1036.7272916666668
711.0681205396882	1204.2056249999998
711.4040628466022	6525.283541666667
711.7399556463948	1431.7577083333333
712.0757989309087	1030.3558333333333
712.4115926919862	1012.1516666666666
712.7473369214699	973.0127083333333
713.0830316112028	999.4087499999999
713.418676753027	1044.9191666666666
713.7542723387851	1044.008958333333
714.08981836032	1025.8047916666667
714.425314809474	1063.1233333333332
714.7607616780898	1040.368125
715.09615895801	1014.8822916666667
715.4315066410772	995.7679166666667
715.7668047191336	1031.2660416666668
716.1020531840225	1013.9720833333334
716.4372520275859	1033.0864583333334
716.7724012416666	1060.3927083333333
717.107500818107	1020.3435416666666
717.44255074875	1011.2414583333333
717.777551025438	978.4739583333334
718.1125016400134	1000.3189583333333
718.4474025843191	1012.1516666666666
718.7822538501974	1104.9929166666668
719.1170554294912	1049.4702083333334
719.4518073140429	1033.0864583333334
719.7865094956949	1003.0495833333333
720.1211619662901	1027.6252083333334
720.4557647176711	1019.4333333333334
720.7903177416799	992.1270833333333
721.1248210301598	1045.829375
721.459274574953	1073.135625
721.7936783679021	968.4616666666667
722.1280324008497	995.7679166666667
722.4623366656388	1044.0089583333333
722.7965911541114	1005.7802083333332
723.13079585811	1097.71125
723.4649507694777	1077.6866666666665
723.7990558800569	1044.0089583333333
724.13311118169	1081.3275
724.4671166662197	993.0372916666666
724.8010723254887	1033.9966666666667
725.1349781513393	1031.2660416666668
725.4688341356142	1005.7802083333332
725.8026402701563	1017.6129166666666
726.1363965468076	958.449375
726.4701029574111	1067.674375
726.8037594938094	1052.2008333333333
727.1373661478447	1048.5600000000002
727.4709229113599	1051.2906249999999
727.8044297761977	1011.2414583333334
728.1378867342002	1002.1393750000001
728.4712937772103	994.8577083333333
728.8046508970707	991.2168750000001
729.1379580856236	995.7679166666667
729.4712153347119	1030.3558333333333
729.8044226361783	1044.9191666666666
730.137579981865	1035.8170833333334
730.4706873636146	1054.9314583333332
730.80374477327	1025.8047916666667
731.1367522026735	1065.8539583333331
731.4697096436678	1008.5108333333334
731.8026170880954	1058.5722916666666
732.1354745277993	1033.0864583333332
732.4682819546213	987.5760416666666
732.8010393604045	1044.008958333333
733.1337467369915	1084.9683333333335
733.4664040762245	1003.9597916666667
733.7990113699465	1029.445625
734.1315686099999	1033.0864583333332
734.4640757882273	1068.5845833333333
734.7965328964714	1073.135625
735.1289399265746	1064.0335416666667
735.4612968703796	986.6658333333334
735.7936037197286	1054.02125
736.1258604664649	1018.523125
736.4580671024305	1031.2660416666665
736.7902236194681	1002.1393750000001
737.1223300094205	990.3066666666667
737.45438626413	1034.906875
737.7863923754393	983.0250000000001
738.118348335191	983.025
738.4502541352277	1010.3312499999998
738.7821097673918	1015.7925
739.1139152235262	1085.8785416666667
739.4456704954733	1038.5477083333333
739.7773755750756	1024.8945833333335
740.1090304541757	992.1270833333333
740.4406351246164	1038.5477083333333
740.7721895782399	1068.5845833333333
741.1036938068892	1051.2906249999999
741.4351478024066	998.4985416666665
741.7665515566348	1031.2660416666668
742.0979050614163	1094.9806250000001
742.4292083085937	1050.3804166666666
742.7604612900096	1011.2414583333334
743.0916639975067	1033.9966666666667
743.4228164229273	1013.9720833333334
743.7539185581142	995.7679166666667
744.0849703949099	1074.0458333333333
744.4159719251571	1081.3275
744.7469231406983	989.3964583333333
745.0778240333758	1030.3558333333333
745.4086745950326	1002.1393750000001
745.7394748175113	1117.7358333333334
746.0702246926539	1042.1885416666667
746.4009242123037	1023.984375
746.731573368303	1002.1393749999999
747.0621721524942	1023.0741666666667
747.39272055672	1002.1393750000001
747.723218572823	1003.0495833333334
748.0536661926458	995.7679166666667
748.384063408031	986.6658333333334
748.7144102108211	1023.0741666666667
749.0447065928587	1060.3927083333333
749.3749525459865	1030.3558333333333
749.7051480620469	1036.7272916666666
750.0352931328825	983.9352083333333
750.365387750336	1100.441875
750.6954319062501	1004.87
751.025425592467	1031.2660416666668
751.3553688008293	1003.9597916666668
751.6852615231801	976.6535416666667
752.0151037513616	1104.9929166666666
752.3448954772161	1070.405
752.6746366925869	1060.392708333333
753.004327389316	1040.368125
753.333967559246	1206.0260416666667
753.66355719422	1054.9314583333332
753.99309628608	1023.984375
754.3225848266688	1032.17625
754.652022807829	1068.5845833333333
754.9814102214033	1019.4333333333334
755.3107470592339	1011.2414583333333
755.6400333131637	1033.0864583333334
755.9692689750353	1021.2537500000002
756.298454036691	983.025
756.6275884899737	1041.2783333333334
756.9566723267259	1003.9597916666667
757.28570553879	1042.1885416666667
757.6146881180086	1065.8539583333334
757.9436200562246	993.9475000000001
758.2725013452803	987.5760416666667
758.6013319770183	1063.1233333333332
758.9301119432813	1070.405
759.2588412359117	1002.1393750000001
759.5875198467521	963.910625
759.9161477676453	1033.9966666666667
760.2447249904338	1037.6375
760.5732515069599	1011.2414583333333
760.9017273090666	1038.5477083333333
761.2301523885964	1067.6743749999998
761.5585267373914	1021.2537499999999
761.8868503472946	1012.1516666666666
762.2151232101487	1038.5477083333335
762.5433453177961	1002.1393750000001
762.8715166620792	1015.7924999999999
763.1996372348409	988.48625
763.5277070279236	1063.1233333333332
763.85572603317	1006.6904166666667
764.1836942424226	1004.8699999999999
764.5116116475239	1064.9437500000001
764.8394782403163	1055.8416666666667
765.1672940126431	1002.1393750000001
765.4950589563462	1006.6904166666667
765.8227730632684	1040.368125
766.1504363252524	1024.8945833333335
766.4780487341407	1066.7641666666668
766.8056102817754	981.2045833333333
767.13312096	1089.519375
767.4605807606565	987.5760416666667
767.7879896755875	985.7556250000001
768.1153476966355	1016.7027083333332
768.4426548156436	1064.9437500000001
768.7699110244537	1003.9597916666668
769.0971163149088	1070.405
769.4242706788516	1044.9191666666668
769.7513741081242	1003.0495833333333
770.0784265945695	990.3066666666667
770.40542813003	1051.2906249999999
770.7323787063482	999.4087499999999
771.059278315367	1101.3520833333334
771.3861269489287	1076.7764583333335
771.7129245988758	1029.445625
772.0396712570512	1067.6743749999998
772.3663669152974	1030.3558333333333
772.6930115654565	1045.829375
773.0196051993717	1023.984375
773.3461478088853	1080.4172916666666
773.6726393858401	1039.4579166666665
773.9990799220781	1042.1885416666667
774.3254694094426	1052.2008333333333
774.6518078397759	1054.9314583333332
774.9780952049204	1026.715
775.3043314967188	1002.1393750000001
775.6305167070137	1035.8170833333334
775.9566508276476	1057.6620833333334
776.2827338504633	1079.5070833333332
776.6087657673032	1059.4825
776.93474657001	1009.4210416666668
777.2606762504261	1023.0741666666667
777.5865548003943	1028.5354166666666
777.9123822117568	1035.8170833333334
778.2381584763566	1036.7272916666668
778.5638835860362	1044.9191666666666
778.889557532638	1020.3435416666666
779.2151803080047	1108.63375
779.540751903979	1058.5722916666666
779.8662723124031	1018.523125
780.1917415251199	998.4985416666667
780.5171595339721	1104.9929166666668
780.8425263308019	1070.405
781.1678419074518	1056.751875
781.493106255765	1003.9597916666667
781.8183193675837	1109.5439583333334
782.1434812347505	1038.5477083333333
782.4685918491078	1018.523125
782.7936512024986	1045.829375
783.118659286765	1020.3435416666667
783.4436160937499	1139.5808333333332
783.768521615296	1017.6129166666666
784.0933758432454	1190.5525
784.418178769441	1065.8539583333334
784.7429303857256	1041.2783333333334
785.0676306839412	1010.3312500000001
785.3922796559308	1027.6252083333331
785.716877293537	1032.1762499999998
786.0414235886021	1054.9314583333335
786.3659185329689	1022.1639583333332
786.69036211848	1044.0089583333333
787.0147543369778	1100.441875
787.339095180305	1038.5477083333333
787.6633846403042	1042.1885416666667
787.987622708818	1006.6904166666667
788.3118093776886	1048.56
788.6359446387593	1098.6214583333333
788.9600284838722	1027.6252083333334
789.2840609048698	1064.9437500000001
789.6080418935949	1079.5070833333334
789.93197144189	985.7556250000001
790.2558495415977	1017.6129166666666
790.5796761845605	1068.5845833333333
790.9034513626214	1025.8047916666667
791.2271750676223	1065.8539583333334
791.5508472914062	1005.7802083333332
791.8744680258158	1010.3312500000001
792.1980372626931	1062.213125
792.5215549938813	1064.0335416666667
792.8450212112227	1093.1602083333332
793.16843590656	1112.2745833333333
793.4917990717355	1070.405
793.8151106985922	1064.0335416666667
794.1383707789723	1013.061875
794.4615793047186	1089.519375
794.7847362676737	1049.4702083333334
795.1078416596802	1090.4295833333333
795.4308954725801	1044.0089583333333
795.7538976982169	1056.7518750000002
796.0768483284327	1692.0772916666667
796.3997473550701	1187.821875
796.7225947699715	1115.9154166666667
797.0453905649798	1080.4172916666669
797.3681347319375	1002.1393749999999
797.690827262687	1021.25375
798.0134681490712	985.7556250000001
798.3360573829325	1097.71125
798.6585949561133	1076.7764583333335
798.9810808604566	1061.3029166666668
799.3035150878045	1072.225416666667
799.6258976299999	1161.4258333333335
799.9482284788854	1109.5439583333334
800.2705076263034	1135.9399999999998
800.5927350640966	1054.9314583333332
800.9149107841075	1086.78875
801.2370347781787	1103.1725
801.5591070381528	1061.3029166666668
801.8811275558725	1078.596875
802.2030963231803	1057.6620833333334
802.5250133319183	1057.6620833333334
802.84687857393	1055.8416666666667
803.1686920410574	1116.8256250000002
803.4904537251431	1080.4172916666666
803.8121636180297	1078.596875
804.13382171156	1042.1885416666667
804.4554279975763	1015.7925
804.7769824679212	1060.3927083333333
805.0984851144376	1092.25
805.4199359289677	1099.5316666666665
805.7413349033543	1003.9597916666668
806.06268202944	1041.2783333333334
806.3839772990672	980.2943750000001
806.7052207040786	1355.3002083333333
807.0264122363169	1056.7518750000002
807.3475518876243	1056.751875
807.6686396498436	1068.5845833333333
807.9896755148177	1039.4579166666665
808.3106594743887	1101.3520833333334
808.6315915203992	1092.25
808.9524716446922	1023.0741666666667
809.2732998391101	1045.829375
809.594076095495	1073.1356250000001
809.9148004056901	1076.7764583333333
810.235472761538	1030.3558333333333
810.5560931548807	1064.0335416666667
810.8766615775612	1084.9683333333335
811.1971780214221	1028.5354166666666
811.5176424783058	1028.5354166666666
811.8380549400548	1074.9560416666666
812.1584153985121	1115.9154166666667
812.4787238455199	1043.09875
812.7989802729209	1016.7027083333332
813.1191846725578	1097.71125
813.4393370362732	1006.6904166666667
813.759437355909	1054.9314583333332
814.0794856233088	1090.4295833333333
814.3994818303146	1033.0864583333334
814.7194259687689	1032.1762500000002
815.0393180305146	1017.6129166666666
815.3591580073941	1064.9437500000001
815.6789458912499	1050.3804166666666
815.9986816739249	1038.5477083333333
816.3183653472614	1041.2783333333334
816.637996903102	1044.9191666666666
816.9575763332895	1081.3275
817.2771036296664	1187.8218749999999
817.5965787840748	1047.6497916666667
817.9160017883579	1125.9277083333334
818.2353726343582	1077.6866666666667
818.5546913139178	1037.6374999999998
818.87395781888	1071.3152083333332
819.1931721410868	1020.3435416666666
819.5123342723809	1165.976875
819.8314442046052	1060.3927083333333
820.1505019296019	1106.8133333333333
820.4695074392138	1043.09875
820.7884607252832	1054.02125
821.107361779653	1073.1356250000001
821.4262105941658	1064.9437500000001
821.7450071606638	1025.8047916666667
822.0637514709899	1081.3275
822.3824435169868	1071.3152083333334
822.7010832904965	1033.0864583333332
823.0196707833622	1240.6139583333331
823.3382059874264	1093.1602083333335
823.6566888945312	1036.7272916666668
823.9751194965196	980.2943750000001
824.2934977852343	1029.445625
824.6118237525172	1006.6904166666667
824.9300973902117	1024.8945833333335
825.24831869016	1016.7027083333334
825.5664876442045	1059.4825
825.8846042441882	1116.8256250000002
826.2026684819534	1013.061875
826.5206803493426	990.3066666666667
826.8386398381987	1079.5070833333332
827.156546940364	1029.445625
827.4744016476814	1041.2783333333334
827.7922039519929	1070.405
828.1099538451416	1485.4599999999998
828.42765131897	1064.0335416666665
828.7452963653204	1029.445625
829.0628889760359	1018.523125
829.3804291429586	1029.445625
829.697916857931	1037.6375
830.0153521127962	1013.9720833333332
830.3327348993965	1029.445625
830.6500652095742	1005.7802083333332
830.9673430351726	1075.86625
831.2845683680337	1104.9929166666668
831.6017411999999	1032.1762500000002
831.9188615229143	1106.8133333333335
832.2359293286195	1129.5685416666665
832.5529446089574	1058.5722916666666
832.8699073557715	1040.368125
833.1868175609037	1055.8416666666667
833.5036752161967	983.9352083333333
833.8204803134935	1050.3804166666666
834.1372328446362	1011.2414583333333
834.4539328014675	1037.6375
834.7705801758299	1084.9683333333332
835.0871749595664	1030.3558333333333
835.4037171445192	1071.3152083333332
835.7202067225306	1012.1516666666666
836.0366436854439	987.5760416666667
836.3530280251014	1046.7395833333333
836.6693597333452	1054.9314583333335
836.9856388020186	1054.9314583333335
837.3018652229639	1007.600625
837.6180389880233	1014.8822916666668
837.9341600890399	1047.6497916666667
838.2502285178563	1031.2660416666668
838.5662442663146	1008.5108333333334
838.8822073262578	1025.8047916666667
839.1981176895283	1023.0741666666667
839.5139753479687	1019.4333333333333
839.8297802934217	1058.5722916666666
840.1455325177297	1057.6620833333334
840.4612320127352	1089.519375
840.7768787702812	1077.6866666666667
841.0924727822099	1077.6866666666667
841.4080140403643	988.4862499999999
841.7235025365862	1074.9560416666666
842.038938262719	1077.6866666666667
842.3543212106048	1073.135625
842.6696513720862	1064.0335416666667
842.9849287390061	1277.0222916666667
843.3001533032069	1105.903125
843.6153250565309	1048.5600000000002
843.9304439908211	1105.9031249999998
844.24551009792	1040.3681250000002
844.5605233696699	1052.2008333333333
844.8754837979137	1007.600625
845.190391374494	1052.2008333333333
845.5052460912531	1098.6214583333333
845.8200479400336	1072.2254166666664
846.1347969126784	1338.9164583333334
846.4494930010297	1064.94375
846.7641361969305	1076.7764583333333
847.0787264922232	1147.7727083333332
847.3932638787498	1171.438125
847.7077483483539	1068.5845833333333
848.0221798928775	1054.02125
848.3365585041632	1121.3766666666666
848.6508841740534	1034.906875
848.9651568943913	1006.6904166666667
849.2793766570189	1457.2435416666667
849.5935434537789	1065.8539583333334
849.9076572765141	963.0004166666666
850.221718117067	993.0372916666666
850.5357259672799	1107.7235416666665
850.8496808189958	1007.600625
851.1635826640571	1056.7518750000002
851.4774314943061	1021.25375
851.7912273015859	1032.17625
852.1049700777388	1013.061875
852.4186598146072	1122.286875
852.732296504034	1023.0741666666667
853.0458801378618	974.833125
853.3594107079327	1035.8170833333334
853.67288820609	1024.8945833333335
853.9863126241758	1068.5845833333333
854.2996839540325	1035.8170833333334
854.6130021875033	1043.09875
854.9262673164303	1106.8133333333333
855.2394793326564	1046.7395833333333
855.5526382280236	1050.3804166666666
855.8657439943752	1042.1885416666667
856.1787966235535	1011.2414583333334
856.4917961074007	1021.25375
856.80474243776	1046.7395833333333
857.1176356064736	1021.25375
857.4304756053841	1051.2906249999999
857.7432624263345	1032.17625
858.0559960611668	1111.364375
858.3686765017236	1030.3558333333333
858.681303739848	1008.5108333333334
858.9938777673823	1017.6129166666666
859.3063985761688	1202.3852083333334
859.6188661580505	1041.2783333333334
859.93128050487	1084.0581249999998
860.2436416084694	1013.061875
860.5559494606917	993.9474999999999
860.8682040533795	1006.6904166666667
861.1804053783749	1014.8822916666668
861.4925534275212	1039.4579166666665
861.8046481926605	1067.674375
862.1166896656355	1020.3435416666666
862.4286778382884	1013.061875
862.7406127024626	1035.8170833333334
863.0524942500001	1058.5722916666666
863.3643224727433	1062.213125
863.6760973625354	1046.7395833333333
863.9878189112187	1014.8822916666667
864.2994871106355	1038.5477083333333
864.6111019526287	1088.6091666666666
864.9226634290409	1015.7925
865.2341715317144	1142.3114583333333
865.5456262524921	1027.6252083333334
865.8570275832164	1084.0581250000002
866.1683755157298	1023.0741666666667
866.4796700418752	1009.4210416666666
866.7909111534951	1025.8047916666667
867.1020988424316	1041.2783333333334
867.4132331005279	985.7556250000001
867.7243139196262	1012.1516666666666
868.0353412915691	996.678125
868.3463152081995	1111.364375
868.6572356613597	1010.3312500000001
868.9681026428924	1054.9314583333332
869.2789161446399	1023.984375
869.5896761584452	1061.3029166666668
869.9003826761507	1031.2660416666665
870.2110356895988	1061.3029166666668
870.5216351906323	988.4862499999999
870.8321811710938	1045.829375
871.1426736228256	1013.9720833333334
871.4531125376707	1033.0864583333332
871.7634979074714	1010.3312500000001
872.0738297240702	1026.715
872.38410797931	1086.78875
872.6943326650331	1007.600625
873.0045037730821	978.4739583333334
873.3146212952998	992.1270833333333
873.6246852235287	1003.9597916666668
873.9346955496112	992.1270833333333
874.24465226539	991.2168750000001
874.5545553627078	1142.3114583333333
874.8644048334069	1070.405
875.17420066933	982.1147916666665
875.48394286232	1040.368125
875.793631404219	990.3066666666667
876.1032662868698	1158.6952083333335
876.4128475021149	1016.7027083333334
876.7223750417972	1059.4824999999998
877.0318488977587	1024.8945833333335
877.3412690618425	1044.0089583333336
877.650635525891	1037.6375
877.9599482817465	1016.7027083333332
878.269207321252	1002.1393750000001
878.57841263625	1009.4210416666666
878.8875642185828	999.40875
879.1966620600934	1000.3189583333333
879.5057061526242	997.5883333333333
879.8146964880174	989.3964583333333
880.1236330581162	1057.6620833333334
880.4325158547629	1057.6620833333334
880.7413448697998	1066.7641666666666
881.05012009507	1003.9597916666667
881.358841522416	1043.09875
881.6675091436798	999.40875
881.9761229507047	994.8577083333333
882.2846829353331	1025.8047916666667
882.5931890894074	1040.368125
882.9016414047699	1010.3312500000001
883.2100398732638	1047.6497916666667
883.5183844867314	955.71875
883.826675237015	1020.3435416666667
884.1349121159577	1051.290625
884.4430951154019	1164.1564583333334
884.7512242271898	1074.9560416666666
885.0592994431647	1084.0581250000002
885.3673207551687	1020.3435416666666
885.6752881550442	1024.8945833333335
885.9832016346343	1009.4210416666666
886.2910611857814	1007.6006249999999
886.5988668003275	974.8331250000001
886.9066184701161	1033.9966666666667
887.2143161869893	959.3595833333334
887.5219599427896	1013.061875
887.82954972936	1040.368125
888.1370855385427	1084.058125
888.4445673621801	995.7679166666667
888.7519951921154	1015.7925
889.0593690201907	1045.829375
889.3666888382488	991.2168750000001
889.673954638132	1064.0335416666667
889.9811664116833	983.9352083333333
890.288324150745	1013.061875
890.5954278471595	1013.061875
890.90247749277	1052.2008333333333
891.2094730794186	1044.008958333333
891.5164145989478	1046.7395833333333
891.8233020432004	1131.3889583333332
892.1301354040191	1100.441875
892.4369146732461	1028.5354166666668
892.7436398427244	1030.3558333333333
893.0503109042965	1159.6054166666665
893.3569278498044	1035.8170833333334
893.6634906710915	1015.7925
893.96999936	1005.7802083333332
894.2764539083722	1148.6829166666666
894.5828543080514	1123.1970833333335
894.8892005508795	1055.8416666666667
895.1954926286993	1020.3435416666667
895.5017305333536	1221.4995833333332
895.8079142566849	1071.3152083333332
896.1140437905356	975.7433333333333
896.4201191267481	1001.2291666666666
896.7261402571654	1008.5108333333333
897.03210717363	999.40875
897.3380198679843	1007.600625
897.643878332071	1033.9966666666667
897.9496825577328	1089.5193749999999
898.2554325368118	1053.1110416666668
898.5611282611512	1057.6620833333334
898.8667697225933	1045.829375
899.1723569129805	1028.5354166666666
899.4778898241558	1034.906875
899.7833684479614	1082.2377083333333
900.0887927762399	1040.368125
900.3941628008342	1024.8945833333335
900.6994785135867	1075.86625
901.0047399063398	1004.87
901.3099469709363	1144.131875
901.6150996992188	1094.0704166666667
901.9201980830295	1042.1885416666667
902.2252421142116	1286.124375
902.5302317846073	1017.6129166666666
902.8351670860594	994.8577083333333
903.1400480104098	1073.1356250000001
903.4448745495021	1055.841666666667
903.7496466951783	1107.7235416666665
904.0543644392808	1063.1233333333332
904.3590277736527	1000.3189583333333
904.6636366901363	983.9352083333333
904.968191180574	1025.8047916666667
905.2726912368087	1078.596875
905.5771368506829	1023.984375
905.8815280140391	1029.445625
906.18586471872	1127.7481249999998
906.490146956568	1037.6375
906.7943747194257	1103.1725
907.0985479991359	1090.4295833333333
907.4026667875411	1047.6497916666665
907.7067310764836	1048.56
908.0107408578065	1005.7802083333332
908.3146961233518	1027.6252083333331
908.6185968649625	1006.6904166666667
908.9224430744811	1121.3766666666668
909.2262347437501	1060.3927083333333
909.529971864612	1064.0335416666665
909.8336544289094	2317.3904166666666
910.137282428485	1073.135625
910.4408558551816	1023.984375
910.7443747008411	1000.3189583333333
911.0478389573069	1113.1847916666666
911.351248616421	1168.7075000000002
911.6546036700261	1041.2783333333334
911.9579041099649	1029.445625
912.26114992808	998.4985416666667
912.5643411162137	1159.6054166666665
912.867477666209	1112.2745833333333
913.1705595699083	1012.1516666666668
913.4735868191539	1008.5108333333333
913.7765594057887	981.2045833333333
914.0794773216553	1001.2291666666666
914.382340558596	981.2045833333333
914.6851491084537	1158.6952083333333
914.9879029630708	1032.1762499999998
915.2906021142899	1028.5354166666666
915.5932465539537	1063.1233333333332
915.8958362739046	1023.0741666666667
916.1983712659853	1048.5600000000002
916.5008515220383	1031.2660416666668
916.8032770339062	984.8454166666667
917.1056477934318	959.3595833333334
917.407963792457	1099.5316666666665
917.7102250228253	1033.0864583333332
918.0124314763789	1026.7150000000001
918.3145831449599	1033.0864583333334
918.6166800204115	1043.09875
918.9187220945763	1013.9720833333334
919.2207093592963	1228.78125
919.5226418064146	1030.3558333333333
919.8245194277738	1025.8047916666667
920.1263422152159	1017.6129166666666
920.4281101605843	1044.0089583333333
920.7298232557209	1007.600625
921.0314814924685	986.6658333333334
921.3330848626699	1032.17625
921.6346333581675	1130.47875
921.9361269708037	1009.4210416666666
922.2375656924214	998.4985416666667
922.538949514863	1033.9966666666667
922.8402784299712	1074.0458333333333
923.1415524295884	1039.4579166666665
923.4427715055573	1031.2660416666668
923.7439356497206	1002.1393750000001
924.0450448539206	1034.906875
924.34609911	1015.7924999999999
924.6470984098015	1079.5070833333332
924.9480427451673	1022.1639583333332
925.2489321079405	1037.6375
925.5497664899635	1001.2291666666666
925.8505458830786	1023.984375
926.1512702791289	1009.4210416666668
926.4519396699565	1012.1516666666666
926.752554047404	1021.2537499999999
927.0531134033143	1016.7027083333332
927.35361772953	991.2168750000001
927.6540670178932	987.5760416666666
927.9544612602471	1064.0335416666667
928.2548004484337	1021.2537499999999
928.5550845742961	1002.1393750000001
928.8553136296762	990.3066666666667
929.1554876064173	1012.1516666666666
929.4556064963617	1054.02125
929.7556702913517	1029.445625
930.0556789832303	1042.1885416666667
930.35563256384	1013.9720833333332
930.6555310250232	1097.71125
930.9553743586226	1033.0864583333332
931.2551625564809	1040.368125
931.5548956104402	1059.4825
931.8545735123437	1004.87
932.1541962540336	1042.1885416666667
932.4537638273525	1017.6129166666666
932.7532762241433	1029.4456249999998
933.0527334362483	1084.9683333333332
933.3521354555098	1012.1516666666666
933.6514822737711	987.5760416666667
933.9507738828743	1074.9560416666666
934.2500102746618	1024.8945833333332
934.5491914409766	982.1147916666667
934.8483173736612	1037.6375
935.1473880645581	1021.25375
935.4464035055097	1021.2537500000002
935.745363688359	1032.1762500000002
936.0442686049482	1035.8170833333334
936.3431182471198	1023.0741666666667
936.641912606717	1003.9597916666667
936.9406516755819	1012.1516666666666
937.239335445557	1022.1639583333334
937.537963908485	1030.3558333333333
937.8365370562088	1023.984375
938.1350548805704	963.0004166666666
938.4335173734129	1013.061875
938.7319245265786	1020.3435416666666
939.0302763319099	993.9475000000001
939.3285727812499	1013.9720833333334
939.626813866441	997.5883333333335
939.9249995793253	1021.25375
940.223129911746	996.678125
940.5212048555455	996.678125
940.8192244025662	989.3964583333333
941.1171885446508	979.3841666666667
941.415097273642	988.48625
941.7129505813822	1062.2131250000002
942.0107484597139	1030.3558333333333
942.30849090048	1031.2660416666665
942.6061778955228	1013.9720833333334
942.9038094366849	1134.1195833333334
943.2013855158092	1161.4258333333335
943.4989061247379	998.4985416666667
943.7963712553136	1054.9314583333335
944.0937808993792	1009.4210416666666
944.3911350487772	1025.8047916666667
944.6884336953495	1076.7764583333335
944.9856768309398	1120.4664583333333
945.28286444739	1044.9191666666668
945.5799965365427	1137.7604166666667
945.8770730902406	999.40875
946.1740941003263	1054.02125
946.4710595586421	1018.523125
946.7679694570312	1032.17625
947.0648237873357	1001.2291666666666
947.3616225413981	1002.1393750000001
947.6583657110614	987.5760416666666
947.9550532881678	1038.5477083333333
948.25168526456	1135.0297916666666
948.5482616320805	1048.5600000000002
948.8447823825722	1081.3275
949.1412475078774	1075.8662499999998
949.4376569998386	1011.2414583333334
949.7340108502987	1041.2783333333334
950.0303090511001	1021.25375
950.3265515940852	1018.523125
950.6227384710969	1015.7925
950.9188696739777	985.7556250000001
951.2149451945699	1031.2660416666668
951.5109650247166	997.5883333333335
951.8069291562598	999.4087499999999
952.1028375810424	978.4739583333334
952.3986902909071	1074.0458333333333
952.6944872776962	1013.061875
952.9902285332523	1023.9843750000001
953.2859140494182	1013.9720833333334
953.5815438180365	1003.0495833333333
953.8771178309494	1114.095
954.1726360799998	1071.3152083333334
954.4680985570304	1026.715
954.7635052538835	972.1025
955.0588561624015	1054.02125
955.3541512744275	973.0127083333333
955.6493905818038	1031.2660416666668
955.9445740763729	1041.2783333333334
956.2397017499775	1033.9966666666667
956.5347735944603	1035.8170833333334
956.8297896016634	1006.6904166666667
957.1247497634299	1052.2008333333333
957.4196540716023	1046.7395833333333
957.7145025180229	1030.3558333333333
958.0092950945348	993.0372916666666
958.3040317929799	1043.09875
958.5987126052012	1065.8539583333334
958.8933375230413	1204.205625
959.1879065383425	1075.86625
959.4824196429477	1113.1847916666666
959.7768768286993	987.5760416666667
960.07127808744	1077.6866666666667
960.3656234110122	984.8454166666667
960.6599127912586	991.2168750000001
960.9541462200218	950.2575
961.2483236891444	979.3841666666667
961.5424451904687	1049.4702083333332
961.8365107158377	1023.0741666666667
962.1305202570937	1027.6252083333334
962.4244738060793	1101.3520833333334
962.7183713546373	1009.4210416666668
963.01221289461	1033.0864583333332
963.3059984178401	1062.213125
963.5997279161703	990.3066666666667
963.893401381443	1018.523125
964.1870188055007	1067.6743749999998
964.4805801801863	959.3595833333334
964.7740854973422	1022.1639583333332
965.0675347488107	1030.3558333333333
965.3609279264349	1035.8170833333334
965.6542650220572	974.8331250000001
965.9475460275199	982.1147916666667
966.240770934666	1020.3435416666666
966.5339397353379	1033.9966666666667
966.8270524213779	1004.87
967.120108984629	990.3066666666667
967.4131094169337	987.5760416666667
967.7060537101345	1054.02125
967.9989418560739	1042.1885416666667
968.2917738465945	1026.715
968.5845496735391	1040.368125
968.8772693287499	1024.8945833333335
969.16993280407	987.5760416666667
969.4625400913416	1006.6904166666667
969.755091182407	1023.0741666666667
970.0475860691095	1215.128125
970.3400247432913	1075.86625
970.6324071967948	1099.5316666666668
970.924733421463	1013.9720833333334
971.2170034091381	1023.984375
971.5092171516628	996.678125
971.80137464088	1282.4835416666667
972.0934758686318	1014.8822916666664
972.385520826761	1044.008958333333
972.6775095071101	1023.984375
972.9694419015219	1001.2291666666666
973.2613180018386	983.9352083333333
973.5531377999032	1003.9597916666667
973.8449012875581	994.8577083333333
974.1366084566458	993.9474999999999
974.4282592990087	1072.2254166666667
974.71985380649	983.9352083333333
975.0113919709318	1023.0741666666667
975.3028737841765	1014.8822916666668
975.5942992380673	1000.3189583333333
975.8856683244463	983.9352083333333
976.1769810351561	1030.3558333333333
976.4682373620396	1044.008958333333
976.7594372969393	1019.4333333333334
977.0505808316972	1009.4210416666668
977.3416679581567	1047.6497916666665
977.6326986681601	1021.2537500000002
977.9236729535495	1070.405
978.2145908061682	1038.5477083333333
978.5054522178584	1346.198125
978.7962571804626	1030.3558333333333
979.0870056858237	1039.4579166666665
979.3776977257842	1045.829375
979.6683332921862	1057.6620833333334
979.9589123768728	1125.0175
980.2494349716867	1050.3804166666666
980.53990106847	1055.8416666666667
980.8303106590655	1013.061875
981.1206637353158	993.9474999999999
981.4109602890635	983.025
981.7012003121511	1026.715
981.9913837964212	1064.0335416666667
982.2815107337166	1070.405
982.5715811158793	971.1922916666666
982.8615949347526	985.7556250000001
983.1515521821785	1006.6904166666667
983.4414528499998	1043.09875
983.7312969300594	1049.4702083333334
984.0210844141994	1095.8908333333334
984.3108152942625	1097.71125
984.6004895620915	1037.6375
984.8901072095288	1033.9966666666667
985.1796682284167	985.7556250000001
985.4691726105984	1097.71125
985.7586203479162	1184.1810416666667
986.0480114322123	971.1922916666666
986.33734585533	994.8577083333333
986.6266236091113	1067.6743749999998
986.9158446853992	1154.1441666666667
987.2050090760357	1033.0864583333332
987.4941167728639	997.5883333333331
987.7831677677262	952.0779166666666
988.0721620524652	1002.1393750000001
988.3610996189235	1031.2660416666665
988.6499804589438	1066.7641666666666
988.9388045643683	955.71875
989.2275719270399	1035.8170833333334
989.5162825388013	1003.9597916666667
989.8049363914945	996.678125
990.0935334769628	1001.2291666666666
990.3820737870484	1028.5354166666666
990.6705573135936	1061.3029166666665
990.9589840484416	1038.5477083333333
991.2473539834347	1002.1393750000001
991.5356671104153	1091.3397916666665
991.8239234212261	1044.0089583333333
992.1121229077099	993.0372916666666
992.400265561709	1031.2660416666668
992.6883513750662	1017.6129166666666
992.9763803396239	1006.6904166666667
993.2643524472247	1020.3435416666666
993.5522676897112	1029.445625
993.8401260589261	1001.2291666666666
994.1279275467119	1032.17625
994.4156721449109	1050.3804166666666
994.7033598453662	1041.2783333333334
994.99099063992	1072.2254166666667
995.2785645204149	989.3964583333333
995.5660814786938	1028.5354166666666
995.853541506599	986.6658333333335
996.140944595973	1016.7027083333332
996.4282907386587	1007.600625
996.7155799264985	1002.1393750000001
997.0028121513348	1125.0175
997.2899874050105	1019.4333333333334
997.5771056793681	1015.7924999999999
997.8641669662499	968.4616666666666
998.1511712574988	994.8577083333333
998.4381185449574	1032.17625
998.725008820468	1062.213125
999.0118420758735	974.833125
999.2986183030163	981.2045833333333
999.585337493739	1016.7027083333334
999.8719996398839	1044.9191666666666
1000.158604733294	980.294375
1000.445152765812	1091.3397916666668
1000.7316437292799	1049.4702083333332
1001.0180776155407	1049.4702083333332
1001.3044544164371	1033.0864583333332
1001.5907741238111	1093.1602083333332
1001.8770367295059	1135.0297916666666
1002.1632422253638	1033.9966666666667
1002.4493906032271	1031.2660416666665
1002.735481854939	1039.4579166666665
1003.0215159723417	1076.7764583333335
1003.3074929472778	973.9229166666665
1003.59341277159	1022.1639583333332
1003.8792754371208	982.1147916666665
1004.1650809357126	1044.0089583333333
1004.4508292592081	1078.596875
1004.7365203994503	1052.2008333333333
1005.0221543482811	1029.445625
1005.3077310975436	1027.6252083333334
1005.5932506390802	1041.2783333333334
1005.8787129647335	1026.715
1006.1641180663456	999.4087499999999
1006.4494659357599	1056.751875
1006.7347565648188	1005.7802083333332
1007.0199899453642	1169.6177083333334
1007.3051660692394	1034.906875
1007.5902849282868	1004.8699999999999
1007.8753465143486	993.9474999999999
1008.160350819268	1042.1885416666667
1008.4452978348874	1064.0335416666667
1008.7301875530488	1059.4824999999998
1009.0150199655957	1038.5477083333335
1009.2997950643701	984.8454166666667
1009.5845128412144	1056.751875
1009.8691732879718	993.9474999999999
1010.1537763964845	1054.9314583333332
1010.4383221585949	1077.6866666666667
1010.7228105661462	1004.87
1011.0072416109805	1022.1639583333334
1011.2916152849402	993.9475000000001
1011.5759315798686	1020.3435416666667
1011.8601904876076	978.4739583333334
1012.144392	983.025
1012.4285361088884	1001.2291666666666
1012.7126228061155	1008.5108333333334
1012.9966520835236	1107.7235416666665
1013.2806239329553	967.5514583333334
1013.5645383462538	1036.7272916666668
1013.8483953152609	1076.7764583333335
1014.1321948318193	1025.8047916666667
1014.4159368877722	977.5637499999999
1014.6996214749615	1063.1233333333332
1014.98324858523	1046.7395833333333
1015.2668182104202	1006.6904166666667
1015.5503303423751	1009.4210416666666
1015.8337849729367	1042.1885416666667
1016.1171820939478	1053.1110416666668
1016.4005216972512	1077.6866666666667
1016.6838037746892	999.4087499999999
1016.9670283181047	1065.8539583333334
1017.2501953193398	1026.715
1017.5333047702371	985.7556249999999
1017.81635666264	1054.9314583333332
1018.0993509883903	1064.0335416666667
1018.3822877393309	986.6658333333334
1018.6651669073037	1015.7925
1018.9479884841523	1012.1516666666666
1019.2307524617187	1039.4579166666665
1019.5134588318456	1073.1356250000001
1019.7961075863757	1084.058125
1020.0786987171514	993.0372916666666
1020.3612322160153	1015.7925
1020.6437080748101	1043.09875
1020.9261262853781	1046.7395833333333
1021.208486839562	1014.8822916666668
1021.4907897292048	1043.0987499999999
1021.7730349461489	1053.1110416666666
1022.0552224822362	1016.7027083333332
1022.33735232931	1034.906875
1022.6194244792129	1010.3312500000001
1022.9014389237868	998.4985416666667
1023.1833956548752	1078.5968750000002
1023.46529466432	1062.213125
1023.7471359439638	956.6289583333332
1024.0289194856498	1035.8170833333334
1024.3106452812199	972.1025
1024.5923133225172	978.4739583333334
1024.8739236013837	1022.1639583333334
1025.1554761096625	1022.1639583333334
1025.436970839196	1022.1639583333334
