339.86832	19.114375
340.2509644343084	33996.28125
340.6335677717954	578.8925
341.0161300043036	508.8064583333333
341.3986511236755	658.080625
341.78113112175373	585.2639583333333
342.16356999038084	625.313125
342.5459677213995	638.96625
342.92832430665214	5698.814375000001
343.3106397379815	1226.9608333333333
343.69291400723	649.88875
344.0751471062403	662.6316666666668
344.45733902685504	695.3991666666667
344.83948976091665	766.3954166666666
345.2215993002679	722.7054166666667
345.60366763675125	730.8972916666667
345.9856947622093	786.4200000000001
346.3676806684845	699.04
346.74962534741974	758.2035416666666
347.1315287908573	841.0324999999999
347.51339099064	825.5589583333334
347.8952119386102	826.4691666666666
348.2769916266106	841.9427083333334
348.6587300464838	1143.2216666666666
349.0404271900723	912.0287500000001
349.4220830492187	976.6535416666667
349.80369761576566	927.5022916666667
350.1852708815557	1011.2414583333333
350.5668028384313	974.833125
350.9482934782352	1260.6385416666665
351.32974279281	979.3841666666667
351.71115077399816	974.8331250000001
352.0925174136422	1135.0297916666666
352.47384270358486	1063.1233333333332
352.8551266356687	972.1025
353.23636920173624	1053.1110416666668
353.61757039363005	1072.225416666667
353.9987302031928	1246.9854166666667
354.379848622267	1145.0420833333335
354.76092564269516	1075.86625
355.14196125632	1081.3274999999999
355.52295545498407	1091.3397916666665
355.90390823052985	1116.825625
356.2848195748	1536.4316666666666
356.6656894796371	1108.63375
357.04651793688373	1116.8256250000002
357.4273049383824	1086.78875
357.8080504759759	1063.1233333333332
358.18875454150657	1132.2991666666667
358.5694171268171	1058.5722916666666
358.9500382237499	1072.225416666667
359.3306178241479	1137.7604166666667
359.7111559198534	1095.8908333333331
360.0916525027091	1108.63375
360.47210756455746	1079.5070833333332
360.85252109724127	1094.980625
361.23289309260286	992.1270833333334
361.61322354248495	1082.2377083333333
361.99351243873014	1086.78875
362.37375977318095	1186.0014583333334
362.75396553768	1173.2585416666664
363.1341297240698	1075.86625
363.514252324193	1027.6252083333334
363.8943333298922	1003.9597916666667
364.27437273300995	1212.3975
364.65437052538874	1073.135625
365.03432669887127	1065.8539583333331
365.4142412453001	1015.7925
365.7941141565177	1267.01
366.1739454243669	1037.6375
366.55373504069	1065.8539583333334
366.93348299732975	1044.0089583333333
367.31318928612865	1130.47875
367.6928538989293	1067.674375
368.0724768275743	1053.1110416666668
368.4520580639063	1158.6952083333333
368.83159759976763	1093.1602083333335
369.21109542700117	1339.8266666666666
369.59055153744936	1160.515625
369.9699659229547	1054.02125
370.34933857536	1054.02125
370.72866948650767	1053.1110416666668
371.10795864824024	1068.5845833333333
371.4872060524004	1195.1035416666666
371.8664116908307	1108.63375
372.2455755553737	1627.4525
372.6246976378721	1109.5439583333334
373.00377793016827	1179.6299999999999
373.38281642410493	1156.8747916666669
373.76181311152465	1140.4910416666667
374.14076798427	1160.515625
374.5196810341835	1187.821875
374.8985522531078	1123.1970833333335
375.2773816328855	1021.25375
375.6561691653591	1080.4172916666666
376.0349148423712	1074.9560416666666
376.4136186557645	1033.0864583333334
376.7922805973814	1056.751875
377.17090065906456	987.5760416666667
377.5494788326565	1043.09875
377.92801511000005	1128.6583333333333
378.3065094829374	1208.7566666666667
378.6849619433114	1044.9191666666666
379.0633724829646	1149.593125
379.4417410937395	1112.2745833333333
379.82006776747875	1501.84375
380.1983524960249	1053.1110416666668
380.57659527122047	1042.1885416666667
380.9547960849082	1071.3152083333332
381.33295492893046	1023.0741666666668
381.71107179513	1118.6460416666669
382.08914667534935	1042.1885416666667
382.467179561431	1032.1762500000002
382.84517044521766	1041.2783333333334
383.22311931855194	1052.2008333333333
383.60102617327624	1124.1072916666667
383.97889100123325	1166.8870833333333
384.35671379426554	1089.519375
384.73449454421575	1018.523125
385.1122332429263	1036.7272916666668
385.48992988224	1080.4172916666666
385.8675844539992	1059.4825
386.24519695004665	1081.3275
386.6227673622248	1089.5193749999999
387.0002956823763	1097.71125
387.3777819023437	1261.5487500000002
387.75522601396966	1111.364375
388.1326280090966	1088.6091666666669
388.5099878795673	1096.8010416666666
388.8873056172243	1010.3312500000001
389.26458121391	1034.906875
389.6418146614671	1081.3275
390.0190059517382	993.0372916666666
390.3961550765659	1012.1516666666666
390.77326202779267	1151.4135416666666
391.15032679726124	1045.829375
391.5273493768141	1054.9314583333332
391.9043297582938	1078.596875
392.2812679335429	1055.8416666666665
392.65816389440414	1100.4418749999998
393.03501763272	1109.5439583333334
393.41182914033305	1118.6460416666666
393.7885984090858	1049.4702083333334
394.165325430821	1171.438125
394.5420101973811	1082.2377083333333
394.9186527006087	1042.1885416666667
395.29525293234644	1128.6583333333333
395.67181088443687	1041.2783333333332
396.04832654872257	1091.3397916666665
396.424799917046	1186.9116666666666
396.80123098124994	1061.3029166666668
397.1776197331769	1128.6583333333333
397.5539661646694	1126.8379166666666
397.93027026757005	1081.3275
398.30653203372145	1057.6620833333334
398.6827514549662	992.1270833333333
399.05892852314685	1161.4258333333335
399.4350632301059	1021.2537500000002
399.8111555676861	1082.2377083333333
400.18720552772993	1067.674375
400.56321310207994	1072.2254166666664
400.9391782825788	1094.9806250000001
401.315101061069	1116.8256250000002
401.6909814293932	1125.0175
402.06681937939385	1064.0335416666667
402.4426149029137	1112.274583333333
402.8183679917953	1138.670625
403.19407863788103	1044.0089583333333
403.56974683301377	1043.09875
403.94537256903584	1036.7272916666668
404.32095583779	1081.3275
404.69649663111875	1170.5279166666667
405.0719949408646	1125.0175000000002
405.4474507588703	1061.3029166666668
405.82286407697836	1129.5685416666668
406.1982348870312	1033.9966666666667
406.57356318087164	1077.6866666666667
406.94884895034215	1074.9560416666666
407.3240921872853	1069.4947916666667
407.6992928835437	1095.8908333333336
408.07445103095995	1054.02125
408.4495666213767	1111.364375
408.8246396466363	1040.3681250000002
409.19967009858135	1074.9560416666666
409.5746579690547	1100.4418749999998
409.94960324989876	1009.4210416666666
410.324505932956	1052.2008333333333
410.69936601006924	1044.0089583333336
411.07418347308095	1104.0827083333334
411.4489583138336	1130.47875
411.82369052417	1155.054375
412.1983800959325	1112.274583333333
412.5730270209638	1047.6497916666667
412.9476312911065	1042.1885416666667
413.32219289820307	1146.8625
413.6967118340962	1037.6374999999998
414.0711880906285	1071.3152083333334
414.4456216596423	1039.4579166666665
414.8200125329805	1169.6177083333332
415.19436070248554	1091.3397916666665
415.56866615999996	1072.2254166666667
415.94292889736636	1125.0175
416.3171489064274	1044.9191666666666
416.6913261790256	1180.5402083333333
417.0654607070035	1097.71125
417.43955248220374	1188.7320833333333
417.81360149646883	1115.9154166666665
418.1876077416415	1206.93625
418.56157120956414	1066.7641666666666
418.9354918920794	1096.8010416666668
419.30936978103	1138.670625
419.68320486825826	1130.47875
420.056997145607	1112.2745833333333
420.43074660491874	1118.6460416666666
420.80445323803593	1005.7802083333332
421.17811703680127	1107.723541666667
421.55173799305726	1086.78875
421.9253160986466	1032.17625
422.2988513454117	1100.441875
422.67234372519533	1104.0827083333334
423.04579322983994	1051.2906249999999
423.4191998511882	1193.283125
423.79256358108256	1148.6829166666669
424.16588441136577	1112.274583333333
424.5391623338803	1366.2227083333335
424.9123973404688	1143.2216666666666
425.2855894229737	1111.3643749999999
425.65873857323766	1057.6620833333334
426.03184478310334	1054.9314583333335
426.4049080444133	1207.8464583333334
426.77792834901	1240.6139583333334
427.1509056887361	1048.56
427.5238400554342	1138.670625
427.8967314409469	1041.2783333333334
428.2695798371167	1273.3814583333335
428.6423852357862	1110.4541666666667
429.0151476287981	1165.0666666666666
429.38786700799477	1553.725625
429.76054336521895	1139.5808333333334
430.13317669231316	1199.6545833333332
430.50576698111996	1080.4172916666666
430.878314223482	1172.3483333333334
431.25081841124177	1098.6214583333333
431.623279536242	1283.39375
431.99569759032505	1181.4504166666668
432.3680725653337	1198.744375
432.7404044531105	1226.0506249999999
433.11269324549784	1155.9645833333332
433.4849389343386	1153.2339583333335
433.85714151147505	1143.2216666666666
434.22930096874995	1101.3520833333334
434.60141729800597	1141.40125
434.9734904910854	1216.9485416666666
435.3455205398311	1134.1195833333331
435.71750743608555	1218.7689583333333
436.08945117169117	1214.2179166666667
436.4613517384908	1162.3360416666667
436.833209128327	1281.5733333333333
437.2050233330421	1228.78125
437.57679434447897	1192.3729166666665
437.94852215448	1253.3568750000002
438.3202067548878	1175.9891666666667
438.69184813754504	1262.4589583333334
439.0634462942942	1194.1933333333334
439.43500121697787	1254.2670833333334
439.8065128974388	1204.2056249999998
440.17798132751926	1293.4060416666666
440.54940649906206	1231.511875
440.92078840390974	1278.8427083333333
441.2921270339049	1275.201875
441.66342238089	1300.6877083333334
442.0346744367077	1293.4060416666669
442.4058831932006	1368.043125
442.7770486422113	1294.31625
443.1481707755823	1338.0062500000001
443.5192495851562	1516.4070833333335
443.89028506277566	1351.6593750000002
444.26127720028313	1377.1452083333334
444.6322259895213	1422.655625
445.00313142233273	1381.69625
445.37399349056	1317.0714583333333
445.74481218604564	1392.6187499999999
446.1155875006322	1430.8475
446.4863194261624	1336.1858333333332
446.8570079544787	1702.0895833333334
447.2276530774237	1408.0922916666666
447.5982547868401	1346.1981250000001
447.9688130745703	1422.655625
448.3393279324569	1433.578125
448.7097993523426	1387.1575
449.08022732607	1331.6347916666666
449.45061184548155	1322.5327083333332
449.82095290241983	1408.0922916666666
450.1912504887275	1383.5166666666667
450.56150459624706	1317.9816666666666
450.93171521682126	1459.9741666666666
451.30188234229246	1544.6235416666666
451.67200596450334	1368.0431250000001
452.04208607529654	1310.6999999999998
452.4121226665145	1282.4835416666667
452.78211573	1360.7614583333334
453.15206525759544	1282.4835416666667
453.52197124114343	1243.3445833333333
453.8918336724866	1229.6914583333332
454.2616525434675	1292.4958333333334
454.6314278459287	1480.9089583333334
455.0011595717129	1247.895625
455.37084771266245	1261.54875
455.74049226062016	1285.2141666666666
456.11009320742846	1241.5241666666664
456.47965054492994	1254.2670833333334
456.8491642649673	1236.9731250000002
457.21863435938303	1250.62625
457.5880608200197	1220.589375
457.95744363871995	1304.3285416666665
458.3267828073262	1226.050625
458.69607831768127	1243.3445833333333
459.0653301616276	1285.2141666666666
459.43453833100773	1273.3814583333333
459.8037028176643	1247.895625
460.17282361344	1234.2425
460.54190071017723	1321.6225000000002
460.9109340997186	1270.6508333333334
461.2799237739068	1256.0874999999999
461.64886972458436	1301.5979166666666
462.01777194359374	1348.0185416666666
462.38663042277767	1654.75875
462.75544515397866	1374.4145833333332
463.1242161290393	1336.1858333333332
463.49294333980225	1334.3654166666668
463.86162677810995	1314.3408333333334
464.2302664358051	1324.3531249999999
464.5988623047302	1376.235
464.96741437672785	1322.5327083333334
465.3359226436407	1560.0970833333333
465.70438709731116	1632.9137499999997
466.0728077295821	1420.8352083333332
466.4411845322957	1398.08
466.8095174972949	1469.9864583333335
467.1778066164222	1426.2964583333332
467.54605188151993	1373.5043749999998
467.914253284431	1645.6566666666665
468.2824108169978	1380.7860416666665
468.65052447106297	1500.9335416666665
469.0185942384692	1544.6235416666666
469.38662011105873	1530.9704166666668
469.75460208067443	1489.1008333333332
470.1225401391589	1515.496875
470.49043427835454	1489.1008333333332
470.85828449010404	1654.75875
471.22609076624997	1493.6518749999998
471.5938530986349	1538.252083333333
471.96157147910145	1654.75875
472.3292458994921	1658.399583333333
472.69687635164945	1689.3466666666666
473.06446282741626	1702.9997916666664
473.4320053186349	1735.7672916666668
473.7995038171479	1769.445
474.1669583147982	1767.6245833333335
474.5343688034279	2166.2958333333336
474.90173527488	1847.7229166666666
475.26905772099684	1847.7229166666666
475.63633613362094	2199.063333333333
476.0035705045952	1928.7314583333334
476.3707608257619	2085.287291666667
476.7379070889637	2056.160625
477.1050092860433	2016.1114583333335
477.4720674088431	2353.79875
477.8390814492057	2118.965
478.2060513989739	2190.871458333333
478.57297724998995	2115.3241666666668
478.9398589940967	2121.695625
479.30669662313665	2201.793958333333
479.67349012895227	2235.4716666666664
480.04023950338626	2419.33375
480.4069447382812	2338.3252083333336
480.77360582547965	2450.2808333333337
481.1402227568242	2651.436875
481.5067955241573	2435.7175
481.8733241193217	2485.778958333334
482.23980853416	2503.0729166666665
482.60624876051463	2549.4935416666667
482.97264479022823	2591.363125
483.3389966151434	2647.7960416666665
483.70530422710266	2664.179791666667
484.0715676179487	2734.2658333333334
484.43778677952406	2782.5068750000005
484.80396170367123	2852.592916666667
485.170092382233	2868.0664583333332
485.53617880705167	3049.1979166666665
485.90222096996996	3278.570416666667
486.2682188628305	3184.8189583333333
486.63417247747583	3014.61
487.0000818057485	3449.6895833333333
487.36594683949113	3290.4031249999994
487.73176757054625	3303.1460416666664
488.09754399075644	3563.4656250000003
488.46327609196436	3441.497708333334
488.8289638660125	3596.233125
489.19460730474356	3707.2785416666666
489.56020639999997	4369.0
489.9257611436244	3881.1283333333326
490.29127152745946	4005.826875
490.65673754334756	4093.206875
491.0221591831315	4175.125625
491.3875364386538	4363.538750000001
491.75286930175685	4491.878125
492.11815776428347	4815.9122916666665
492.4834018180762	4980.660000000001
492.8486014549774	4923.316875
493.21375666683	5189.097708333334
493.5788674454763	5230.057083333333
493.94393378275896	5762.528958333333
494.30895567052073	5630.548749999999
494.67393310060385	5828.063958333333
495.0388660648512	6112.9591666666665
495.4037545551053	6426.981041666667
495.76859856320857	6461.568958333333
496.1333980810037	6704.594583333333
496.49815310033335	6914.852708333333
496.8628636130399	7264.372708333333
497.22752961096626	7346.291458333333
497.59215108595464	7674.876666666666
497.95672802984774	7919.722708333334
498.3212604344883	8322.034791666665
498.6857482917187	8334.777708333333
499.05019159338167	8599.648333333333
499.4145903313197	8955.539791666668
499.7789444973753	9243.165625
500.14325408339124	9652.759375
500.50751908121	9706.461666666666
500.8717394826741	10102.402291666665
501.2359152796262	10453.742708333333
501.6000464639089	10764.123749999999
501.9641330273647	11110.002916666666
502.3281749618363	11536.890625
502.69217225916606	11716.201666666666
503.0561249111968	12184.958958333335
503.42003290977095	12434.356041666666
503.78389624673116	12651.895833333334
504.14771491391997	13086.975416666668
504.51148890318	13413.740208333335
504.8752182063538	13928.918124999998
505.238902815284	14249.311458333332
505.60254272181305	14566.063958333332
505.9661379177837	15065.768333333333
506.3296883950385	15193.1975
506.69319414541985	15563.652291666667
507.05665516077056	16891.64625
507.42007143293307	16413.786874999998
507.78344295374995	16779.690625
508.14676971506384	17623.45375
508.51005170871747	17664.413125000003
508.8732889265531	17978.435
509.2364813604135	18335.236666666664
509.5996290021412	18763.034583333334
509.9627318435789	19050.66041666667
510.325789876569	19634.103958333333
510.6888030929541	19814.325208333335
511.051771484577	20203.894375
511.41469504328	21127.755833333333
511.77757376090574	21328.001666666667
512.1404076292971	21594.692708333332
512.5031966402962	22236.389583333334
512.8659407857458	22730.632708333334
513.2286400574887	22901.751875
513.5912944473672	23158.430624999997
513.953903947224	23536.167083333334
514.3164685489018	24212.451875
514.6789882442428	24333.509583333333
515.04146302509	24733.09104166667
515.4038928832857	25380.249166666665
515.7662778106726	25419.388124999998
516.1286177990931	25910.900625
516.4909128403904	26221.281666666666
516.8531629264063	26984.03625
517.2153680489837	27072.326458333333
517.5775281999652	27507.406041666665
517.9396433711935	27806.864583333332
518.3017135545108	28261.96875
518.66373874176	28232.842083333333
519.0257189247836	28717.072916666668
519.3876540954242	29389.716875000002
519.7495442455245	29584.501458333336
520.1113893669268	30014.119791666668
520.4731894514738	30371.831666666665
520.8349444910081	30462.852499999997
521.1966544773722	31057.218541666665
521.558319402409	31314.8075
521.9199392579607	31738.054375000003
522.28151403587	32055.717083333333
522.6430437279796	32321.497916666664
523.0045283261317	32331.510208333333
523.3659678221695	32772.96125
523.7273622079351	32957.73354166667
524.0887114752712	33017.807291666664
524.4500156160204	33067.86875
524.8112746220253	33824.251875
525.1724884851286	33846.096874999996
525.5336571971726	34834.583125
525.8947807500001	34538.76541666667
526.2558591354534	34447.744583333326
526.6168923453754	35005.70229166667
526.9778803716086	35024.816666666666
527.3388232059956	35448.06354166667
527.6997208403786	36481.15
528.0605732666008	35680.166666666664
528.4213804765045	35875.86145833333
528.782142461932	36212.63854166667
529.1428592147264	36048.80104166667
529.50353072673	36413.794583333336
529.8641569897852	36743.29
530.224737995735	36839.77208333334
530.5852737364216	36837.95166666667
530.9457642036878	37102.82229166667
531.3062093893762	36948.99708333334
531.6666092853293	36978.12375
532.0269638833895	37152.88375
532.3872731753997	37046.389375
532.7475371532023	37178.36958333334
533.10775580864	37006.340208333335
533.4679291335551	36820.65770833333
533.8280571197906	36922.60104166667
534.1881397591887	37153.793958333335
534.5481770435923	37045.479166666664
534.9081689648438	37240.26374999999
535.2681155147857	36881.64166666667
535.6280166852607	36720.53479166667
535.9878724681114	36837.04145833333
536.3476828551802	36813.37604166666
536.7074478383099	37563.38770833333
537.0671674093431	37046.389375
537.4268415601222	36713.253124999996
537.7864702824897	36675.93458333333
538.1460535682887	36769.68604166667
538.5055914093612	36810.645416666666
538.8650837975499	36915.319375
539.2245307246978	36759.673749999994
539.5839321826469	36645.89770833333
539.9432881632401	36127.07895833333
540.30259865832	36497.533749999995
540.6618636597291	36250.86729166666
541.0210831593098	36426.5375
541.380257148905	35892.24520833333
541.7393856203572	35861.298125
542.0984685655087	35643.75833333333
542.4575059762025	35690.17895833333
542.8164978442809	35682.897291666675
543.1754441615866	35161.347916666666
543.5343449199621	35236.895208333335
543.89320011125	34993.869583333326
544.2520097272928	34874.63229166667
544.6107737599334	34760.85625
544.9694922010141	34616.133125
545.3281650423775	34791.80333333334
545.6867922758662	34242.0375
546.0453738933229	33949.860625
546.40390988659	34091.853125
546.7624002475101	34217.461875
547.1208449679259	33728.68
547.4792440396799	33939.84833333333
547.8375974546148	33623.09583333333
548.195905204573	33816.97020833333
548.5541672813971	33197.118333333325
548.91238367693	33218.96333333333
549.2705543830137	33275.39625
549.6286793914913	33056.94625
549.986758694205	32546.319375000003
550.3447922829978	32505.36
550.702780149712	32363.367500000004
551.0607222861901	32428.9025
551.4186186842746	32450.7475
551.7764693358087	32040.243541666667
552.1342742326343	31871.855
552.4920333665942	31867.303958333334
552.8497467295313	31694.364375
553.2074143132876	31742.60541666667
553.565036109706	31325.73
553.9226121106294	31342.11375
554.2801423078997	31184.64770833333
554.63762669336	31167.35375
554.9950652588526	31161.8925
555.3524579962202	30840.588958333334
555.7098048973054	30602.114375
556.0671059539508	30617.587916666667
556.4243611579986	30416.431875
556.7815705012921	30188.879791666666
557.1387339756732	30218.916666666668
557.495851572985	29972.250208333335
557.8529232850698	30195.25125
558.20994910377	29727.40416666667
558.5669290209286	29638.20375
558.9238630283878	29818.425000000003
559.2807511179905	29549.91354166667
559.6375932815791	29522.607291666664
559.9943895109963	29662.779375
560.3511397980844	29058.401041666668
560.7078441346864	29524.427708333333
561.0645025126445	29170.35666666667
561.4211149238015	29006.519166666665
561.77768136	29035.645833333332
562.1342018130823	28670.65229166667
562.4906762748914	28701.599375
562.8471047372697	28721.623958333334
563.2034871920595	28080.837291666667
563.5598236311037	28230.111458333336
563.9161140462448	28204.625625
564.2723584293254	28235.572708333333
564.6285567721882	27965.240833333333
564.9847090666755	27592.055416666666
565.34081530463	27501.034583333338
565.6968754778943	27624.822916666668
566.052889578311	27199.755625
566.4088575977227	27722.215208333335
566.7647795279719	27067.775416666667
567.1206553609012	27025.905833333334
567.4764850883533	26906.66854166667
567.8322687021706	26622.68354166667
568.1880061941957	26499.805416666666
568.5436975562714	26329.59645833333
568.89934278024	26422.437708333335
569.2549418579441	26349.62104166667
569.6104947812267	26182.142708333336
569.9660015419297	25832.622708333332
570.3214621318963	25774.369375
570.6768765429688	25635.107500000002
571.0322447669896	25448.514791666665
571.3875667958016	25039.83125
571.7428426212473	25190.015625
572.0980722351692	24608.3925
572.45325562941	24620.225208333333
572.8083927958121	24464.579583333336
573.1634837262183	24379.02
573.5185284124709	24216.092708333334
573.8735268464127	23932.107708333333
574.2284790198863	23917.544374999998
574.5833849247341	23395.084791666668
574.9382445527988	23341.382500000003
575.293057895923	23157.520416666666
575.6478249459491	22851.690416666668
576.0025456947199	22667.828333333335
576.357220134078	22480.325416666663
576.7118482558658	22184.50770833333
577.066430051926	21793.118124999997
577.4209655141011	21751.248541666664
577.7754546342337	21681.1625
578.1298974041664	21310.70770833333
578.4842938157419	20995.775625
578.8386438608024	21034.004375
579.192947531191	20530.659166666668
579.54720481875	20267.608958333334
579.9014157153218	19823.427291666667
580.2555802127495	19893.513333333332
580.609698302875	19614.989583333332
580.9637699775415	19241.80416666667
581.3177952285913	19011.521458333333
581.6717740478667	18816.736875000002
582.0257064272109	18633.785
582.3795923584662	18061.263958333333
582.7334318334749	18164.1175
583.08722484408	17693.539791666666
583.4409713821237	17666.233541666665
583.794671439449	17066.40625
584.1483250078983	17013.614166666666
584.501932079314	16581.265208333334
584.8554926455387	16473.860624999998
585.2090066984154	16239.026875000001
585.5624742297861	15894.057916666667
585.9158952314937	15631.917916666667
586.2692696953808	15377.059583333334
586.6225976132899	15156.789166666667
586.9758789770636	14719.889166666666
587.3291137785446	14547.859791666668
587.6823020095754	14098.216875
588.0354436619982	14016.298125
588.3885387276563	13664.957708333333
588.7415871983918	13410.099375
589.0945890660471	13335.462291666665
589.4475443224653	13016.889374999999
589.8004529594888	12790.2475
590.15331496896	12629.140625
590.5061303427216	12349.706666666665
590.8588990726163	12073.913541666667
591.2116211504864	11827.247083333334
591.5642965681747	11737.136458333334
591.9169253175238	11272.019999999999
592.269507390376	11040.827083333332
592.6220427785742	10936.153124999999
592.974531473961	10626.682291666666
593.3269734683787	10455.563124999999
593.6793687536699	10095.120625000001
594.0317173216775	9899.425833333333
594.3840191642438	9862.107291666667
594.7362742732114	9479.819791666667
595.0884826404231	9315.072083333334
595.4406442577213	9098.4425
595.7927591169484	8890.004791666668
596.1448272099474	8639.6975
596.4968485285606	8571.431875
596.8488230646306	8249.218125
597.2007508099999	8037.139583333334
597.5526317565115	7928.824791666667
597.9044658960074	8270.152916666668
598.2562532203306	7584.766041666667
598.6079937213235	7184.274375
598.9596873908287	7022.257291666666
599.3113342206889	6920.313958333333
599.6629342027466	6842.946250000001
600.0144873288441	7307.1525
600.3659935908244	6466.12
600.71745298053	6280.4375
601.0688654898032	6092.024375000001
601.4202311104871	6101.126458333333
601.7715498344237	5653.303958333333
602.1228216534558	5699.724583333333
602.4740465594261	5397.535416666667
602.8252245441772	5306.514583333334
603.1763555995517	5129.023958333334
603.5274397173916	4908.753541666666
603.8784768895403	4874.165625000001
604.22946710784	4683.932083333333
604.5804103641332	4532.837500000001
604.9313066502625	4720.340416666667
605.2821559580708	4386.293958333333
605.6329582794003	4132.345833333334
605.9837136060937	4028.5820833333332
606.3344219299937	3811.0422916666666
606.6850832429426	3876.5772916666665
607.0356975367833	3645.384375
607.3862648033582	4058.618958333333
607.73678503451	3421.473125
608.0872582220811	3327.721666666667
608.4376843579142	3198.4720833333336
608.7880634338519	3360.4891666666663
609.1383954417366	3060.1204166666666
609.4886803734113	2919.9483333333337
609.838918220718	2941.793333333333
610.1891089754997	2777.045625
610.5392526295989	2736.0862500000003
610.8893491748582	2666.9104166666666
611.2393986031199	2606.8366666666666
611.589400906227	2459.382916666667
611.9393560760218	2416.603125
612.289264104347	2368.3620833333334
612.6391249830451	2321.9414583333332
612.9889387039588	2312.839375
613.3387052589305	2167.2060416666664
613.6884246398027	2154.463125
614.0380968384185	2128.0670833333334
614.38772184662	2062.5320833333335
614.7372996562499	1963.319375
615.0868302591509	1998.8175
615.4363136471654	1983.3439583333336
615.785749812136	1941.474375
616.1351387459055	1868.6577083333334
616.4844804403161	1780.3675
616.8337748872108	1784.0083333333332
617.1830220784319	1726.665208333333
617.5322220058221	1621.99125
617.8813746612238	1659.3097916666666
618.2304800364799	1707.5508333333335
618.5795381234328	1594.6850000000002
618.9285489139249	1632.91375
619.2775123997992	1571.0195833333335
619.6264285728979	1576.4808333333333
619.9752974250638	1515.496875
620.3241189481392	1480.9089583333334
620.6728931339671	1462.7047916666668
621.0216199743898	1473.6272916666667
621.3702994612498	1477.2681249999998
621.71893158639	1401.7208333333335
622.0675163416527	1439.039375
622.4160537188806	1382.6064583333334
622.7645437099163	1326.1735416666668
623.1129863066024	1314.3408333333332
623.4613815007812	1317.9816666666668
623.8097292842956	1341.6470833333333
624.1580296489882	1303.4183333333333
624.5062825867013	1340.7368749999998
624.8544880892778	1287.0345833333333
625.20264614856	1273.3814583333335
625.5507567563906	1284.3039583333332
625.8988199046122	1248.8058333333333
626.2468355850674	1333.4552083333333
626.5948037895986	1293.4060416666666
626.9427245100487	1264.2793749999998
627.2905977382602	1290.6754166666667
627.6384234660752	1296.1366666666665
627.9862016853368	1371.6839583333333
628.3339323878878	1280.6631249999998
628.6816155655699	1190.5525
629.0292512102264	1276.1120833333334
629.3768393136999	1812.2247916666668
629.7243798678326	1236.0629166666668
630.071872864467	1472.7170833333332
630.4193182954463	1358.0308333333335
630.7667161526125	1270.6508333333334
631.1140664278083	1254.2670833333334
631.4613691128765	1229.6914583333332
631.8086241996596	1141.4012500000001
632.1558316799999	1320.7122916666667
632.5029915457404	1169.6177083333332
632.8501037887233	1272.4712499999998
633.1971684007915	1274.2916666666667
633.5441853737874	1230.6016666666667
633.8911546995539	1113.1847916666668
634.2380763699327	1174.16875
634.5849503767676	1303.4183333333333
634.9317767119002	1161.4258333333335
635.2785553671735	1200.5647916666667
635.6252863344299	1297.9570833333335
635.9719696055123	1141.40125
636.318605172263	1192.3729166666665
636.6651930265247	1100.441875
637.0117331601399	1200.5647916666667
637.3582255649512	1163.24625
637.7046702328013	1295.2264583333333
638.0510671555326	1237.8833333333332
638.3974163249877	1150.5033333333333
638.7437177330092	1142.3114583333333
639.08997137144	2222.72875
639.4361772321222	1256.9977083333333
639.7823353068986	1139.5808333333332
640.1284455876117	1136.8502083333333
640.4745080661042	1107.7235416666665
640.8205227342187	1164.1564583333334
641.1664895837977	1076.7764583333335
641.5124086066837	1091.3397916666665
641.8582797947192	1104.0827083333334
642.2041031397473	1235.1527083333333
642.54987863361	1084.9683333333332
642.8956062681501	1148.6829166666666
643.2412860352101	1237.8833333333332
643.586917926633	1155.054375
643.9325019342607	1148.6829166666666
644.2780380499362	1125.0175000000002
644.623526265502	1046.7395833333333
644.9689665728008	1147.7727083333332
645.3143589636749	1181.4504166666666
645.6597034299672	1093.1602083333335
646.00499996352	1185.09125
646.3502485561759	1306.1489583333334
646.6954491997778	1144.131875
647.040601886168	1086.78875
647.385706607189	1068.5845833333333
647.7307633546837	1135.0297916666666
648.0757721204944	1099.5316666666668
648.4207328964637	993.9475000000001
648.7656456744345	1065.8539583333334
649.1105104462491	1185.0912500000002
649.4553272037499	1087.6989583333332
649.8000959387799	1077.6866666666665
650.1448166431815	1211.4872916666666
650.4894893087971	1117.7358333333334
650.8341139274694	1074.0458333333333
651.1786904910413	1056.751875
651.5232189913548	1105.903125
651.867699420253	1112.2745833333333
652.2121317695781	1168.7075
652.5565160311729	1116.8256250000002
652.9008521968799	1098.6214583333333
653.2451402585418	1021.25375
653.589380208001	1094.980625
653.9335720371001	1181.4504166666666
654.2777157376819	1161.4258333333335
654.6218113015888	1098.6214583333333
654.9658587206632	1097.71125
655.3098579867482	1201.4750000000001
655.6538090916857	1116.825625
655.9977120273187	1050.3804166666666
656.34156678549	1076.7764583333333
656.6853733580418	1208.7566666666667
657.0291317368166	1074.9560416666666
657.3728419136573	1189.6422916666668
657.7165038804063	1065.8539583333334
658.0601176289063	1063.1233333333332
658.4036831509995	1093.1602083333335
658.7472004385293	1076.7764583333333
659.0906694833374	1162.3360416666667
659.4340902772667	1104.9929166666668
659.77746281216	1168.7075
660.1207870798596	1246.0752083333334
660.4640630722082	1114.095
660.8072907810484	1040.368125
661.1504701982227	1153.2339583333332
661.4936013155738	1079.5070833333332
661.8366841249441	1048.56
662.1797186181763	1088.6091666666669
662.5227047871128	1099.5316666666668
662.8656426235966	1195.1035416666666
663.2085321194701	1126.8379166666666
663.5513732665754	1055.8416666666667
663.8941660567558	1033.0864583333334
664.2369104818536	1076.7764583333333
664.5796065337111	1074.9560416666666
664.9222542041712	1047.6497916666667
665.2648534850765	1093.1602083333335
665.6074043682694	1182.360625
665.9499068455925	1122.286875
666.2923609088887	1065.8539583333334
666.63476655	1064.0335416666667
666.9771237607694	1029.445625
667.3194325330395	1084.0581249999998
667.6616928586526	1144.131875
668.0039047294514	1077.6866666666667
668.3460681372787	1074.0458333333333
668.6881830739768	1090.4295833333333
669.0302495313884	1094.9806250000001
669.3722675013561	1355.3002083333333
669.7142369757223	1226.9608333333333
670.0561579463299	1077.6866666666667
670.3980304050212	1123.1970833333332
670.7398543436391	1128.6583333333335
671.0816297540256	1084.9683333333335
671.4233566280238	1361.6716666666664
671.7650349574764	1145.0420833333335
672.1066647342252	1064.0335416666667
672.4482459501136	1123.1970833333335
672.7897785969838	1381.69625
673.1312626666784	1062.213125
673.4726981510399	1050.3804166666666
673.8140850419113	1118.6460416666666
674.1554233311347	1008.5108333333334
674.4967130105528	1104.9929166666668
674.8379540720083	1161.4258333333335
675.1791465073437	1283.39375
675.5202903084016	1246.0752083333334
675.8613854670248	1071.3152083333334
676.2024319750553	1100.441875
676.5434298243362	1190.5525
676.88437900671	1121.3766666666668
677.2252795140191	1140.491041666667
677.5661313381062	1134.1195833333334
677.9069344708139	1092.25
678.2476889039847	1140.4910416666664
678.5883946294612	1043.09875
678.9290516390861	1054.02125
679.2696599247018	1113.1847916666666
679.6102194781508	1094.0704166666667
679.9507302912762	1059.4824999999998
680.29119235592	1135.9399999999998
680.631605663925	1210.5770833333333
680.9719702071338	1068.5845833333333
681.312285977389	1167.7972916666665
681.6525529665331	1175.0789583333333
681.9927711664087	1189.6422916666668
682.3329405688585	1092.25
682.6730611657248	1088.6091666666669
683.0131329488505	1179.63
683.353155910078	1095.8908333333331
683.6931300412499	1161.4258333333332
684.0330553342089	1219.6791666666668
684.3729317807973	1120.4664583333333
684.7127593728582	1146.8625000000002
685.0525381022335	1148.6829166666666
685.3922679607663	1050.3804166666666
685.7319489402989	1132.2991666666667
686.0715810326739	1153.2339583333335
686.4111642297341	1165.0666666666666
686.750698523322	1089.519375
687.0901839052799	1130.47875
687.4296203674508	1059.4825
687.7690079016771	1108.63375
688.1083464998012	1143.2216666666666
688.4476361536658	1086.78875
688.7868768551137	1093.1602083333335
689.1260685959872	1091.3397916666665
689.465211368129	1146.8625
689.8043051633817	1217.85875
690.1433499735879	1159.6054166666665
690.48234579059	1591.0441666666666
690.8212926062307	1451.7822916666664
691.1601904123526	1115.0052083333333
691.4990392007982	1091.3397916666665
691.8378389634104	1105.903125
692.1765896920311	1116.825625
692.5152913785035	1093.1602083333335
692.8539440146701	1059.4824999999998
693.1925475923734	1273.3814583333333
693.5311021034557	1175.0789583333333
693.86960753976	2417.513333333333
694.2080638931286	1287.0345833333333
694.5464711554041	1111.364375
694.8848293184293	1042.1885416666667
695.2231383740468	1209.6668750000001
695.5613983140987	1115.0052083333333
695.899609130428	1082.2377083333333
696.2377708148773	1108.63375
696.5758833592889	1070.405
696.9139467555057	1133.2093750000001
697.25196099537	1151.4135416666666
697.5899260707245	1223.32
697.9278419734118	1210.5770833333333
698.2657086952745	1117.7358333333332
698.603526228155	1226.0506249999999
698.9412945638961	1307.0591666666667
699.2790136943405	1107.7235416666667
699.6166836113304	1123.1970833333332
699.9543043067085	1230.6016666666667
700.2918757723176	1235.1527083333333
700.629398	1231.5118750000001
700.9668709815984	1155.054375
701.3042947089555	1101.3520833333332
701.6416691739137	1235.1527083333333
701.9789943683154	1285.2141666666666
702.3162702840036	1169.6177083333334
702.6534969128209	1142.3114583333333
702.9906742466095	1119.5562499999999
703.3278022772121	1221.4995833333332
703.6648809964715	1097.71125
704.00191039623	1099.5316666666668
704.3388904683302	1137.7604166666667
704.6758212046151	1072.2254166666664
705.0127025969267	1226.0506249999999
705.3495346371078	1084.9683333333335
705.6863173170012	1216.0383333333332
706.0230506284493	1134.1195833333334
706.3597345632945	1071.3152083333332
706.6963691133798	1155.054375
707.0329542705473	1076.7764583333333
707.3694900266399	1186.0014583333334
707.7059763735002	1121.3766666666668
708.0424133029707	1175.0789583333333
708.3788008068938	1153.2339583333332
708.7151388771123	1182.360625
709.0514275054688	1186.0014583333334
709.3876666838056	1205.1158333333333
709.7238564039657	1143.2216666666668
710.0599966577913	1089.519375
710.3960874371253	1145.0420833333335
710.73212873381	1195.1035416666666
711.0681205396882	1462.7047916666668
711.4040628466022	16118.879374999999
711.7399556463948	2003.3685416666667
712.0757989309087	1168.7075
712.4115926919862	1151.4135416666666
712.7473369214699	1127.748125
713.0830316112028	1133.2093750000001
713.418676753027	1140.4910416666667
713.7542723387851	1151.4135416666666
714.08981836032	1050.3804166666666
714.425314809474	1216.9485416666666
714.7607616780898	1084.0581249999998
715.09615895801	1080.4172916666666
715.4315066410772	1115.9154166666667
715.7668047191336	1125.0175
716.1020531840225	1129.5685416666668
716.4372520275859	1109.5439583333334
716.7724012416666	1178.7197916666667
717.107500818107	1094.9806250000001
717.44255074875	1050.3804166666666
717.777551025438	1094.9806250000001
718.1125016400134	1064.0335416666667
718.4474025843191	1081.3275
718.7822538501974	1206.0260416666667
719.1170554294912	1158.6952083333333
719.4518073140429	1123.1970833333332
719.7865094956949	1151.4135416666668
720.1211619662901	1126.8379166666666
720.4557647176711	1146.8625
720.7903177416799	1130.47875
721.1248210301598	1178.7197916666667
721.459274574953	1147.7727083333332
721.7936783679021	1123.1970833333335
722.1280324008497	1076.7764583333335
722.4623366656388	1075.86625
722.7965911541114	1097.71125
723.13079585811	1344.3777083333334
723.4649507694777	1254.2670833333334
723.7990558800569	1140.4910416666664
724.13311118169	1120.4664583333333
724.4671166662197	1054.02125
724.8010723254887	1104.0827083333334
725.1349781513393	1065.8539583333331
725.4688341356142	1183.2708333333333
725.8026402701563	1109.5439583333334
726.1363965468076	1075.86625
726.4701029574111	1107.7235416666667
726.8037594938094	1145.0420833333335
727.1373661478447	1188.7320833333333
727.4709229113599	1153.2339583333332
727.8044297761977	1042.1885416666667
728.1378867342002	1003.9597916666667
728.4712937772103	1124.1072916666665
728.8046508970707	1084.9683333333335
729.1379580856236	1085.8785416666667
729.4712153347119	1074.9560416666666
729.8044226361783	1111.364375
730.137579981865	1112.2745833333336
730.4706873636146	1054.9314583333332
730.80374477327	1167.7972916666668
731.1367522026735	1136.8502083333333
731.4697096436678	1056.751875
731.8026170880954	1161.4258333333335
732.1354745277993	1114.095
732.4682819546213	1128.6583333333333
732.8010393604045	1125.9277083333334
733.1337467369915	1206.93625
733.4664040762245	1112.2745833333333
733.7990113699465	1105.903125
734.1315686099999	1133.209375
734.4640757882273	1186.9116666666666
734.7965328964714	1169.6177083333334
735.1289399265746	1169.6177083333334
735.4612968703796	1079.5070833333332
735.7936037197286	1207.8464583333332
736.1258604664649	1078.596875
736.4580671024305	1094.0704166666667
736.7902236194681	1115.0052083333333
737.1223300094205	1043.0987499999999
737.45438626413	1041.2783333333334
737.7863923754393	1064.0335416666667
738.118348335191	1044.0089583333333
738.4502541352277	1073.135625
738.7821097673918	1052.2008333333333
739.1139152235262	1110.4541666666667
739.4456704954733	1177.8095833333334
739.7773755750756	1145.9522916666667
740.1090304541757	1025.8047916666667
740.4406351246164	1084.9683333333332
740.7721895782399	1213.3077083333333
741.1036938068892	1145.0420833333333
741.4351478024066	1055.8416666666667
741.7665515566348	1130.47875
742.0979050614163	1309.7897916666666
742.4292083085937	1256.9977083333333
742.7604612900096	1153.2339583333335
743.0916639975067	1113.1847916666666
743.4228164229273	1079.5070833333332
743.7539185581142	1033.9966666666667
744.0849703949099	1147.7727083333334
744.4159719251571	1115.9154166666667
744.7469231406983	1095.8908333333334
745.0778240333758	1123.1970833333332
745.4086745950326	1073.1356250000001
745.7394748175113	1147.7727083333332
746.0702246926539	1104.9929166666668
746.4009242123037	1125.9277083333334
746.731573368303	1132.2991666666667
747.0621721524942	1066.7641666666666
747.39272055672	1091.3397916666665
747.723218572823	1155.9645833333334
748.0536661926458	1097.71125
748.384063408031	1021.25375
748.7144102108211	1077.6866666666667
749.0447065928587	1225.1404166666666
749.3749525459865	1123.1970833333335
749.7051480620469	1111.364375
750.0352931328825	1069.4947916666667
750.365387750336	1135.0297916666666
750.6954319062501	1076.7764583333335
751.025425592467	1103.1725
751.3553688008293	1032.1762499999998
751.6852615231801	1069.4947916666667
752.0151037513616	1203.2954166666666
752.3448954772161	1166.8870833333333
752.6746366925869	1256.9977083333333
753.004327389316	1234.2425
753.333967559246	1420.8352083333332
753.66355719422	1120.4664583333333
753.99309628608	1082.2377083333333
754.3225848266688	1112.2745833333333
754.652022807829	1094.980625
754.9814102214033	1092.25
755.3107470592339	1067.674375
755.6400333131637	1078.596875
755.9692689750353	1081.3275
756.298454036691	1083.1479166666668
756.6275884899737	1131.3889583333332
756.9566723267259	1083.1479166666666
757.28570553879	1166.8870833333333
757.6146881180086	1220.5893749999998
757.9436200562246	1104.9929166666668
758.2725013452803	1089.519375
758.6013319770183	1223.32
758.9301119432813	1100.441875
759.2588412359117	1072.2254166666667
759.5875198467521	1059.4825
759.9161477676453	1206.93625
760.2447249904338	1076.7764583333335
760.5732515069599	1012.1516666666666
760.9017273090666	1148.6829166666669
761.2301523885964	1241.5241666666666
761.5585267373914	1066.7641666666666
761.8868503472946	1094.0704166666667
762.2151232101487	1145.9522916666667
762.5433453177961	1177.8095833333334
762.8715166620792	1084.0581249999998
763.1996372348409	1058.5722916666666
763.5277070279236	1174.16875
763.85572603317	1069.4947916666667
764.1836942424226	1084.9683333333332
764.5116116475239	1224.2302083333334
764.8394782403163	1103.1725
765.1672940126431	1091.3397916666665
765.4950589563462	1066.7641666666666
765.8227730632684	1052.2008333333333
766.1504363252524	1152.3237499999998
766.4780487341407	1175.0789583333333
766.8056102817754	1121.3766666666668
767.13312096	1176.899375
767.4605807606565	1092.25
767.7879896755875	1050.3804166666666
768.1153476966355	1193.2831250000002
768.4426548156436	1209.6668750000001
768.7699110244537	1190.5525
769.0971163149088	1272.4712500000003
769.4242706788516	1126.8379166666666
769.7513741081242	1114.095
770.0784265945695	1085.8785416666667
770.40542813003	1149.593125
770.7323787063482	1111.364375
771.059278315367	1248.8058333333333
771.3861269489287	1256.9977083333333
771.7129245988758	1139.5808333333334
772.0396712570512	1169.6177083333332
772.3663669152974	1184.1810416666667
772.6930115654565	1171.438125
773.0196051993717	1151.4135416666666
773.3461478088853	1134.1195833333334
773.6726393858401	1100.4418750000002
773.9990799220781	1104.0827083333334
774.3254694094426	1101.3520833333334
774.6518078397759	1213.3077083333335
774.9780952049204	1129.5685416666665
775.3043314967188	1134.1195833333334
775.6305167070137	1174.16875
775.9566508276476	1187.8218749999999
776.2827338504633	1122.286875
776.6087657673032	1077.6866666666667
776.93474657001	1132.2991666666667
777.2606762504261	1129.5685416666665
777.5865548003943	1135.0297916666666
777.9123822117568	1165.976875
778.2381584763566	1115.9154166666667
778.5638835860362	1127.748125
778.889557532638	1085.8785416666667
779.2151803080047	1165.976875
779.540751903979	1236.973125
779.8662723124031	1094.9806250000001
780.1917415251199	1107.7235416666665
780.5171595339721	1193.2831250000002
780.8425263308019	1174.16875
781.1678419074518	1236.0629166666668
781.493106255765	1160.515625
781.8183193675837	1186.0014583333334
782.1434812347505	1135.0297916666666
782.4685918491078	1155.054375
782.7936512024986	1082.2377083333333
783.118659286765	1110.4541666666667
783.4436160937499	1218.7689583333333
783.768521615296	1079.5070833333332
784.0933758432454	1503.6641666666667
784.418178769441	1122.286875
784.7429303857256	1157.7849999999999
785.0676306839412	1095.8908333333336
785.3922796559308	1165.0666666666666
785.716877293537	1135.9399999999998
786.0414235886021	1137.7604166666667
786.3659185329689	1066.7641666666666
786.69036211848	1180.540208333333
787.0147543369778	1312.5204166666665
787.339095180305	1141.4012500000001
787.6633846403042	1108.6337500000002
787.987622708818	1122.286875
788.3118093776886	1183.2708333333333
788.6359446387593	1164.1564583333336
788.9600284838722	1147.7727083333332
789.2840609048698	1151.4135416666666
789.6080418935949	1136.8502083333335
789.93197144189	1147.7727083333332
790.2558495415977	1102.2622916666667
790.5796761845605	1105.9031249999998
790.9034513626214	1156.8747916666669
791.2271750676223	1138.670625
791.5508472914062	1127.748125
791.8744680258158	1107.7235416666665
792.1980372626931	1201.4750000000001
792.5215549938813	1151.4135416666668
792.8450212112227	1313.4306250000002
793.16843590656	1268.8304166666667
793.4917990717355	1175.9891666666665
793.8151106985922	1152.3237500000002
794.1383707789723	1085.8785416666667
794.4615793047186	1176.899375
794.7847362676737	1250.62625
795.1078416596802	1156.8747916666664
795.4308954725801	1078.596875
795.7538976982169	1240.6139583333331
796.0768483284327	2470.3054166666666
796.3997473550701	1388.0677083333333
796.7225947699715	1232.4220833333331
797.0453905649798	1214.2179166666667
797.3681347319375	1069.4947916666667
797.690827262687	1099.5316666666668
798.0134681490712	1123.1970833333332
798.3360573829325	1154.1441666666667
798.6585949561133	1142.3114583333333
798.9810808604566	1138.670625
799.3035150878045	1115.0052083333333
799.6258976299999	1344.3777083333334
799.9482284788854	1160.515625
800.2705076263034	1355.3002083333333
800.5927350640966	1155.9645833333334
800.9149107841075	1230.6016666666667
801.2370347781787	1329.8143750000002
801.5591070381528	1165.0666666666666
801.8811275558725	1194.1933333333334
802.2030963231803	1192.3729166666665
802.5250133319183	1214.2179166666667
802.84687857393	1126.8379166666666
803.1686920410574	1179.6299999999999
803.4904537251431	1238.7935416666667
803.8121636180297	1236.9731249999998
804.13382171156	1127.748125
804.4554279975763	1053.1110416666668
804.7769824679212	1147.7727083333332
805.0984851144376	1180.5402083333336
805.4199359289677	1129.5685416666665
805.7413349033543	1146.8625000000002
806.06268202944	1096.8010416666666
806.3839772990672	1133.2093750000001
806.7052207040786	1709.3712500000001
807.0264122363169	1246.0752083333334
807.3475518876243	1154.1441666666667
807.6686396498436	1130.47875
807.9896755148177	1110.4541666666667
808.3106594743887	1214.2179166666665
808.6315915203992	1258.818125
808.9524716446922	1102.2622916666667
809.2732998391101	1093.1602083333332
809.594076095495	1206.0260416666667
809.9148004056901	1165.0666666666668
810.235472761538	1081.3275
810.5560931548807	1154.1441666666667
810.8766615775612	1144.131875
811.1971780214221	1112.2745833333333
811.5176424783058	1125.0175
811.8380549400548	1104.9929166666668
812.1584153985121	1152.3237500000002
812.4787238455199	1132.2991666666667
812.7989802729209	1125.0175
813.1191846725578	1174.16875
813.4393370362732	1104.9929166666668
813.759437355909	1137.7604166666667
814.0794856233088	1212.3975
814.3994818303146	1105.903125
814.7194259687689	1130.47875
815.0393180305146	1170.5279166666667
815.3591580073941	1203.2954166666666
815.6789458912499	1116.8256250000002
815.9986816739249	1130.47875
816.3183653472614	1104.0827083333334
816.637996903102	1191.4627083333332
816.9575763332895	1212.3975
817.2771036296664	1386.2472916666666
817.5965787840748	1125.0175
817.9160017883579	1279.7529166666666
818.2353726343582	1192.3729166666667
818.5546913139178	1158.6952083333333
818.87395781888	1151.4135416666666
819.1931721410868	1109.5439583333334
819.5123342723809	1355.3002083333333
819.8314442046052	1121.3766666666668
820.1505019296019	1135.0297916666668
820.4695074392138	1136.8502083333333
820.7884607252832	1119.55625
821.107361779653	1165.0666666666668
821.4262105941658	1164.1564583333331
821.7450071606638	1154.1441666666667
822.0637514709899	1274.2916666666667
822.3824435169868	1213.3077083333335
822.7010832904965	1193.283125
823.0196707833622	1612.8891666666666
823.3382059874264	1155.9645833333334
823.6566888945312	1080.4172916666666
823.9751194965196	1082.2377083333333
824.2934977852343	1158.6952083333333
824.6118237525172	1114.095
824.9300973902117	1108.6337500000002
825.24831869016	1128.6583333333333
825.5664876442045	1189.6422916666668
825.8846042441882	1236.0629166666668
826.2026684819534	1126.8379166666666
826.5206803493426	1159.6054166666665
826.8386398381987	1223.32
827.156546940364	1178.7197916666667
827.4744016476814	1155.9645833333334
827.7922039519929	1208.7566666666667
828.1099538451416	1936.9233333333334
828.42765131897	1131.3889583333334
828.7452963653204	1148.6829166666666
829.0628889760359	1126.8379166666666
829.3804291429586	1143.2216666666666
829.697916857931	1133.2093750000001
830.0153521127962	1087.6989583333334
830.3327348993965	1108.63375
830.6500652095742	1145.9522916666667
830.9673430351726	1178.7197916666667
831.2845683680337	1281.5733333333335
831.6017411999999	1114.095
831.9188615229143	1260.6385416666667
832.2359293286195	1317.9816666666668
832.5529446089574	1205.1158333333333
832.8699073557715	1170.5279166666667
833.1868175609037	1094.980625
833.5036752161967	1068.5845833333333
833.8204803134935	1139.5808333333334
834.1372328446362	1086.78875
834.4539328014675	1155.054375
834.7705801758299	1148.6829166666666
835.0871749595664	1145.9522916666667
835.4037171445192	1083.1479166666666
835.7202067225306	1072.225416666667
836.0366436854439	1107.7235416666665
836.3530280251014	1156.8747916666669
836.6693597333452	1156.8747916666666
836.9856388020186	1182.360625
837.3018652229639	1180.540208333333
837.6180389880233	1163.24625
837.9341600890399	1165.0666666666666
838.2502285178563	1122.286875
838.5662442663146	1123.1970833333335
838.8822073262578	1115.0052083333333
839.1981176895283	1165.976875
839.5139753479687	1054.9314583333332
839.8297802934217	1121.3766666666668
840.1455325177297	1099.5316666666668
840.4612320127352	1145.9522916666667
840.7768787702812	1151.4135416666666
841.0924727822099	1135.94
841.4080140403643	1101.3520833333334
841.7235025365862	1138.670625
842.038938262719	1115.9154166666667
842.3543212106048	1099.5316666666668
842.6696513720862	1157.785
842.9849287390061	1501.84375
843.3001533032069	1167.7972916666668
843.6153250565309	1183.2708333333333
843.9304439908211	1126.8379166666666
844.24551009792	1083.1479166666668
844.5605233696699	1178.7197916666667
844.8754837979137	1069.4947916666667
845.190391374494	1096.8010416666666
845.5052460912531	1140.4910416666667
845.8200479400336	1148.6829166666666
846.1347969126784	1655.6689583333334
846.4494930010297	1160.515625
846.7641361969305	1185.0912500000002
847.0787264922232	1281.5733333333335
847.3932638787498	1354.39
847.7077483483539	1032.1762500000002
848.0221798928775	1103.1725
848.3365585041632	1246.0752083333334
848.6508841740534	1155.9645833333332
848.9651568943913	1088.6091666666664
849.2793766570189	1947.8458333333335
849.5935434537789	1365.3125
849.9076572765141	1142.3114583333333
850.221718117067	1064.9437500000001
850.5357259672799	1219.6791666666668
850.8496808189958	1079.5070833333332
851.1635826640571	1132.2991666666667
851.4774314943061	1152.3237499999998
851.7912273015859	1168.7075
852.1049700777388	1112.2745833333333
852.4186598146072	1233.3322916666666
852.732296504034	1103.1725
853.0458801378618	1065.8539583333334
853.3594107079327	1105.903125
853.67288820609	1099.5316666666665
853.9863126241758	1125.9277083333334
854.2996839540325	1131.3889583333334
854.6130021875033	1078.596875
854.9262673164303	1239.70375
855.2394793326564	1113.1847916666666
855.5526382280236	1115.0052083333333
855.8657439943752	1071.3152083333332
856.1787966235535	1064.94375
856.4917961074007	1115.0052083333333
856.80474243776	1104.9929166666666
857.1176356064736	1097.71125
857.4304756053841	1144.131875
857.7432624263345	1135.0297916666666
858.0559960611668	1236.973125
858.3686765017236	1093.1602083333335
858.681303739848	1106.8133333333333
858.9938777673823	1053.1110416666666
859.3063985761688	1463.6149999999998
859.6188661580505	1089.519375
859.93128050487	1139.5808333333334
860.2436416084694	1066.7641666666666
860.5559494606917	1082.237708333333
860.8682040533795	1072.2254166666667
861.1804053783749	1128.6583333333335
861.4925534275212	1067.6743749999998
861.8046481926605	1078.596875
862.1166896656355	1077.6866666666667
862.4286778382884	1059.4825
862.7406127024626	1135.0297916666666
863.0524942500001	1058.5722916666666
863.3643224727433	1143.2216666666666
863.6760973625354	1194.1933333333334
863.9878189112187	1068.5845833333333
864.2994871106355	1117.7358333333334
864.6111019526287	1202.3852083333334
864.9226634290409	1072.2254166666667
865.2341715317144	1231.5118750000001
865.5456262524921	1177.8095833333334
865.8570275832164	1142.3114583333333
866.1683755157298	1043.0987499999999
866.4796700418752	1040.3681250000002
866.7909111534951	1058.5722916666666
867.1020988424316	1099.5316666666668
867.4132331005279	1099.5316666666668
867.7243139196262	1076.7764583333335
868.0353412915691	1064.0335416666667
868.3463152081995	1213.3077083333335
868.6572356613597	1100.4418749999998
868.9681026428924	1107.7235416666665
869.2789161446399	1025.8047916666667
869.5896761584452	1125.9277083333334
869.9003826761507	1067.674375
870.2110356895988	1104.9929166666666
870.5216351906323	1033.0864583333334
870.8321811710938	1123.1970833333335
871.1426736228256	1046.7395833333333
871.4531125376707	1056.7518750000002
871.7634979074714	1023.0741666666667
872.0738297240702	1092.25
872.38410797931	1179.6299999999999
872.6943326650331	1088.6091666666669
873.0045037730821	1060.3927083333333
873.3146212952998	1033.0864583333334
873.6246852235287	1064.0335416666667
873.9346955496112	1046.7395833333333
874.24465226539	1051.2906249999999
874.5545553627078	1400.810625
874.8644048334069	1184.1810416666667
875.17420066933	1041.2783333333334
875.48394286232	1085.8785416666667
875.793631404219	1085.8785416666667
876.1032662868698	1399.9004166666666
876.4128475021149	1155.054375
876.7223750417972	1103.1725
877.0318488977587	1073.135625
877.3412690618425	1054.9314583333332
877.650635525891	1069.4947916666667
877.9599482817465	1092.25
878.269207321252	1027.6252083333331
878.57841263625	1057.6620833333334
878.8875642185828	1049.4702083333334
879.1966620600934	1064.0335416666667
879.5057061526242	1026.715
879.8146964880174	1043.09875
880.1236330581162	1125.9277083333334
880.4325158547629	1227.8710416666665
880.7413448697998	1180.5402083333333
881.05012009507	1208.756666666667
881.358841522416	1042.1885416666667
881.6675091436798	1044.008958333333
881.9761229507047	1104.0827083333334
882.2846829353331	1016.7027083333334
882.5931890894074	1025.8047916666667
882.9016414047699	1066.7641666666668
883.2100398732638	1115.9154166666667
883.5183844867314	1074.9560416666666
883.826675237015	1095.8908333333331
884.1349121159577	1126.8379166666666
884.4430951154019	1283.39375
884.7512242271898	1131.3889583333334
885.0592994431647	1095.8908333333334
885.3673207551687	1104.9929166666668
885.6752881550442	1060.3927083333335
885.9832016346343	1095.8908333333334
886.2910611857814	1048.5600000000002
886.5988668003275	1128.6583333333333
886.9066184701161	1100.4418750000002
887.2143161869893	1073.135625
887.5219599427896	1024.8945833333335
887.82954972936	1016.7027083333334
888.1370855385427	1109.5439583333334
888.4445673621801	1041.2783333333334
888.7519951921154	1095.8908333333336
889.0593690201907	1102.2622916666667
889.3666888382488	1001.2291666666666
889.673954638132	1084.9683333333332
889.9811664116833	1107.723541666667
890.288324150745	1065.8539583333334
890.5954278471595	1078.596875
890.90247749277	1085.8785416666667
891.2094730794186	1154.1441666666667
891.5164145989478	1090.4295833333333
891.8233020432004	1183.2708333333333
892.1301354040191	1253.3568750000002
892.4369146732461	1100.441875
892.7436398427244	1060.3927083333333
893.0503109042965	1290.6754166666667
893.3569278498044	1086.78875
893.6634906710915	1058.5722916666666
893.96999936	1053.1110416666668
894.2764539083722	1338.0062500000001
894.5828543080514	1203.2954166666666
894.8892005508795	1013.9720833333334
895.1954926286993	1068.5845833333333
895.5017305333536	1571.0195833333335
895.8079142566849	1125.0175000000002
896.1140437905356	1022.1639583333334
896.4201191267481	1077.6866666666667
896.7261402571654	1023.984375
897.03210717363	1005.7802083333332
897.3380198679843	1061.3029166666668
897.643878332071	1109.5439583333334
897.9496825577328	1192.3729166666665
898.2554325368118	1108.63375
898.5611282611512	1170.5279166666667
898.8667697225933	1081.3274999999999
899.1723569129805	1051.2906249999999
899.4778898241558	1088.6091666666669
899.7833684479614	1226.9608333333333
900.0887927762399	1024.8945833333335
900.3941628008342	1023.984375
900.6994785135867	1092.25
901.0047399063398	1174.16875
901.3099469709363	1339.8266666666666
901.6150996992188	1173.2585416666666
901.9201980830295	1062.213125
902.2252421142116	1537.3418749999998
902.5302317846073	1074.9560416666666
902.8351670860594	1057.6620833333334
903.1400480104098	1170.5279166666667
903.4448745495021	1135.0297916666666
903.7496466951783	1251.5364583333333
904.0543644392808	1152.32375
904.3590277736527	1020.3435416666666
904.6636366901363	1060.392708333333
904.968191180574	1058.5722916666666
905.2726912368087	1179.63
905.5771368506829	1149.593125
905.8815280140391	1124.1072916666667
906.18586471872	1232.4220833333336
906.490146956568	1085.8785416666667
906.7943747194257	1122.286875
907.0985479991359	1255.1772916666666
907.4026667875411	1192.3729166666665
907.7067310764836	1143.2216666666666
908.0107408578065	1045.829375
908.3146961233518	1131.3889583333332
908.6185968649625	1053.1110416666668
908.9224430744811	1207.8464583333332
909.2262347437501	1094.980625
909.529971864612	1177.8095833333334
909.8336544289094	3836.5281250000003
910.137282428485	1219.6791666666668
910.4408558551816	1109.5439583333334
910.7443747008411	1059.4825
911.0478389573069	1236.0629166666668
911.351248616421	1330.7245833333334
911.6546036700261	1169.6177083333334
911.9579041099649	1121.3766666666668
912.26114992808	1059.4825
912.5643411162137	1402.6310416666668
912.867477666209	1268.8304166666667
913.1705595699083	1075.86625
913.4735868191539	1049.4702083333334
913.7765594057887	1034.906875
914.0794773216553	1009.4210416666666
914.382340558596	1039.4579166666665
914.6851491084537	1320.7122916666667
914.9879029630708	1140.491041666667
915.2906021142899	1053.1110416666668
915.5932465539537	1102.2622916666667
915.8958362739046	1078.596875
916.1983712659853	1072.2254166666667
916.5008515220383	1100.4418749999998
916.8032770339062	1040.368125
917.1056477934318	1015.7924999999999
917.407963792457	1304.3285416666668
917.7102250228253	1169.6177083333334
918.0124314763789	1069.4947916666667
918.3145831449599	1018.523125
918.6166800204115	1099.5316666666668
918.9187220945763	1109.5439583333334
919.2207093592963	1481.819166666667
919.5226418064146	1058.5722916666666
919.8245194277738	1085.8785416666667
920.1263422152159	1080.4172916666666
920.4281101605843	1122.286875
920.7298232557209	1068.5845833333333
921.0314814924685	1048.56
921.3330848626699	1117.7358333333334
921.6346333581675	1202.3852083333334
921.9361269708037	1111.364375
922.2375656924214	1054.02125
922.538949514863	1056.7518750000002
922.8402784299712	1088.6091666666664
923.1415524295884	1152.3237499999998
923.4427715055573	1055.8416666666665
923.7439356497206	1068.5845833333333
924.0450448539206	1074.9560416666666
924.34609911	1073.135625
924.6470984098015	1099.5316666666668
924.9480427451673	1027.6252083333334
925.2489321079405	1080.4172916666666
925.5497664899635	1119.5562499999999
925.8505458830786	1080.4172916666666
926.1512702791289	1046.7395833333333
926.4519396699565	1074.0458333333333
926.752554047404	1067.674375
927.0531134033143	1093.1602083333335
927.35361772953	1028.5354166666668
927.6540670178932	1056.751875
927.9544612602471	1075.86625
928.2548004484337	1045.829375
928.5550845742961	1024.8945833333335
928.8553136296762	1098.6214583333333
929.1554876064173	1022.1639583333332
929.4556064963617	1143.2216666666666
929.7556702913517	1142.3114583333333
930.0556789832303	1115.9154166666665
930.35563256384	1167.7972916666668
930.6555310250232	1157.785
930.9553743586226	1031.2660416666668
931.2551625564809	1056.751875
931.5548956104402	1176.899375
931.8545735123437	1055.8416666666667
932.1541962540336	1071.3152083333332
932.4537638273525	1013.9720833333334
932.7532762241433	1138.670625
933.0527334362483	1141.4012500000001
933.3521354555098	1070.405
933.6514822737711	1072.225416666667
933.9507738828743	1205.1158333333333
934.2500102746618	1110.4541666666667
934.5491914409766	1064.9437500000001
934.8483173736612	1197.8341666666668
935.1473880645581	1059.4825
935.4464035055097	1016.7027083333334
935.745363688359	1064.0335416666667
936.0442686049482	1115.0052083333333
936.3431182471198	1094.0704166666667
936.641912606717	1047.6497916666667
936.9406516755819	1042.1885416666667
937.239335445557	1054.02125
937.537963908485	1077.6866666666667
937.8365370562088	1113.1847916666666
938.1350548805704	1044.9191666666666
938.4335173734129	963.0004166666666
938.7319245265786	1051.2906249999999
939.0302763319099	1070.405
939.3285727812499	1066.7641666666666
939.626813866441	1003.9597916666667
939.9249995793253	1114.095
940.223129911746	1044.9191666666668
940.5212048555455	1070.405
940.8192244025662	1055.8416666666665
941.1171885446508	1081.3275
941.415097273642	1064.9437500000001
941.7129505813822	1106.8133333333333
942.0107484597139	1094.0704166666667
942.30849090048	1023.984375
942.6061778955228	1061.3029166666665
942.9038094366849	1247.8956249999999
943.2013855158092	1253.3568750000002
943.4989061247379	1050.3804166666669
943.7963712553136	1066.7641666666666
944.0937808993792	1045.829375
944.3911350487772	1092.25
944.6884336953495	1168.7075
944.9856768309398	1297.046875
945.28286444739	1163.2462500000001
945.5799965365427	1284.3039583333332
945.8770730902406	1083.1479166666668
946.1740941003263	1098.6214583333333
946.4710595586421	1166.8870833333333
946.7679694570312	1090.4295833333333
947.0648237873357	1007.600625
947.3616225413981	1042.1885416666667
947.6583657110614	1020.3435416666666
947.9550532881678	1026.715
948.25168526456	1143.2216666666666
948.5482616320805	1109.5439583333334
948.8447823825722	1177.8095833333334
949.1412475078774	1091.3397916666665
949.4376569998386	1057.6620833333334
949.7340108502987	1079.5070833333332
950.0303090511001	1026.715
950.3265515940852	1147.7727083333332
950.6227384710969	1050.3804166666669
950.9188696739777	1025.8047916666667
951.2149451945699	1097.71125
951.5109650247166	1044.9191666666668
951.8069291562598	984.8454166666667
952.1028375810424	1092.25
952.3986902909071	1218.7689583333333
952.6944872776962	1027.6252083333334
952.9902285332523	1051.2906249999999
953.2859140494182	1074.9560416666666
953.5815438180365	1045.829375
953.8771178309494	1230.6016666666667
954.1726360799998	1151.4135416666668
954.4680985570304	1048.5600000000002
954.7635052538835	1054.9314583333335
955.0588561624015	1033.0864583333332
955.3541512744275	993.0372916666666
955.6493905818038	1049.4702083333332
955.9445740763729	1105.903125
956.2397017499775	1103.1725
956.5347735944603	1126.8379166666666
956.8297896016634	1057.6620833333334
957.1247497634299	1135.9399999999998
957.4196540716023	1108.63375
957.7145025180229	1071.3152083333334
958.0092950945348	1108.63375
958.3040317929799	1091.3397916666665
958.5987126052012	1141.40125
958.8933375230413	1499.1131249999999
959.1879065383425	1206.93625
959.4824196429477	1206.0260416666667
959.7768768286993	1054.9314583333335
960.07127808744	1151.4135416666666
960.3656234110122	1044.9191666666668
960.6599127912586	1060.3927083333335
960.9541462200218	1068.5845833333335
961.2483236891444	1050.3804166666666
961.5424451904687	1118.6460416666666
961.8365107158377	1129.5685416666668
962.1305202570937	1066.7641666666666
962.4244738060793	1137.7604166666667
962.7183713546373	1067.674375
963.01221289461	1038.5477083333333
963.3059984178401	1033.0864583333334
963.5997279161703	989.3964583333333
963.893401381443	1067.6743749999998
964.1870188055007	1155.9645833333334
964.4805801801863	1032.1762500000002
964.7740854973422	1120.4664583333333
965.0675347488107	1080.4172916666666
965.3609279264349	1092.25
965.6542650220572	1053.1110416666668
965.9475460275199	1005.7802083333332
966.240770934666	1017.6129166666666
966.5339397353379	1136.8502083333333
966.8270524213779	983.9352083333333
967.120108984629	1037.6374999999998
967.4131094169337	1082.2377083333333
967.7060537101345	1049.4702083333334
967.9989418560739	1102.2622916666667
968.2917738465945	1126.8379166666666
968.5845496735391	1181.4504166666666
968.8772693287499	1032.1762499999998
969.16993280407	1013.9720833333334
969.4625400913416	1030.3558333333333
969.755091182407	1038.5477083333333
970.0475860691095	1430.8475
970.3400247432913	1097.71125
970.6324071967948	1231.511875
970.924733421463	1037.6375
971.2170034091381	998.4985416666667
971.5092171516628	1028.5354166666666
971.80137464088	1621.99125
972.0934758686318	1074.0458333333333
972.385520826761	1146.8625
972.6775095071101	1073.135625
972.9694419015219	1119.55625
973.2613180018386	1035.8170833333334
973.5531377999032	1038.5477083333333
973.8449012875581	1037.6374999999998
974.1366084566458	1082.2377083333333
974.4282592990087	1162.3360416666667
974.71985380649	1060.3927083333335
975.0113919709318	1078.596875
975.3028737841765	1048.56
975.5942992380673	1027.6252083333331
975.8856683244463	1033.0864583333334
976.1769810351561	1074.0458333333333
976.4682373620396	1143.2216666666666
976.7594372969393	1037.6374999999998
977.0505808316972	1094.980625
977.3416679581567	1163.24625
977.6326986681601	1172.3483333333334
977.9236729535495	1083.1479166666668
978.2145908061682	1091.3397916666665
978.5054522178584	1736.6774999999998
978.7962571804626	1163.2462500000001
979.0870056858237	1069.4947916666667
979.3776977257842	1157.785
979.6683332921862	1074.0458333333333
979.9589123768728	1318.891875
980.2494349716867	1170.5279166666667
980.53990106847	1097.71125
980.8303106590655	1159.6054166666665
981.1206637353158	1062.213125
981.4109602890635	1014.8822916666668
981.7012003121511	1072.2254166666664
981.9913837964212	1135.94
982.2815107337166	1142.3114583333333
982.5715811158793	1054.02125
982.8615949347526	965.7310416666666
983.1515521821785	1086.78875
983.4414528499998	1087.6989583333334
983.7312969300594	1121.3766666666668
984.0210844141994	1205.1158333333333
984.3108152942625	1208.756666666667
984.6004895620915	1123.1970833333332
984.8901072095288	1033.0864583333334
985.1796682284167	1068.5845833333333
985.4691726105984	1154.1441666666667
985.7586203479162	1284.3039583333332
986.0480114322123	1055.841666666667
986.33734585533	1028.5354166666666
986.6266236091113	1019.4333333333333
986.9158446853992	1229.6914583333335
987.2050090760357	1068.5845833333333
987.4941167728639	1022.1639583333332
987.7831677677262	1079.5070833333334
988.0721620524652	1052.2008333333333
988.3610996189235	1043.0987499999999
988.6499804589438	1094.0704166666667
988.9388045643683	1057.6620833333334
989.2275719270399	1028.5354166666666
989.5162825388013	1013.9720833333334
989.8049363914945	1039.4579166666667
990.0935334769628	1030.3558333333333
990.3820737870484	1071.3152083333332
990.6705573135936	1164.1564583333334
990.9589840484416	1154.1441666666667
991.2473539834347	1005.7802083333332
991.5356671104153	1262.4589583333334
991.8239234212261	1086.78875
992.1121229077099	1084.058125
992.400265561709	1054.02125
992.6883513750662	1019.4333333333333
992.9763803396239	1028.5354166666668
993.2643524472247	1122.2868749999998
993.5522676897112	998.4985416666667
993.8401260589261	983.025
994.1279275467119	1037.6375
994.4156721449109	1082.2377083333333
994.7033598453662	1146.8625
994.99099063992	1109.5439583333334
995.2785645204149	1032.1762500000002
995.5660814786938	1075.86625
995.853541506599	1094.0704166666667
996.140944595973	1146.8625
996.4282907386587	1126.8379166666666
996.7155799264985	1057.6620833333334
997.0028121513348	1158.6952083333333
997.2899874050105	1098.6214583333333
997.5771056793681	979.3841666666667
997.8641669662499	1008.5108333333334
998.1511712574988	1091.3397916666665
998.4381185449574	1048.5600000000002
998.725008820468	1127.7481249999998
999.0118420758735	1049.4702083333332
999.2986183030163	1048.5600000000002
999.585337493739	1106.8133333333333
999.8719996398839	1070.405
1000.158604733294	1023.984375
1000.445152765812	1227.8710416666665
1000.7316437292799	1069.4947916666667
1001.0180776155407	1130.47875
1001.3044544164371	1023.0741666666667
1001.5907741238111	1196.01375
1001.8770367295059	1295.2264583333333
1002.1632422253638	1046.7395833333333
1002.4493906032271	1041.2783333333334
1002.735481854939	1022.1639583333332
1003.0215159723417	1200.5647916666667
1003.3074929472778	1057.6620833333334
1003.59341277159	1086.78875
1003.8792754371208	1116.825625
1004.1650809357126	1189.6422916666666
1004.4508292592081	1125.9277083333334
1004.7365203994503	1137.7604166666667
1005.0221543482811	1005.7802083333332
1005.3077310975436	1114.095
1005.5932506390802	1024.8945833333335
1005.8787129647335	989.3964583333333
1006.1641180663456	1085.8785416666667
1006.4494659357599	1153.2339583333332
1006.7347565648188	1087.6989583333334
1007.0199899453642	1347.1083333333333
1007.3051660692394	1034.906875
1007.5902849282868	993.9474999999999
1007.8753465143486	1046.7395833333333
1008.160350819268	1085.8785416666667
1008.4452978348874	1086.78875
1008.7301875530488	1110.4541666666667
1009.0150199655957	1151.4135416666666
1009.2997950643701	1011.2414583333333
1009.5845128412144	1119.5562499999999
1009.8691732879718	1060.3927083333333
1010.1537763964845	1088.6091666666669
1010.4383221585949	1114.095
1010.7228105661462	1024.8945833333335
1011.0072416109805	1052.2008333333333
1011.2916152849402	1072.2254166666667
1011.5759315798686	1024.8945833333335
1011.8601904876076	1000.3189583333333
1012.144392	1089.519375
1012.4285361088884	1094.980625
1012.7126228061155	1069.4947916666667
1012.9966520835236	1264.279375
1013.2806239329553	1114.095
1013.5645383462538	1025.8047916666667
1013.8483953152609	1138.670625
1014.1321948318193	1085.8785416666667
1014.4159368877722	1041.2783333333334
1014.6996214749615	1095.8908333333331
1014.98324858523	1124.107291666667
1015.2668182104202	1083.1479166666666
1015.5503303423751	1153.2339583333332
1015.8337849729367	1087.6989583333334
1016.1171820939478	1035.8170833333334
1016.4005216972512	1108.63375
1016.6838037746892	1057.6620833333334
1016.9670283181047	1145.9522916666667
1017.2501953193398	1065.8539583333334
1017.5333047702371	1057.6620833333334
1017.81635666264	1148.6829166666666
1018.0993509883903	1159.6054166666665
1018.3822877393309	1070.405
1018.6651669073037	1090.4295833333333
1018.9479884841523	1083.1479166666668
1019.2307524617187	1080.4172916666666
1019.5134588318456	1107.7235416666665
1019.7961075863757	1159.6054166666665
1020.0786987171514	1005.7802083333332
1020.3612322160153	1120.4664583333333
1020.6437080748101	1102.2622916666667
1020.9261262853781	1050.3804166666666
1021.208486839562	1098.6214583333333
1021.4907897292048	1154.1441666666667
1021.7730349461489	1194.1933333333334
1022.0552224822362	1079.5070833333332
1022.33735232931	1044.9191666666666
1022.6194244792129	1094.0704166666667
1022.9014389237868	1124.1072916666665
1023.1833956548752	1144.131875
1023.46529466432	1143.2216666666666
1023.7471359439638	1063.1233333333332
1024.0289194856498	1061.3029166666665
1024.3106452812199	1103.1725
1024.5923133225172	1063.1233333333332
1024.8739236013837	1081.3275
1025.1554761096625	1081.3275
1025.436970839196	1081.3275
