339.86832	19.114375
340.2509644343084	33996.28125
340.6335677717954	625.313125
341.0161300043036	496.06354166666665
341.3986511236755	671.73375
341.78113112175373	635.3254166666666
342.16356999038084	627.1335416666667
342.5459677213995	660.8112499999999
342.92832430665214	5412.09875
343.3106397379815	1267.9202083333332
343.69291400723	696.3093749999999
344.0751471062403	643.5172916666667
344.45733902685504	747.2810416666666
344.83948976091665	780.0485416666667
345.2215993002679	716.3339583333333
345.60366763675125	787.3302083333333
345.9856947622093	782.7791666666667
346.3676806684845	716.3339583333333
346.74962534741974	789.1506250000001
347.1315287908573	805.5343750000001
347.51339099064	836.4814583333333
347.8952119386102	807.3547916666666
348.2769916266106	843.763125
348.6587300464838	1184.1810416666667
349.0404271900723	959.3595833333333
349.4220830492187	999.40875
349.80369761576566	945.7064583333334
350.1852708815557	1026.7150000000001
350.5668028384313	929.3227083333333
350.9482934782352	1259.7283333333332
351.32974279281	978.4739583333334
351.71115077399816	1033.0864583333332
352.0925174136422	1143.2216666666666
352.47384270358486	1092.25
352.8551266356687	993.9475000000001
353.23636920173624	1009.4210416666668
353.61757039363005	1069.4947916666667
353.9987302031928	1214.2179166666665
354.379848622267	1143.2216666666666
354.76092564269516	1083.1479166666666
355.14196125632	1107.7235416666665
355.52295545498407	1133.2093750000001
355.90390823052985	1185.0912500000002
356.2848195748	1583.7625
356.6656894796371	1104.0827083333334
357.04651793688373	1194.1933333333334
357.4273049383824	1107.7235416666665
357.8080504759759	1092.25
358.18875454150657	1134.1195833333334
358.5694171268171	1070.405
358.9500382237499	1149.593125
359.3306178241479	1129.5685416666668
359.7111559198534	1165.0666666666666
360.0916525027091	1073.135625
360.47210756455746	1117.7358333333334
360.85252109724127	1149.593125
361.23289309260286	1021.2537499999999
361.61322354248495	1101.3520833333334
361.99351243873014	1104.0827083333334
362.37375977318095	1227.8710416666665
362.75396553768	1160.515625
363.1341297240698	1111.3643749999999
363.514252324193	1054.0212499999998
363.8943333298922	1026.715
364.27437273300995	1226.050625
364.65437052538874	1162.3360416666667
365.03432669887127	1103.1725
365.4142412453001	1085.8785416666667
365.7941141565177	1288.855
366.1739454243669	1104.0827083333334
366.55373504069	1121.3766666666668
366.93348299732975	1075.86625
367.31318928612865	1097.71125
367.6928538989293	1068.5845833333333
368.0724768275743	1062.213125
368.4520580639063	1161.4258333333335
368.83159759976763	1145.0420833333333
369.21109542700117	1393.5289583333333
369.59055153744936	1143.2216666666666
369.9699659229547	1038.5477083333333
370.34933857536	1067.6743749999998
370.72866948650767	1056.7518750000002
371.10795864824024	1071.3152083333332
371.4872060524004	1199.6545833333332
371.8664116908307	1093.1602083333335
372.2455755553737	1606.5177083333335
372.6246976378721	1102.2622916666667
373.00377793016827	1164.1564583333331
373.38281642410493	1163.24625
373.76181311152465	1185.0912500000002
374.14076798427	1168.7075
374.5196810341835	1216.9485416666669
374.8985522531078	1161.4258333333335
375.2773816328855	1092.25
375.6561691653591	1045.829375
376.0349148423712	1078.596875
376.4136186557645	1054.02125
376.7922805973814	1094.0704166666667
377.17090065906456	1060.3927083333335
377.5494788326565	1029.445625
377.92801511000005	1162.3360416666667
378.3065094829374	1147.7727083333334
378.6849619433114	1059.4825
379.0633724829646	1161.4258333333335
379.4417410937395	1125.9277083333334
379.82006776747875	1555.5460416666667
380.1983524960249	1067.674375
380.57659527122047	979.3841666666667
380.9547960849082	1037.6375
381.33295492893046	1035.8170833333334
381.71107179513	1113.1847916666666
382.08914667534935	1058.5722916666666
382.467179561431	1011.2414583333333
382.84517044521766	1047.6497916666667
383.22311931855194	1128.6583333333333
383.60102617327624	1092.25
383.97889100123325	1223.32
384.35671379426554	1084.0581249999998
384.73449454421575	1087.6989583333334
385.1122332429263	1024.8945833333335
385.48992988224	1112.274583333333
385.8675844539992	1015.7924999999999
386.24519695004665	1090.4295833333333
386.6227673622248	1081.3275
387.0002956823763	1070.405
387.3777819023437	1251.5364583333333
387.75522601396966	1129.5685416666665
388.1326280090966	1064.0335416666667
388.5099878795673	1103.1725
388.8873056172243	1030.3558333333333
389.26458121391	1023.9843749999999
389.6418146614671	1101.3520833333332
390.0190059517382	1053.1110416666668
390.3961550765659	1030.3558333333333
390.77326202779267	1107.7235416666665
391.15032679726124	1024.8945833333335
391.5273493768141	1037.6375
391.9043297582938	1130.47875
392.2812679335429	994.8577083333333
392.65816389440414	1125.0175
393.03501763272	1153.2339583333332
393.41182914033305	1119.5562499999999
393.7885984090858	1051.290625
394.165325430821	1203.2954166666668
394.5420101973811	1135.94
394.9186527006087	1026.7150000000001
395.29525293234644	1121.3766666666668
395.67181088443687	1075.86625
396.04832654872257	1097.71125
396.424799917046	1259.7283333333332
396.80123098124994	1070.405
397.1776197331769	1173.2585416666666
397.5539661646694	1085.8785416666667
397.93027026757005	1062.213125
398.30653203372145	1105.9031249999998
398.6827514549662	1037.6375
399.05892852314685	1157.785
399.4350632301059	1067.674375
399.8111555676861	1082.2377083333333
400.18720552772993	1044.0089583333333
400.56321310207994	1080.4172916666666
400.9391782825788	1074.0458333333333
401.315101061069	1096.8010416666668
401.6909814293932	1151.4135416666668
402.06681937939385	1074.9560416666666
402.4426149029137	1025.8047916666667
402.8183679917953	1104.9929166666668
403.19407863788103	1074.9560416666666
403.56974683301377	1078.596875
403.94537256903584	1038.5477083333333
404.32095583779	1054.0212499999998
404.69649663111875	1169.6177083333334
405.0719949408646	1174.16875
405.4474507588703	1094.9806250000001
405.82286407697836	1162.3360416666667
406.1982348870312	1042.1885416666667
406.57356318087164	1108.63375
406.94884895034215	1021.25375
407.3240921872853	1067.674375
407.6992928835437	1119.5562499999999
408.07445103095995	1070.405
408.4495666213767	1098.6214583333333
408.8246396466363	1095.8908333333334
409.19967009858135	1051.2906249999999
409.5746579690547	1120.4664583333333
409.94960324989876	1031.2660416666668
410.324505932956	1033.9966666666667
410.69936601006924	1027.6252083333331
411.07418347308095	1091.3397916666665
411.4489583138336	1155.054375
411.82369052417	1136.8502083333333
412.1983800959325	1068.5845833333333
412.5730270209638	1058.5722916666666
412.9476312911065	1078.596875
413.32219289820307	1169.6177083333332
413.6967118340962	1054.9314583333332
414.0711880906285	1084.058125
414.4456216596423	1076.7764583333335
414.8200125329805	1202.3852083333334
415.19436070248554	1190.5525
415.56866615999996	1044.008958333333
415.94292889736636	1149.593125
416.3171489064274	1121.3766666666668
416.6913261790256	1164.1564583333331
417.0654607070035	1155.054375
417.43955248220374	1246.0752083333334
417.81360149646883	1163.24625
418.1876077416415	1227.8710416666665
418.56157120956414	1059.4825
418.9354918920794	1064.9437500000001
419.30936978103	1165.0666666666668
419.68320486825826	1075.8662499999998
420.056997145607	1099.5316666666668
420.43074660491874	1121.3766666666666
420.80445323803593	1055.8416666666665
421.17811703680127	1104.9929166666668
421.55173799305726	1104.9929166666666
421.9253160986466	1093.1602083333335
422.2988513454117	1093.1602083333335
422.67234372519533	1111.3643749999999
423.04579322983994	1045.829375
423.4191998511882	1208.7566666666667
423.79256358108256	1101.3520833333332
424.16588441136577	1120.4664583333333
424.5391623338803	1313.430625
424.9123973404688	1116.8256250000002
425.2855894229737	1092.25
425.65873857323766	1049.4702083333334
426.03184478310334	1086.78875
426.4049080444133	1140.4910416666667
426.77792834901	1180.540208333333
427.1509056887361	1076.7764583333333
427.5238400554342	1128.658333333333
427.8967314409469	1044.0089583333333
428.2695798371167	1306.1489583333332
428.6423852357862	1104.9929166666668
429.0151476287981	1170.5279166666667
429.38786700799477	1484.549791666667
429.76054336521895	1149.593125
430.13317669231316	1169.6177083333334
430.50576698111996	1072.225416666667
430.878314223482	1149.593125
431.25081841124177	1134.1195833333334
431.623279536242	1238.7935416666667
431.99569759032505	1137.7604166666667
432.3680725653337	1147.7727083333334
432.7404044531105	1203.2954166666666
433.11269324549784	1096.8010416666666
433.4849389343386	1113.1847916666668
433.85714151147505	1114.095
434.22930096874995	1098.6214583333333
434.60141729800597	1120.4664583333333
434.9734904910854	1207.8464583333334
435.3455205398311	1142.3114583333333
435.71750743608555	1104.9929166666668
436.08945117169117	1213.3077083333333
436.4613517384908	1125.0175
436.833209128327	1221.4995833333332
437.2050233330421	1105.903125
437.57679434447897	1175.0789583333335
437.94852215448	1225.1404166666669
438.3202067548878	1159.6054166666668
438.69184813754504	1146.8625
439.0634462942942	1165.976875
439.43500121697787	1175.0789583333335
439.8065128974388	1216.9485416666666
440.17798132751926	1192.3729166666667
440.54940649906206	1187.8218749999999
440.92078840390974	1189.6422916666668
441.2921270339049	1206.93625
441.66342238089	1254.2670833333334
442.0346744367077	1205.1158333333333
442.4058831932006	1226.9608333333333
442.7770486422113	1157.785
443.1481707755823	1186.0014583333334
443.5192495851562	1333.4552083333333
443.89028506277566	1293.4060416666664
444.26127720028313	1227.8710416666665
444.6322259895213	1275.201875
445.00313142233273	1165.0666666666666
445.37399349056	1200.5647916666667
445.74481218604564	1188.7320833333333
446.1155875006322	1271.5610416666668
446.4863194261624	1174.16875
446.8570079544787	1571.9297916666667
447.2276530774237	1263.3691666666666
447.5982547868401	1209.6668750000001
447.9688130745703	1254.2670833333334
448.3393279324569	1267.01
448.7097993523426	1223.32
449.08022732607	1243.3445833333333
449.45061184548155	1260.6385416666665
449.82095290241983	1229.6914583333335
450.1912504887275	1305.23875
450.56150459624706	1192.3729166666665
450.93171521682126	1332.545
451.30188234229246	1421.7454166666666
451.67200596450334	1252.4466666666667
452.04208607529654	1238.7935416666667
452.4121226665145	1148.6829166666666
452.78211573	1188.7320833333333
453.15206525759544	1161.4258333333335
453.52197124114343	1147.7727083333332
453.8918336724866	1231.511875
454.2616525434675	1152.32375
454.6314278459287	1414.4637500000001
455.0011595717129	1161.4258333333335
455.37084771266245	1221.4995833333332
455.74049226062016	1181.4504166666666
456.11009320742846	1136.8502083333333
456.47965054492994	1145.9522916666667
456.8491642649673	1145.9522916666667
457.21863435938303	1208.7566666666664
457.5880608200197	1226.9608333333335
457.95744363871995	1175.0789583333333
458.3267828073262	1135.9399999999998
458.69607831768127	1174.16875
459.0653301616276	1127.748125
459.43453833100773	1144.131875
459.8037028176643	1153.2339583333335
460.17282361344	1159.6054166666665
460.54190071017723	1219.6791666666666
460.9109340997186	1143.2216666666666
461.2799237739068	1145.9522916666667
461.64886972458436	1238.7935416666667
462.01777194359374	1152.3237499999998
462.38663042277767	1510.0356249999998
462.75544515397866	1175.0789583333333
463.1242161290393	1184.1810416666667
463.49294333980225	1196.0137499999998
463.86162677810995	1116.8256250000002
464.2302664358051	1132.2991666666667
464.5988623047302	1192.372916666667
464.96741437672785	1154.1441666666667
465.3359226436407	1338.9164583333334
465.70438709731116	1296.1366666666665
466.0728077295821	1235.1527083333333
466.4411845322957	1177.8095833333334
466.8095174972949	1171.438125
467.1778066164222	1152.32375
467.54605188151993	1157.785
467.914253284431	1368.0431250000001
468.2824108169978	1139.5808333333332
468.65052447106297	1187.8218749999999
469.0185942384692	1293.4060416666666
469.38662011105873	1166.8870833333333
469.75460208067443	1183.2708333333333
470.1225401391589	1167.7972916666668
470.49043427835454	1146.8625
470.85828449010404	1250.62625
471.22609076624997	1169.6177083333332
471.5938530986349	1174.16875
471.96157147910145	1289.7652083333335
472.3292458994921	1228.78125
472.69687635164945	1219.6791666666668
473.06446282741626	1263.3691666666666
473.4320053186349	1256.0874999999999
473.7995038171479	1208.7566666666667
474.1669583147982	1225.1404166666664
474.5343688034279	1550.084791666667
474.90173527488	1249.7160416666668
475.26905772099684	1258.8181249999998
475.63633613362094	1546.4439583333333
476.0035705045952	1346.198125
476.3707608257619	1357.120625
476.7379070889637	1313.4306250000002
477.1050092860433	1264.279375
477.4720674088431	1557.3664583333332
477.8390814492057	1301.5979166666666
478.2060513989739	1285.2141666666666
478.57297724998995	1287.9447916666668
478.9398589940967	1311.6102083333333
479.30669662313665	1276.1120833333332
479.67349012895227	1322.5327083333334
480.04023950338626	1402.6310416666668
480.4069447382812	1293.4060416666669
480.77360582547965	1327.0837499999998
481.1402227568242	1599.2360416666663
481.5067955241573	1325.2633333333333
481.8733241193217	1348.92875
482.23980853416	1390.7983333333334
482.60624876051463	1325.2633333333333
482.97264479022823	1382.6064583333334
483.3389966151434	1357.1206249999998
483.70530422710266	1388.0677083333333
484.0715676179487	1385.337083333333
484.43778677952406	1380.7860416666665
484.80396170367123	1436.3087500000001
485.170092382233	1346.1981250000001
485.53617880705167	1536.4316666666666
485.90222096996996	1688.4364583333333
486.2682188628305	1545.5337499999998
486.63417247747583	1431.7577083333333
487.0000818057485	1718.4733333333334
487.36594683949113	1495.4722916666667
487.73176757054625	1509.1254166666665
488.09754399075644	1642.9260416666666
488.46327609196436	1545.5337499999998
488.8289638660125	1490.0110416666666
489.19460730474356	1531.880625
489.56020639999997	2142.630416666667
489.9257611436244	1588.3135416666667
490.29127152745946	1630.1831250000002
490.65673754334756	1586.493125
491.0221591831315	1591.954375
491.3875364386538	1650.2077083333334
491.75286930175685	1631.0933333333335
492.11815776428347	1929.6416666666667
492.4834018180762	1974.241875
492.8486014549774	1730.3060416666667
493.21375666683	1859.555625
493.5788674454763	1845.9025000000001
493.94393378275896	2126.2466666666664
494.30895567052073	1953.3070833333334
494.67393310060385	1905.066041666667
495.0388660648512	2028.854375
495.4037545551053	2078.915833333333
495.76859856320857	2046.1483333333333
496.1333980810037	2176.3081249999996
496.49815310033335	2138.079375
496.8628636130399	2295.5454166666664
497.22752961096626	2206.345
497.59215108595464	2283.7127083333335
497.95672802984774	2278.2514583333336
498.3212604344883	2536.750625
498.6857482917187	2384.745833333333
499.05019159338167	2536.750625
499.4145903313197	2518.5464583333332
499.7789444973753	2562.2364583333333
500.14325408339124	2734.265833333333
500.50751908121	2613.2081249999997
500.8717394826741	2639.6041666666665
501.2359152796262	2705.1391666666664
501.6000464639089	2724.2535416666665
501.9641330273647	2878.9889583333334
502.3281749618363	2980.9322916666665
502.69217225916606	2885.3604166666664
503.0561249111968	3071.953125
503.42003290977095	2990.944583333334
503.78389624673116	3134.7574999999997
504.14771491391997	3118.37375
504.51148890318	3303.146041666667
504.8752182063538	3462.4325000000003
505.238902815284	3372.321875
505.60254272181305	3410.550625
505.9661379177837	3465.1631250000005
506.3296883950385	3442.4079166666666
506.69319414541985	3603.514791666667
507.05665516077056	4406.3185416666665
507.42007143293307	3750.9685416666666
507.78344295374995	3826.515833333333
508.14676971506384	4334.412083333334
508.51005170871747	3940.2918750000003
508.8732889265531	4083.1945833333334
509.2364813604135	4024.94125
509.5996290021412	4060.439375
509.9627318435789	4092.2966666666666
510.325789876569	4306.195625
510.6888030929541	4366.269375
511.051771484577	4349.885625
511.41469504328	4500.07
511.77757376090574	4524.645625
512.1404076292971	4603.833750000001
512.5031966402962	4673.0095833333335
512.8659407857458	4769.491666666667
513.2286400574887	4802.259166666667
513.5912944473672	4888.728958333333
513.953903947224	4857.781875
514.3164685489018	4997.953958333333
514.6789882442428	5080.782916666667
515.04146302509	5155.42
515.4038928832857	5183.636458333333
515.7662778106726	5138.126041666667
516.1286177990931	5348.384166666667
516.4909128403904	5411.188541666667
516.8531629264063	5669.687708333334
517.2153680489837	5515.8625
517.5775281999652	5562.283124999999
517.9396433711935	5605.062916666667
518.3017135545108	5693.353125000001
518.66373874176	5725.210416666666
519.0257189247836	5741.594166666667
519.3876540954242	5925.45625
519.7495442455245	6017.387291666667
520.1113893669268	6105.677500000001
520.4731894514738	6073.8202083333335
520.8349444910081	6121.151041666667
521.1966544773722	6194.877916666667
521.558319402409	6124.791875
521.9199392579607	6312.294791666667
522.28151403587	6402.405416666667
522.6430437279796	6435.172916666667
523.0045283261317	6376.009375000001
523.3659678221695	6540.757083333334
523.7273622079351	6420.609583333334
524.0887114752712	6562.602083333332
524.4500156160204	6409.687083333333
524.8112746220253	6643.610625
525.1724884851286	6690.03125
525.5336571971726	7154.2375
525.8947807500001	6669.096458333333
526.2558591354534	6624.496249999999
526.6168923453754	6800.166458333333
526.9778803716086	6744.643749999999
527.3388232059956	6808.358333333334
527.6997208403786	7903.338958333334
528.0605732666008	6928.505833333334
528.4213804765045	6914.852708333333
528.782142461932	6932.1466666666665
529.1428592147264	7113.278125
529.50353072673	7039.5512499999995
529.8641569897852	7076.869791666667
530.224737995735	7211.580625
530.5852737364216	7021.347083333333
530.9457642036878	7175.172291666666
531.3062093893762	7169.7110416666665
531.6666092853293	7009.514375
532.0269638833895	7095.073958333333
532.3872731753997	7210.670416666667
532.7475371532023	7206.119374999999
533.10775580864	6994.0408333333335
533.4679291335551	7178.813125000001
533.8280571197906	7107.8168749999995
534.1881397591887	7187.005
534.5481770435923	7147.866041666667
534.9081689648438	7135.123124999999
535.2681155147857	7184.274375
535.6280166852607	7062.3064583333335
535.9878724681114	7197.017291666667
536.3476828551802	7074.139166666667
536.7074478383099	7314.434166666666
537.0671674093431	7168.800833333334
537.4268415601222	7051.383958333333
537.7864702824897	7144.225208333334
538.1460535682887	7092.343333333333
538.5055914093612	7077.78
538.8650837975499	7135.123125000001
539.2245307246978	7078.690208333333
539.5839321826469	7055.935
539.9432881632401	7045.0125
540.30259865832	6921.224166666667
540.6618636597291	7104.176041666667
541.0210831593098	6938.518125
541.380257148905	7000.412291666667
541.7393856203572	6918.493541666667
542.0984685655087	6934.877291666667
542.4575059762025	6965.824375
542.8164978442809	6840.215625000001
543.1754441615866	6926.685416666667
543.5343449199621	6850.227916666667
543.89320011125	6862.970833333333
544.2520097272928	6662.724999999999
544.6107737599334	6781.052083333333
544.9694922010141	6654.533124999999
545.3281650423775	6633.598333333332
545.6867922758662	6696.402708333332
546.0453738933229	6670.006666666667
546.40390988659	6645.431041666667
546.7624002475101	6804.7175
547.1208449679259	6661.814791666667
547.4792440396799	6607.202291666666
547.8375974546148	6596.279791666667
548.195905204573	6626.316666666666
548.5541672813971	6485.234375
548.91238367693	6498.8875
549.2705543830137	6424.250416666667
549.6286793914913	6546.218333333333
549.986758694205	6442.454583333333
550.3447922829978	6254.951666666667
550.702780149712	6438.81375
551.0607222861901	6335.960208333334
551.4186186842746	6419.699374999999
551.7764693358087	6293.180416666667
552.1342742326343	6154.828750000001
552.4920333665942	6264.963958333334
552.8497467295313	6230.376041666666
553.2074143132876	6254.951666666668
553.565036109706	6167.571666666667
553.9226121106294	6179.404375000001
554.2801423078997	6218.543333333332
554.63762669336	6107.497916666667
554.9950652588526	6287.719166666667
555.3524579962202	6043.783333333334
555.7098048973054	5997.362708333334
556.0671059539508	6081.101875
556.4243611579986	5930.9175
556.7815705012921	6016.477083333334
557.1387339756732	6055.616041666667
557.495851572985	5903.611250000001
557.8529232850698	5891.778541666667
558.20994910377	5818.051666666666
558.5669290209286	5930.9175
558.9238630283878	5840.806875000001
559.2807511179905	5923.635833333334
559.6375932815791	5888.137708333333
559.9943895109963	5846.268125
560.3511397980844	5769.810625000001
560.7078441346864	5772.541249999999
561.0645025126445	5797.116875
561.4211149238015	5818.961875000001
561.77768136	5778.0025
562.1342018130823	5726.1206250000005
562.4906762748914	5613.254791666666
562.8471047372697	5806.218958333334
563.2034871920595	5651.483541666666
563.5598236311037	5603.242499999999
563.9161140462448	5888.137708333333
564.2723584293254	5782.553541666667
564.6285567721882	5585.948541666666
564.9847090666755	5603.2425
565.34081530463	5398.445625
565.6968754778943	5713.377708333333
566.052889578311	5675.148958333334
566.4088575977227	5879.035625
566.7647795279719	5472.172500000001
567.1206553609012	5447.596875
567.4764850883533	5446.686666666667
567.8322687021706	5337.461666666666
568.1880061941957	5441.225416666667
568.5436975562714	5389.343541666666
568.89934278024	5412.09875
569.2549418579441	5453.0581250000005
569.6104947812267	5469.4418749999995
569.9660015419297	5355.6658333333335
570.3214621318963	5249.171458333333
570.6768765429688	5237.33875
571.0322447669896	5242.8
571.3875667958016	5134.485208333333
571.7428426212473	5281.938958333333
572.0980722351692	5079.872708333333
572.45325562941	5097.166666666667
572.8083927958121	5078.052291666667
573.1634837262183	5045.284791666666
573.5185284124709	4970.647708333333
573.8735268464127	4967.917083333333
574.2284790198863	4976.108958333333
574.5833849247341	4834.116458333334
574.9382445527988	4898.74125
575.293057895923	4729.4425
575.6478249459491	4733.083333333333
576.0025456947199	4735.813958333333
576.357220134078	4727.622083333333
576.7118482558658	4776.7733333333335
577.066430051926	4529.196666666666
577.4209655141011	4525.555833333333
577.7754546342337	4564.694791666666
578.1298974041664	4480.045416666667
578.4842938157419	4466.392291666666
578.8386438608024	4375.371458333334
579.192947531191	4385.38375
579.54720481875	4431.804375000001
579.9014157153218	4199.701249999999
580.2555802127495	4333.501875
580.609698302875	4258.864791666667
580.9637699775415	4191.509375000001
581.3177952285913	4231.558541666666
581.6717740478667	4098.668125
582.0257064272109	4039.5045833333334
582.3795923584662	3959.40625
582.7334318334749	4022.210625
583.08722484408	4065.900625
583.4409713821237	4039.5045833333334
583.794671439449	3791.927916666667
584.1483250078983	3922.087708333334
584.501932079314	3760.9808333333335
584.8554926455387	3669.9600000000005
585.2090066984154	3737.315416666667
585.5624742297861	3587.131041666667
585.9158952314937	3609.88625
586.2692696953808	3517.955208333333
586.6225976132899	3462.4325000000003
586.9758789770636	3473.355
587.3291137785446	3412.3710416666668
587.6823020095754	3372.321875
588.0354436619982	3255.8152083333334
588.3885387276563	3278.570416666667
588.7415871983918	3112.002291666666
589.0945890660471	3172.98625
589.4475443224653	3105.630833333333
589.8004529594888	3083.7858333333334
590.15331496896	3189.3700000000003
590.5061303427216	3053.7489583333336
590.8588990726163	2991.8547916666666
591.2116211504864	3058.2999999999997
591.5642965681747	3047.3775
591.9169253175238	2861.6949999999997
592.269507390376	2808.9029166666664
592.6220427785742	2825.286666666667
592.974531473961	2717.8820833333334
593.3269734683787	2878.9889583333334
593.6793687536699	2649.6164583333334
594.0317173216775	2634.142916666666
594.3840191642438	2605.9264583333334
594.7362742732114	2652.3470833333336
595.0884826404231	2571.3385416666665
595.4406442577213	2513.9954166666666
595.7927591169484	2501.2525
596.1448272099474	2382.0152083333332
596.4968485285606	2466.664583333333
596.8488230646306	2313.7495833333337
597.2007508099999	2298.2760416666665
597.5526317565115	2331.0435416666664
597.9044658960074	2837.1193749999998
598.2562532203306	2330.1333333333337
598.6079937213235	2221.818541666667
598.9596873908287	2121.6956250000003
599.3113342206889	2121.695625
599.6629342027466	2157.19375
600.0144873288441	2709.6902083333334
600.3659935908244	2087.1077083333334
600.71745298053	1983.3439583333331
601.0688654898032	1904.1558333333332
601.4202311104871	2000.6379166666666
601.7715498344237	1902.3354166666668
602.1228216534558	2097.1200000000003
602.4740465594261	1981.5235416666667
602.8252245441772	1906.8864583333334
603.1763555995517	1814.0452083333332
603.5274397173916	1793.1104166666667
603.8784768895403	1749.4204166666668
604.22946710784	1791.29
604.5804103641332	1726.665208333333
604.9313066502625	1956.9479166666667
605.2821559580708	1726.665208333333
605.6329582794003	1730.3060416666667
605.9837136060937	1676.60375
606.3344219299937	1652.9383333333335
606.6850832429426	1717.563125
607.0356975367833	1571.9297916666667
607.3862648033582	1966.0500000000002
607.73678503451	1586.493125
608.0872582220811	1530.0602083333333
608.4376843579142	1554.6358333333335
608.7880634338519	1657.489375
609.1383954417366	1441.7699999999998
609.4886803734113	1414.46375
609.838918220718	1499.1131249999999
610.1891089754997	1456.3333333333333
610.5392526295989	1362.581875
610.8893491748582	1421.7454166666666
611.2393986031199	1431.7577083333333
611.589400906227	1356.2104166666668
611.9393560760218	1298.8672916666667
612.289264104347	1304.3285416666665
612.6391249830451	1308.8795833333334
612.9889387039588	1353.4797916666666
613.3387052589305	1282.4835416666667
613.6884246398027	1307.969375
614.0380968384185	1325.2633333333333
614.38772184662	1314.3408333333334
614.7372996562499	1269.7406250000001
615.0868302591509	1320.7122916666667
615.4363136471654	1248.8058333333336
615.785749812136	1333.455208333333
616.1351387459055	1294.31625
616.4844804403161	1310.7
616.8337748872108	1276.1120833333332
617.1830220784319	1208.7566666666667
617.5322220058221	1186.0014583333332
617.8813746612238	1212.3975
618.2304800364799	1265.189583333333
618.5795381234328	1202.3852083333331
618.9285489139249	1202.3852083333334
619.2775123997992	1215.128125
619.6264285728979	1218.7689583333333
619.9752974250638	1158.6952083333333
620.3241189481392	1206.0260416666667
620.6728931339671	1174.16875
621.0216199743898	1169.6177083333334
621.3702994612498	1185.0912500000002
621.71893158639	1176.899375
622.0675163416527	1150.5033333333333
622.4160537188806	1113.1847916666666
622.7645437099163	1158.6952083333333
623.1129863066024	1144.131875
623.4613815007812	1218.7689583333333
623.8097292842956	1140.4910416666664
624.1580296489882	1123.1970833333335
624.5062825867013	1122.286875
624.8544880892778	1188.7320833333333
625.20264614856	1230.6016666666667
625.5507567563906	1116.8256250000002
625.8988199046122	1118.6460416666666
626.2468355850674	1172.3483333333334
626.5948037895986	1114.095
626.9427245100487	1174.16875
627.2905977382602	1145.9522916666667
627.6384234660752	1225.1404166666666
627.9862016853368	1252.4466666666667
628.3339323878878	1158.6952083333333
628.6816155655699	1116.8256250000002
629.0292512102264	1227.8710416666665
629.3768393136999	1660.22
629.7243798678326	1221.4995833333332
630.071872864467	1427.2066666666667
630.4193182954463	1285.2141666666666
630.7667161526125	1197.8341666666668
631.1140664278083	1185.09125
631.4613691128765	1166.8870833333333
631.8086241996596	1059.4825
632.1558316799999	1230.6016666666665
632.5029915457404	1097.71125
632.8501037887233	1210.5770833333333
633.1971684007915	1169.6177083333334
633.5441853737874	1104.0827083333334
633.8911546995539	1003.9597916666668
634.2380763699327	1145.0420833333335
634.5849503767676	1185.09125
634.9317767119002	1190.5525
635.2785553671735	1152.32375
635.6252863344299	1200.5647916666667
635.9719696055123	1082.2377083333333
636.318605172263	1137.7604166666667
636.6651930265247	1096.8010416666668
637.0117331601399	1181.4504166666666
637.3582255649512	1074.0458333333333
637.7046702328013	1220.589375
638.0510671555326	1197.8341666666668
638.3974163249877	1168.7074999999998
638.7437177330092	1072.2254166666667
639.08997137144	2142.6304166666664
639.4361772321222	1224.2302083333332
639.7823353068986	1081.3275
640.1284455876117	1125.0175
640.4745080661042	1088.6091666666664
640.8205227342187	1170.5279166666667
641.1664895837977	1060.392708333333
641.5124086066837	1065.8539583333334
641.8582797947192	1087.6989583333334
642.2041031397473	1187.8218749999999
642.54987863361	1092.25
642.8956062681501	1131.3889583333332
643.2412860352101	1201.4750000000001
643.586917926633	1116.8256250000002
643.9325019342607	1086.78875
644.2780380499362	1126.8379166666666
644.623526265502	1085.8785416666667
644.9689665728008	1129.5685416666668
645.3143589636749	1177.8095833333334
645.6597034299672	1080.4172916666666
646.00499996352	1203.2954166666666
646.3502485561759	1321.6225
646.6954491997778	1047.6497916666667
647.040601886168	1077.6866666666667
647.385706607189	1057.6620833333334
647.7307633546837	1110.4541666666667
648.0757721204944	1064.9437500000001
648.4207328964637	1106.8133333333333
648.7656456744345	1153.2339583333335
649.1105104462491	1158.6952083333333
649.4553272037499	1047.6497916666667
649.8000959387799	1029.445625
650.1448166431815	1240.6139583333334
650.4894893087971	1188.7320833333333
650.8341139274694	1074.0458333333333
651.1786904910413	1029.445625
651.5232189913548	1093.1602083333332
651.867699420253	1047.6497916666667
652.2121317695781	1051.290625
652.5565160311729	1082.2377083333333
652.9008521968799	1074.0458333333333
653.2451402585418	983.025
653.589380208001	1117.7358333333334
653.9335720371001	1164.1564583333334
654.2777157376819	1094.0704166666667
654.6218113015888	1128.6583333333335
654.9658587206632	1042.1885416666667
655.3098579867482	1186.0014583333332
655.6538090916857	1142.3114583333333
655.9977120273187	1038.5477083333333
656.34156678549	1095.8908333333334
656.6853733580418	1255.1772916666666
657.0291317368166	1071.3152083333332
657.3728419136573	1155.054375
657.7165038804063	1096.8010416666666
658.0601176289063	1059.4825
658.4036831509995	1061.3029166666665
658.7472004385293	1066.7641666666666
659.0906694833374	1139.5808333333334
659.4340902772667	1135.94
659.77746281216	1173.2585416666666
660.1207870798596	1234.2425
660.4640630722082	1128.6583333333335
660.8072907810484	1068.5845833333333
661.1504701982227	1139.5808333333334
661.4936013155738	1086.78875
661.8366841249441	1063.1233333333332
662.1797186181763	1074.0458333333333
662.5227047871128	1089.519375
662.8656426235966	1237.8833333333332
663.2085321194701	1134.1195833333334
663.5513732665754	1089.519375
663.8941660567558	1070.405
664.2369104818536	1100.4418750000002
664.5796065337111	1089.519375
664.9222542041712	1088.6091666666664
665.2648534850765	1098.6214583333333
665.6074043682694	1249.7160416666666
665.9499068455925	1115.9154166666667
666.2923609088887	1129.5685416666665
666.63476655	1099.5316666666668
666.9771237607694	1092.25
667.3194325330395	1086.78875
667.6616928586526	1129.5685416666668
668.0039047294514	1119.5562499999999
668.3460681372787	1113.1847916666666
668.6881830739768	1107.7235416666665
669.0302495313884	1074.0458333333333
669.3722675013561	1379.8758333333335
669.7142369757223	1250.62625
670.0561579463299	1048.5600000000002
670.3980304050212	1107.7235416666665
670.7398543436391	1135.0297916666668
671.0816297540256	1025.8047916666667
671.4233566280238	1388.0677083333333
671.7650349574764	1111.3643749999999
672.1066647342252	1150.5033333333333
672.4482459501136	1066.7641666666666
672.7897785969838	1348.0185416666666
673.1312626666784	1065.8539583333334
673.4726981510399	1065.8539583333334
673.8140850419113	1125.9277083333334
674.1554233311347	1051.290625
674.4967130105528	1098.6214583333333
674.8379540720083	1147.7727083333332
675.1791465073437	1258.818125
675.5202903084016	1297.046875
675.8613854670248	1030.3558333333333
676.2024319750553	1087.6989583333334
676.5434298243362	1135.9399999999998
676.88437900671	1104.0827083333334
677.2252795140191	1163.24625
677.5661313381062	1148.6829166666666
677.9069344708139	1067.6743749999998
678.2476889039847	1077.6866666666667
678.5883946294612	1096.8010416666666
678.9290516390861	1058.5722916666666
679.2696599247018	1133.2093750000001
679.6102194781508	1146.8625
679.9507302912762	1074.9560416666666
680.29119235592	1170.5279166666667
680.631605663925	1202.3852083333334
680.9719702071338	1044.0089583333333
681.312285977389	1104.0827083333334
681.6525529665331	1185.0912500000002
681.9927711664087	1186.9116666666666
682.3329405688585	1096.8010416666666
682.6730611657248	1084.058125
683.0131329488505	1133.2093750000001
683.353155910078	1093.1602083333335
683.6931300412499	1158.6952083333333
684.0330553342089	1122.286875
684.3729317807973	1117.7358333333334
684.7127593728582	1118.6460416666666
685.0525381022335	1135.0297916666666
685.3922679607663	1073.135625
685.7319489402989	1097.71125
686.0715810326739	1132.2991666666667
686.4111642297341	1179.6299999999999
686.750698523322	1056.751875
687.0901839052799	1117.7358333333332
687.4296203674508	997.5883333333333
687.7690079016771	1087.6989583333332
688.1083464998012	1141.40125
688.4476361536658	1066.7641666666666
688.7868768551137	1128.6583333333335
689.1260685959872	1097.71125
689.465211368129	1117.7358333333334
689.8043051633817	1168.7075
690.1433499735879	1116.8256250000002
690.48234579059	1584.6727083333333
690.8212926062307	1396.2595833333335
691.1601904123526	1122.286875
691.4990392007982	1065.8539583333334
691.8378389634104	1076.776458333333
692.1765896920311	1088.6091666666664
692.5152913785035	1087.6989583333334
692.8539440146701	1051.290625
693.1925475923734	1175.9891666666665
693.5311021034557	1115.9154166666667
693.86960753976	8006.1925
694.2080638931286	1546.4439583333333
694.5464711554041	1087.6989583333334
694.8848293184293	1093.1602083333335
695.2231383740468	1194.1933333333334
695.5613983140987	1107.7235416666665
695.899609130428	1033.0864583333334
696.2377708148773	1143.2216666666666
696.5758833592889	1072.2254166666667
696.9139467555057	1162.3360416666667
697.25196099537	1098.6214583333333
697.5899260707245	1164.1564583333334
697.9278419734118	1135.9399999999998
698.2657086952745	1060.392708333333
698.603526228155	1150.5033333333333
698.9412945638961	1277.0222916666664
699.2790136943405	1074.9560416666666
699.6166836113304	1115.9154166666667
699.9543043067085	1196.01375
700.2918757723176	1143.2216666666666
700.629398	1193.283125
700.9668709815984	1095.8908333333331
701.3042947089555	1066.7641666666666
701.6416691739137	1221.4995833333332
701.9789943683154	1256.0874999999999
702.3162702840036	1135.9400000000003
702.6534969128209	1079.5070833333332
702.9906742466095	1053.1110416666668
703.3278022772121	1161.4258333333335
703.6648809964715	1095.8908333333334
704.00191039623	1068.5845833333333
704.3388904683302	1122.286875
704.6758212046151	1084.9683333333332
705.0127025969267	1185.0912500000002
705.3495346371078	1092.25
705.6863173170012	1182.360625
706.0230506284493	1084.9683333333335
706.3597345632945	1040.3681250000002
706.6963691133798	1108.63375
707.0329542705473	1049.4702083333334
707.3694900266399	1164.1564583333331
707.7059763735002	1062.213125
708.0424133029707	1133.2093750000001
708.3788008068938	1052.2008333333333
708.7151388771123	1157.785
709.0514275054688	1112.2745833333333
709.3876666838056	1220.5893749999998
709.7238564039657	1094.980625
710.0599966577913	1069.4947916666667
710.3960874371253	1127.748125
710.73212873381	1198.744375
711.0681205396882	1474.5375000000001
711.4040628466022	15857.649583333332
711.7399556463948	2015.20125
712.0757989309087	1124.1072916666667
712.4115926919862	1165.976875
712.7473369214699	1064.9437500000001
713.0830316112028	1101.3520833333334
713.418676753027	1141.40125
713.7542723387851	1154.1441666666667
714.08981836032	1051.290625
714.425314809474	1209.6668750000001
714.7607616780898	1145.0420833333335
715.09615895801	1115.0052083333333
715.4315066410772	1075.86625
715.7668047191336	1114.095
716.1020531840225	1115.0052083333333
716.4372520275859	1044.9191666666666
716.7724012416666	1156.8747916666666
717.107500818107	1092.25
717.44255074875	1061.3029166666665
717.777551025438	1054.02125
718.1125016400134	1104.0827083333334
718.4474025843191	1043.09875
718.7822538501974	1140.491041666667
719.1170554294912	1164.1564583333331
719.4518073140429	1094.980625
719.7865094956949	1183.2708333333333
720.1211619662901	1128.6583333333335
720.4557647176711	1143.2216666666666
720.7903177416799	1095.8908333333331
721.1248210301598	1135.0297916666666
721.459274574953	1158.6952083333333
721.7936783679021	1119.5562499999999
722.1280324008497	1113.1847916666668
722.4623366656388	1068.5845833333333
722.7965911541114	1104.0827083333334
723.13079585811	1396.2595833333335
723.4649507694777	1260.6385416666667
723.7990558800569	1121.3766666666668
724.13311118169	1125.0175
724.4671166662197	1079.5070833333332
724.8010723254887	1079.5070833333336
725.1349781513393	1095.8908333333334
725.4688341356142	1144.131875
725.8026402701563	1050.3804166666666
726.1363965468076	1048.5600000000002
726.4701029574111	1128.6583333333333
726.8037594938094	1125.0175
727.1373661478447	1123.1970833333335
727.4709229113599	1147.7727083333334
727.8044297761977	1052.2008333333333
728.1378867342002	1037.6375
728.4712937772103	1140.491041666667
728.8046508970707	1074.0458333333333
729.1379580856236	1063.1233333333332
729.4712153347119	1118.6460416666666
729.8044226361783	1094.980625
730.137579981865	1111.364375
730.4706873636146	1090.4295833333333
730.80374477327	1139.5808333333332
731.1367522026735	1200.5647916666667
731.4697096436678	1068.5845833333333
731.8026170880954	1206.93625
732.1354745277993	1134.1195833333334
732.4682819546213	1121.3766666666668
732.8010393604045	1139.5808333333332
733.1337467369915	1234.2425
733.4664040762245	1113.1847916666666
733.7990113699465	1094.0704166666667
734.1315686099999	1159.6054166666668
734.4640757882273	1196.01375
734.7965328964714	1190.5525
735.1289399265746	1142.3114583333333
735.4612968703796	1044.9191666666666
735.7936037197286	1230.6016666666667
736.1258604664649	1116.825625
736.4580671024305	1060.3927083333333
736.7902236194681	1085.8785416666667
737.1223300094205	1075.86625
737.45438626413	1064.94375
737.7863923754393	1070.405
738.118348335191	1077.6866666666667
738.4502541352277	1149.593125
738.7821097673918	1079.5070833333332
739.1139152235262	1083.1479166666666
739.4456704954733	1196.9239583333333
739.7773755750756	1088.6091666666669
740.1090304541757	1072.2254166666667
740.4406351246164	1099.5316666666668
740.7721895782399	1200.5647916666667
741.1036938068892	1167.7972916666665
741.4351478024066	1087.6989583333334
741.7665515566348	1156.8747916666669
742.0979050614163	1257.9079166666668
742.4292083085937	1180.540208333333
742.7604612900096	1137.7604166666665
743.0916639975067	1215.128125
743.4228164229273	1120.4664583333333
743.7539185581142	1084.9683333333335
744.0849703949099	1146.8625
744.4159719251571	1144.131875
744.7469231406983	1060.3927083333335
745.0778240333758	1110.4541666666667
745.4086745950326	1050.3804166666666
745.7394748175113	1179.6299999999999
746.0702246926539	1129.5685416666668
746.4009242123037	1091.3397916666665
746.731573368303	1102.2622916666667
747.0621721524942	1089.519375
747.39272055672	1097.71125
747.723218572823	1143.2216666666668
748.0536661926458	1103.1725
748.384063408031	1036.7272916666668
748.7144102108211	1091.3397916666665
749.0447065928587	1236.0629166666665
749.3749525459865	1078.5968750000002
749.7051480620469	1146.8625
750.0352931328825	1120.4664583333333
750.365387750336	1155.054375
750.6954319062501	1078.596875
751.025425592467	1059.4825
751.3553688008293	1047.6497916666665
751.6852615231801	1084.9683333333335
752.0151037513616	1228.78125
752.3448954772161	1180.540208333333
752.6746366925869	1186.0014583333334
753.004327389316	1191.4627083333335
753.333967559246	1450.8720833333334
753.66355719422	1155.054375
753.99309628608	1072.225416666667
754.3225848266688	1124.1072916666665
754.652022807829	1086.78875
754.9814102214033	1084.0581250000002
755.3107470592339	1140.491041666667
755.6400333131637	1133.209375
755.9692689750353	1169.6177083333334
756.298454036691	1098.6214583333333
756.6275884899737	1123.1970833333332
756.9566723267259	1093.1602083333335
757.28570553879	1160.515625
757.6146881180086	1216.0383333333332
757.9436200562246	1021.25375
758.2725013452803	1044.008958333333
758.6013319770183	1235.1527083333333
758.9301119432813	1143.2216666666666
759.2588412359117	1060.3927083333335
759.5875198467521	1057.6620833333334
759.9161477676453	1196.9239583333335
760.2447249904338	1094.0704166666667
760.5732515069599	1093.1602083333332
760.9017273090666	1124.1072916666665
761.2301523885964	1221.4995833333332
761.5585267373914	1126.8379166666666
761.8868503472946	1081.3275
762.2151232101487	1164.1564583333331
762.5433453177961	1138.670625
762.8715166620792	1128.6583333333335
763.1996372348409	1015.7925
763.5277070279236	1179.63
763.85572603317	1078.596875
764.1836942424226	1137.7604166666667
764.5116116475239	1195.1035416666666
764.8394782403163	1084.0581249999998
765.1672940126431	1073.1356250000001
765.4950589563462	1104.9929166666668
765.8227730632684	1144.131875
766.1504363252524	1102.2622916666667
766.4780487341407	1165.976875
766.8056102817754	1148.6829166666666
767.13312096	1179.6299999999999
767.4605807606565	1087.6989583333334
767.7879896755875	1075.86625
768.1153476966355	1159.6054166666668
768.4426548156436	1213.3077083333333
768.7699110244537	1137.7604166666667
769.0971163149088	1306.1489583333334
769.4242706788516	1118.6460416666666
769.7513741081242	1145.9522916666667
770.0784265945695	1123.1970833333335
770.40542813003	1175.9891666666667
770.7323787063482	1168.7075000000002
771.059278315367	1299.7775000000001
771.3861269489287	1225.1404166666669
771.7129245988758	1173.2585416666666
772.0396712570512	1175.9891666666665
772.3663669152974	1153.2339583333335
772.6930115654565	1152.32375
773.0196051993717	1095.8908333333334
773.3461478088853	1149.593125
773.6726393858401	1112.2745833333336
773.9990799220781	1112.2745833333336
774.3254694094426	1162.3360416666667
774.6518078397759	1212.3975
774.9780952049204	1121.3766666666668
775.3043314967188	1110.4541666666667
775.6305167070137	1177.8095833333334
775.9566508276476	1216.0383333333334
776.2827338504633	1154.1441666666667
776.6087657673032	1164.1564583333336
776.93474657001	1107.7235416666665
777.2606762504261	1106.8133333333333
777.5865548003943	1132.2991666666667
777.9123822117568	1115.0052083333333
778.2381584763566	1089.519375
778.5638835860362	1131.3889583333332
778.889557532638	1089.519375
779.2151803080047	1155.9645833333334
779.540751903979	1313.430625
779.8662723124031	1097.71125
780.1917415251199	1103.1725
780.5171595339721	1179.63
780.8425263308019	1170.5279166666667
781.1678419074518	1263.3691666666666
781.493106255765	1194.1933333333334
781.8183193675837	1207.8464583333334
782.1434812347505	1163.2462500000001
782.4685918491078	1145.0420833333335
782.7936512024986	1094.0704166666667
783.118659286765	1172.3483333333334
783.4436160937499	1304.3285416666665
783.768521615296	1069.4947916666667
784.0933758432454	1434.4883333333335
784.418178769441	1141.4012500000001
784.7429303857256	1191.4627083333332
785.0676306839412	1094.980625
785.3922796559308	1142.3114583333333
785.716877293537	1167.7972916666665
786.0414235886021	1204.2056249999998
786.3659185329689	1117.7358333333332
786.69036211848	1184.1810416666667
787.0147543369778	1341.6470833333333
787.339095180305	1145.0420833333335
787.6633846403042	1122.286875
787.987622708818	1117.7358333333334
788.3118093776886	1166.8870833333333
788.6359446387593	1222.4097916666667
788.9600284838722	1169.6177083333334
789.2840609048698	1115.9154166666665
789.6080418935949	1145.0420833333333
789.93197144189	1093.1602083333335
790.2558495415977	1175.0789583333333
790.5796761845605	1154.1441666666667
790.9034513626214	1186.0014583333334
791.2271750676223	1190.5525
791.5508472914062	1114.095
791.8744680258158	1124.1072916666667
792.1980372626931	1168.7075000000002
792.5215549938813	1186.9116666666666
792.8450212112227	1338.00625
793.16843590656	1260.638541666667
793.4917990717355	1227.8710416666665
793.8151106985922	1235.1527083333333
794.1383707789723	1089.519375
794.4615793047186	1213.3077083333335
794.7847362676737	1249.7160416666666
795.1078416596802	1181.4504166666666
795.4308954725801	1120.4664583333333
795.7538976982169	1233.3322916666666
796.0768483284327	2453.011458333333
796.3997473550701	1425.3862500000002
796.7225947699715	1259.7283333333332
797.0453905649798	1187.8218749999999
797.3681347319375	1111.3643749999999
797.690827262687	1099.5316666666668
798.0134681490712	1074.0458333333333
798.3360573829325	1223.32
798.6585949561133	1201.4750000000001
798.9810808604566	1185.0912500000002
799.3035150878045	1126.8379166666666
799.6258976299999	1347.1083333333333
799.9482284788854	1202.3852083333334
800.2705076263034	1378.965625
800.5927350640966	1151.4135416666666
800.9149107841075	1209.666875
801.2370347781787	1319.8020833333333
801.5591070381528	1176.899375
801.8811275558725	1204.2056249999998
802.2030963231803	1193.283125
802.5250133319183	1218.7689583333333
802.84687857393	1169.6177083333334
803.1686920410574	1222.4097916666667
803.4904537251431	1244.2547916666667
803.8121636180297	1228.78125
804.13382171156	1165.976875
804.4554279975763	1088.6091666666669
804.7769824679212	1235.1527083333333
805.0984851144376	1226.9608333333335
805.4199359289677	1185.09125
805.7413349033543	1164.1564583333331
806.06268202944	1102.2622916666667
806.3839772990672	1186.9116666666666
806.7052207040786	1703.9099999999999
807.0264122363169	1228.78125
807.3475518876243	1194.1933333333334
807.6686396498436	1155.054375
807.9896755148177	1139.5808333333334
808.3106594743887	1242.434375
808.6315915203992	1218.7689583333333
808.9524716446922	1090.4295833333335
809.2732998391101	1155.054375
809.594076095495	1204.2056249999998
809.9148004056901	1161.4258333333335
810.235472761538	1099.5316666666668
810.5560931548807	1170.5279166666667
810.8766615775612	1210.5770833333333
811.1971780214221	1060.3927083333333
811.5176424783058	1124.1072916666665
811.8380549400548	1128.658333333333
812.1584153985121	1108.63375
812.4787238455199	1141.4012500000001
812.7989802729209	1104.9929166666668
813.1191846725578	1180.540208333333
813.4393370362732	1123.1970833333332
813.759437355909	1212.3975
814.0794856233088	1227.8710416666665
814.3994818303146	1132.2991666666667
814.7194259687689	1161.4258333333335
815.0393180305146	1133.2093750000001
815.3591580073941	1244.2547916666667
815.6789458912499	1176.899375
815.9986816739249	1138.670625
816.3183653472614	1157.785
816.637996903102	1218.7689583333333
816.9575763332895	1311.6102083333333
817.2771036296664	1355.3002083333333
817.5965787840748	1159.6054166666665
817.9160017883579	1285.2141666666666
818.2353726343582	1219.6791666666668
818.5546913139178	1143.2216666666666
818.87395781888	1177.8095833333334
819.1931721410868	1084.9683333333332
819.5123342723809	1360.7614583333334
819.8314442046052	1104.9929166666668
820.1505019296019	1187.8218749999999
820.4695074392138	1145.9522916666667
820.7884607252832	1160.515625
821.107361779653	1172.3483333333334
821.4262105941658	1142.3114583333333
821.7450071606638	1130.47875
822.0637514709899	1268.8304166666667
822.3824435169868	1276.1120833333332
822.7010832904965	1187.8218749999999
823.0196707833622	1584.6727083333335
823.3382059874264	1200.5647916666667
823.6566888945312	1125.9277083333334
823.9751194965196	1101.3520833333332
824.2934977852343	1171.438125
824.6118237525172	1121.3766666666668
824.9300973902117	1084.058125
825.24831869016	1098.6214583333333
825.5664876442045	1213.3077083333333
825.8846042441882	1249.7160416666668
826.2026684819534	1125.0175
826.5206803493426	1161.4258333333335
826.8386398381987	1186.0014583333334
827.156546940364	1184.1810416666665
827.4744016476814	1125.0175
827.7922039519929	1206.93625
828.1099538451416	1942.3845833333335
828.42765131897	1199.6545833333332
828.7452963653204	1151.4135416666668
829.0628889760359	1117.7358333333334
829.3804291429586	1155.9645833333334
829.697916857931	1165.976875
830.0153521127962	1110.4541666666667
830.3327348993965	1129.5685416666665
830.6500652095742	1142.3114583333336
830.9673430351726	1226.9608333333333
831.2845683680337	1277.9325000000001
831.6017411999999	1142.3114583333333
831.9188615229143	1230.6016666666667
832.2359293286195	1362.5818749999999
832.5529446089574	1168.7074999999998
832.8699073557715	1151.4135416666668
833.1868175609037	1132.2991666666667
833.5036752161967	1127.748125
833.8204803134935	1152.3237499999998
834.1372328446362	1156.8747916666666
834.4539328014675	1164.1564583333334
834.7705801758299	1104.9929166666668
835.0871749595664	1147.7727083333332
835.4037171445192	1104.9929166666668
835.7202067225306	1092.25
836.0366436854439	1089.5193749999999
836.3530280251014	1186.9116666666666
836.6693597333452	1173.2585416666668
836.9856388020186	1163.2462500000001
837.3018652229639	1175.0789583333335
837.6180389880233	1203.2954166666666
837.9341600890399	1179.63
838.2502285178563	1157.7849999999999
838.5662442663146	1137.7604166666667
838.8822073262578	1146.8625
839.1981176895283	1137.7604166666667
839.5139753479687	1161.4258333333335
839.8297802934217	1169.6177083333332
840.1455325177297	1118.6460416666666
840.4612320127352	1174.16875
840.7768787702812	1176.899375
841.0924727822099	1176.8993750000002
841.4080140403643	1094.980625
841.7235025365862	1131.3889583333332
842.038938262719	1180.540208333333
842.3543212106048	1148.6829166666666
842.6696513720862	1215.128125
842.9849287390061	1517.3172916666665
843.3001533032069	1168.7075000000002
843.6153250565309	1150.5033333333333
843.9304439908211	1129.5685416666665
844.24551009792	1146.8625
844.5605233696699	1185.0912500000002
844.8754837979137	1107.7235416666665
845.190391374494	1143.2216666666666
845.5052460912531	1162.3360416666667
845.8200479400336	1194.1933333333334
846.1347969126784	1630.1831249999998
846.4494930010297	1188.7320833333333
846.7641361969305	1199.6545833333332
847.0787264922232	1317.071458333333
847.3932638787498	1267.9202083333332
847.7077483483539	1208.756666666667
848.0221798928775	1125.9277083333334
848.3365585041632	1316.1612499999999
848.6508841740534	1160.515625
848.9651568943913	1100.441875
849.2793766570189	2100.7608333333333
849.5935434537789	1352.5695833333332
849.9076572765141	1144.131875
850.221718117067	1127.748125
850.5357259672799	1283.39375
850.8496808189958	1063.1233333333332
851.1635826640571	1128.658333333333
851.4774314943061	1183.2708333333333
851.7912273015859	1181.4504166666666
852.1049700777388	1125.0175000000002
852.4186598146072	1222.4097916666667
852.732296504034	1122.286875
853.0458801378618	1081.3275
853.3594107079327	1071.3152083333332
853.67288820609	1140.4910416666667
853.9863126241758	1175.0789583333333
854.2996839540325	1141.40125
854.6130021875033	1084.058125
854.9262673164303	1156.8747916666669
855.2394793326564	1166.8870833333333
855.5526382280236	1167.7972916666668
855.8657439943752	1172.3483333333334
856.1787966235535	1119.5562499999999
856.4917961074007	1084.9683333333332
856.80474243776	1139.5808333333334
857.1176356064736	1110.4541666666667
857.4304756053841	1183.2708333333333
857.7432624263345	1165.976875
858.0559960611668	1234.2425
858.3686765017236	1070.405
858.681303739848	1069.4947916666667
858.9938777673823	1051.2906249999999
859.3063985761688	1438.1291666666666
859.6188661580505	1140.491041666667
859.93128050487	1175.0789583333333
860.2436416084694	1054.02125
860.5559494606917	1110.4541666666667
860.8682040533795	1121.3766666666668
861.1804053783749	1145.0420833333335
861.4925534275212	1088.6091666666669
861.8046481926605	1100.441875
862.1166896656355	1053.1110416666666
862.4286778382884	1036.7272916666668
862.7406127024626	1131.3889583333332
863.0524942500001	1127.748125
863.3643224727433	1140.4910416666664
863.6760973625354	1208.7566666666667
863.9878189112187	1113.1847916666666
864.2994871106355	1186.9116666666666
864.6111019526287	1281.5733333333335
864.9226634290409	1068.5845833333333
865.2341715317144	1239.70375
865.5456262524921	1161.4258333333335
865.8570275832164	1200.5647916666667
866.1683755157298	1098.6214583333333
866.4796700418752	1084.0581249999998
866.7909111534951	1141.40125
867.1020988424316	1138.670625
867.4132331005279	1091.3397916666665
867.7243139196262	1145.9522916666667
868.0353412915691	1097.71125
868.3463152081995	1269.7406250000001
868.6572356613597	1073.1356250000001
868.9681026428924	1176.899375
869.2789161446399	1056.751875
869.5896761584452	1126.8379166666666
869.9003826761507	1106.8133333333333
870.2110356895988	1111.3643749999999
870.5216351906323	1070.405
870.8321811710938	1173.2585416666668
871.1426736228256	1082.2377083333333
871.4531125376707	1051.2906249999999
871.7634979074714	1072.2254166666664
872.0738297240702	1070.405
872.38410797931	1145.9522916666667
872.6943326650331	1062.213125
873.0045037730821	1086.78875
873.3146212952998	1063.1233333333332
873.6246852235287	1054.02125
873.9346955496112	1091.3397916666665
874.24465226539	1079.5070833333332
874.5545553627078	1416.2841666666666
874.8644048334069	1194.1933333333334
875.17420066933	1087.6989583333334
875.48394286232	1131.3889583333332
875.793631404219	1068.5845833333333
876.1032662868698	1393.5289583333333
876.4128475021149	1121.3766666666668
876.7223750417972	1133.2093750000001
877.0318488977587	1111.364375
877.3412690618425	1124.1072916666665
877.650635525891	1059.4825
877.9599482817465	1076.7764583333335
878.269207321252	1055.8416666666667
878.57841263625	1038.5477083333333
878.8875642185828	1111.3643749999999
879.1966620600934	1068.5845833333333
879.5057061526242	1054.9314583333332
879.8146964880174	1060.3927083333333
880.1236330581162	1158.6952083333333
880.4325158547629	1267.01
880.7413448697998	1183.2708333333333
881.05012009507	1186.0014583333334
881.358841522416	1075.86625
881.6675091436798	1078.5968750000002
881.9761229507047	1111.3643749999999
882.2846829353331	1067.674375
882.5931890894074	1054.9314583333332
882.9016414047699	1140.4910416666667
883.2100398732638	1124.107291666667
883.5183844867314	1099.5316666666668
883.826675237015	1094.980625
884.1349121159577	1147.7727083333334
884.4430951154019	1292.4958333333334
884.7512242271898	1173.2585416666668
885.0592994431647	1128.658333333333
885.3673207551687	1177.8095833333332
885.6752881550442	1123.1970833333335
885.9832016346343	1090.4295833333333
886.2910611857814	1081.3275
886.5988668003275	1095.8908333333331
886.9066184701161	1168.7075
887.2143161869893	1059.4825
887.5219599427896	1094.9806250000001
887.82954972936	1067.6743749999998
888.1370855385427	1207.8464583333334
888.4445673621801	1074.9560416666666
888.7519951921154	1152.3237500000002
889.0593690201907	1122.286875
889.3666888382488	1079.5070833333332
889.673954638132	1153.2339583333332
889.9811664116833	1098.6214583333333
890.288324150745	1144.131875
890.5954278471595	1107.7235416666665
890.90247749277	1104.0827083333334
891.2094730794186	1152.3237500000002
891.5164145989478	1107.723541666667
891.8233020432004	1257.9079166666668
892.1301354040191	1223.32
892.4369146732461	1125.0175
892.7436398427244	1085.8785416666667
893.0503109042965	1293.4060416666666
893.3569278498044	1066.7641666666668
893.6634906710915	1095.8908333333334
893.96999936	1133.2093750000001
894.2764539083722	1338.00625
894.5828543080514	1270.6508333333334
894.8892005508795	1045.829375
895.1954926286993	1117.7358333333334
895.5017305333536	1543.7133333333331
895.8079142566849	1119.5562499999999
896.1140437905356	1078.596875
896.4201191267481	1140.4910416666667
896.7261402571654	1098.6214583333333
897.03210717363	1059.4825
897.3380198679843	1102.2622916666667
897.643878332071	1163.2462500000001
897.9496825577328	1298.8672916666667
898.2554325368118	1125.0175
898.5611282611512	1254.2670833333334
898.8667697225933	1156.8747916666669
899.1723569129805	1103.1725
899.4778898241558	1055.841666666667
899.7833684479614	1242.4343749999998
900.0887927762399	1057.6620833333334
900.3941628008342	1056.7518750000002
900.6994785135867	1105.903125
901.0047399063398	1169.6177083333332
901.3099469709363	1322.5327083333334
901.6150996992188	1179.6299999999999
901.9201980830295	1084.9683333333332
902.2252421142116	1553.725625
902.5302317846073	1071.3152083333332
902.8351670860594	1099.5316666666668
903.1400480104098	1186.9116666666666
903.4448745495021	1221.4995833333335
903.7496466951783	1215.128125
904.0543644392808	1230.6016666666667
904.3590277736527	1052.2008333333333
904.6636366901363	1105.903125
904.968191180574	1105.903125
905.2726912368087	1201.4750000000001
905.5771368506829	1127.7481249999998
905.8815280140391	1101.3520833333334
906.18586471872	1244.2547916666665
906.490146956568	1106.8133333333333
906.7943747194257	1123.1970833333332
907.0985479991359	1252.4466666666665
907.4026667875411	1234.2425
907.7067310764836	1141.4012500000001
908.0107408578065	1108.63375
908.3146961233518	1184.1810416666667
908.6185968649625	1107.7235416666667
908.9224430744811	1219.6791666666668
909.2262347437501	1121.3766666666666
909.529971864612	1123.1970833333332
909.8336544289094	3737.315416666667
910.137282428485	1277.0222916666667
910.4408558551816	1147.7727083333332
910.7443747008411	1094.9806250000001
911.0478389573069	1236.0629166666668
911.351248616421	1337.0960416666665
911.6546036700261	1180.5402083333333
911.9579041099649	1131.3889583333334
912.26114992808	1090.4295833333333
912.5643411162137	1409.0024999999998
912.867477666209	1309.7897916666668
913.1705595699083	1090.4295833333333
913.4735868191539	1055.8416666666665
913.7765594057887	1118.6460416666666
914.0794773216553	1050.3804166666666
914.382340558596	1096.8010416666666
914.6851491084537	1354.3899999999999
914.9879029630708	1167.7972916666668
915.2906021142899	1126.8379166666666
915.5932465539537	1173.2585416666668
915.8958362739046	1069.4947916666667
916.1983712659853	1084.9683333333332
916.5008515220383	1171.438125
916.8032770339062	1057.6620833333334
917.1056477934318	1042.1885416666667
917.407963792457	1270.6508333333334
917.7102250228253	1151.4135416666668
918.0124314763789	1114.095
918.3145831449599	1032.1762500000002
918.6166800204115	1153.2339583333335
918.9187220945763	1137.7604166666665
919.2207093592963	1559.186875
919.5226418064146	1047.6497916666667
919.8245194277738	1127.748125
920.1263422152159	1074.9560416666666
920.4281101605843	1129.5685416666668
920.7298232557209	1041.2783333333334
921.0314814924685	1081.3275
921.3330848626699	1100.4418749999998
921.6346333581675	1248.805833333333
921.9361269708037	1160.515625
922.2375656924214	1103.1725
922.538949514863	1109.5439583333334
922.8402784299712	1131.3889583333332
923.1415524295884	1140.4910416666664
923.4427715055573	1074.0458333333333
923.7439356497206	1084.9683333333332
924.0450448539206	1115.9154166666665
924.34609911	1044.008958333333
924.6470984098015	1132.2991666666667
924.9480427451673	1083.1479166666666
925.2489321079405	1138.670625
925.5497664899635	1078.596875
925.8505458830786	1094.980625
926.1512702791289	1050.3804166666666
926.4519396699565	1102.2622916666667
926.752554047404	1093.1602083333335
927.0531134033143	1108.6337500000002
927.35361772953	1036.7272916666666
927.6540670178932	1064.9437500000001
927.9544612602471	1134.1195833333334
928.2548004484337	1080.4172916666666
928.5550845742961	1060.3927083333335
928.8553136296762	1099.5316666666668
929.1554876064173	1077.6866666666667
929.4556064963617	1186.9116666666666
929.7556702913517	1200.5647916666667
930.0556789832303	1181.4504166666666
930.35563256384	1146.8625
930.6555310250232	1169.6177083333332
930.9553743586226	1104.9929166666668
931.2551625564809	1082.2377083333333
931.5548956104402	1148.6829166666666
931.8545735123437	1055.8416666666667
932.1541962540336	1134.1195833333334
932.4537638273525	1038.5477083333333
932.7532762241433	1135.94
933.0527334362483	1212.3975
933.3521354555098	1083.1479166666668
933.6514822737711	1052.2008333333333
933.9507738828743	1211.4872916666666
934.2500102746618	1138.670625
934.5491914409766	1080.4172916666666
934.8483173736612	1234.2425
935.1473880645581	1125.9277083333334
935.4464035055097	1047.6497916666667
935.745363688359	1076.7764583333333
936.0442686049482	1121.3766666666668
936.3431182471198	1108.63375
936.641912606717	1086.78875
936.9406516755819	1077.6866666666667
937.239335445557	1135.9399999999998
937.537963908485	1048.5600000000002
937.8365370562088	1109.5439583333334
938.1350548805704	1076.7764583333335
938.4335173734129	1047.6497916666667
938.7319245265786	1067.6743749999998
939.0302763319099	1104.9929166666666
939.3285727812499	1075.86625
939.626813866441	1007.600625
939.9249995793253	1110.4541666666667
940.223129911746	1060.3927083333335
940.5212048555455	1066.7641666666666
940.8192244025662	1076.7764583333333
941.1171885446508	1062.213125
941.415097273642	1077.6866666666665
941.7129505813822	1129.5685416666668
942.0107484597139	1135.0297916666666
942.30849090048	1117.7358333333332
942.6061778955228	1101.3520833333332
942.9038094366849	1256.9977083333333
943.2013855158092	1418.104583333333
943.4989061247379	1084.0581250000002
943.7963712553136	1053.1110416666668
944.0937808993792	1115.9154166666667
944.3911350487772	1105.903125
944.6884336953495	1199.6545833333332
944.9856768309398	1285.2141666666666
945.28286444739	1160.515625
945.5799965365427	1325.2633333333333
945.8770730902406	1130.47875
946.1740941003263	1132.2991666666667
946.4710595586421	1157.785
946.7679694570312	1104.0827083333334
947.0648237873357	1125.0175
947.3616225413981	1077.6866666666667
947.6583657110614	1061.3029166666668
947.9550532881678	1096.8010416666666
948.25168526456	1147.7727083333336
948.5482616320805	1145.9522916666667
948.8447823825722	1194.1933333333334
949.1412475078774	1099.5316666666668
949.4376569998386	1097.71125
949.7340108502987	1084.9683333333332
950.0303090511001	1088.6091666666664
950.3265515940852	1131.3889583333332
950.6227384710969	1086.78875
950.9188696739777	1103.1725
951.2149451945699	1125.0175
951.5109650247166	1089.519375
951.8069291562598	1085.8785416666667
952.1028375810424	1061.3029166666668
952.3986902909071	1229.6914583333335
952.6944872776962	1104.9929166666668
952.9902285332523	1041.2783333333334
953.2859140494182	1090.4295833333335
953.5815438180365	1113.1847916666668
953.8771178309494	1314.3408333333334
954.1726360799998	1133.2093750000001
954.4680985570304	1042.1885416666667
954.7635052538835	1056.751875
955.0588561624015	1053.1110416666668
955.3541512744275	1045.829375
955.6493905818038	1072.225416666667
955.9445740763729	1148.6829166666666
956.2397017499775	1141.40125
956.5347735944603	1145.0420833333333
956.8297896016634	1118.6460416666669
957.1247497634299	1212.3975
957.4196540716023	1157.785
957.7145025180229	1115.0052083333333
958.0092950945348	1071.3152083333334
958.3040317929799	1102.2622916666667
958.5987126052012	1159.6054166666665
958.8933375230413	1520.958125
959.1879065383425	1252.4466666666667
959.4824196429477	1213.3077083333335
959.7768768286993	1051.2906249999999
960.07127808744	1167.7972916666665
960.3656234110122	1048.56
960.6599127912586	1089.519375
960.9541462200218	1052.2008333333333
961.2483236891444	1059.4825
961.5424451904687	1122.286875
961.8365107158377	1111.3643749999999
962.1305202570937	1121.3766666666668
962.4244738060793	1238.7935416666667
962.7183713546373	1090.4295833333335
963.01221289461	1054.9314583333332
963.3059984178401	1094.0704166666667
963.5997279161703	1026.715
963.893401381443	1102.2622916666667
964.1870188055007	1186.0014583333334
964.4805801801863	1104.9929166666668
964.7740854973422	1148.6829166666666
965.0675347488107	1160.515625
965.3609279264349	1119.5562499999999
965.6542650220572	1018.523125
965.9475460275199	1043.0987499999999
966.240770934666	1002.1393750000001
966.5339397353379	1106.8133333333333
966.8270524213779	1057.6620833333334
967.120108984629	1064.0335416666667
967.4131094169337	1085.8785416666667
967.7060537101345	1097.71125
967.9989418560739	1135.0297916666666
968.2917738465945	1120.4664583333335
968.5845496735391	1188.7320833333333
968.8772693287499	1075.86625
969.16993280407	1047.6497916666665
969.4625400913416	1056.751875
969.755091182407	1140.491041666667
970.0475860691095	1355.3002083333333
970.3400247432913	1126.8379166666666
970.6324071967948	1297.9570833333335
970.924733421463	1092.25
971.2170034091381	1041.2783333333332
971.5092171516628	1095.8908333333331
971.80137464088	1565.5583333333334
972.0934758686318	1070.405
972.385520826761	1181.4504166666666
972.6775095071101	1093.1602083333335
972.9694419015219	1107.7235416666665
973.2613180018386	1048.5600000000002
973.5531377999032	1070.405
973.8449012875581	1061.3029166666668
974.1366084566458	1033.0864583333332
974.4282592990087	1181.4504166666666
974.71985380649	1078.596875
975.0113919709318	1131.3889583333332
975.3028737841765	1063.1233333333332
975.5942992380673	1027.6252083333331
975.8856683244463	1058.5722916666666
976.1769810351561	1073.1356250000001
976.4682373620396	1172.3483333333334
976.7594372969393	1074.0458333333333
977.0505808316972	1071.3152083333334
977.3416679581567	1154.1441666666667
977.6326986681601	1182.360625
977.9236729535495	1116.8256250000002
978.2145908061682	1134.1195833333334
978.5054522178584	1741.2285416666666
978.7962571804626	1115.0052083333333
979.0870056858237	1096.8010416666666
979.3776977257842	1200.5647916666667
979.6683332921862	1174.16875
979.9589123768728	1291.585625
980.2494349716867	1218.7689583333333
980.53990106847	1151.4135416666666
980.8303106590655	1198.744375
981.1206637353158	1061.3029166666665
981.4109602890635	1047.6497916666667
981.7012003121511	1074.0458333333333
981.9913837964212	1154.1441666666667
982.2815107337166	1216.9485416666666
982.5715811158793	1026.715
982.8615949347526	1051.2906249999999
983.1515521821785	1114.095
983.4414528499998	1166.8870833333333
983.7312969300594	1140.4910416666667
984.0210844141994	1197.8341666666668
984.3108152942625	1231.511875
984.6004895620915	1114.095
984.8901072095288	1064.94375
985.1796682284167	1097.71125
985.4691726105984	1181.4504166666666
985.7586203479162	1307.0591666666667
986.0480114322123	1009.4210416666668
986.33734585533	1052.2008333333333
986.6266236091113	1029.445625
986.9158446853992	1285.2141666666666
987.2050090760357	1122.286875
987.4941167728639	1034.906875
987.7831677677262	1074.0458333333333
988.0721620524652	1090.4295833333333
988.3610996189235	1016.7027083333334
988.6499804589438	1191.4627083333332
988.9388045643683	1105.903125
989.2275719270399	1041.2783333333334
989.5162825388013	1057.6620833333334
989.8049363914945	1079.5070833333332
990.0935334769628	1055.8416666666665
990.3820737870484	1095.8908333333334
990.6705573135936	1127.748125
990.9589840484416	1162.3360416666667
991.2473539834347	1143.2216666666666
991.5356671104153	1240.6139583333334
991.8239234212261	1113.1847916666668
992.1121229077099	1137.7604166666667
992.400265561709	1062.213125
992.6883513750662	1059.4824999999998
992.9763803396239	1048.56
993.2643524472247	1154.1441666666667
993.5522676897112	1121.3766666666668
993.8401260589261	1086.78875
994.1279275467119	1060.3927083333335
994.4156721449109	1139.5808333333334
994.7033598453662	1184.1810416666667
994.99099063992	1139.5808333333334
995.2785645204149	1072.2254166666667
995.5660814786938	1083.1479166666668
995.853541506599	1130.47875
996.140944595973	1147.7727083333332
996.4282907386587	1165.0666666666668
996.7155799264985	1072.2254166666667
997.0028121513348	1198.744375
997.2899874050105	1123.1970833333335
997.5771056793681	1067.674375
997.8641669662499	1069.4947916666667
998.1511712574988	1169.6177083333332
998.4381185449574	1069.4947916666667
998.725008820468	1144.1318749999998
999.0118420758735	1056.751875
999.2986183030163	1035.8170833333334
999.585337493739	1058.5722916666666
999.8719996398839	1054.02125
1000.158604733294	1092.25
1000.445152765812	1260.6385416666665
1000.7316437292799	1097.71125
1001.0180776155407	1134.1195833333334
1001.3044544164371	1054.02125
1001.5907741238111	1195.1035416666666
1001.8770367295059	1352.5695833333332
1002.1632422253638	1083.1479166666666
1002.4493906032271	1119.55625
1002.735481854939	1036.7272916666668
1003.0215159723417	1151.4135416666668
1003.3074929472778	1090.4295833333333
1003.59341277159	1115.9154166666667
1003.8792754371208	1140.4910416666664
1004.1650809357126	1185.0912500000002
1004.4508292592081	1155.9645833333332
1004.7365203994503	1145.9522916666667
1005.0221543482811	1034.906875
1005.3077310975436	1133.2093750000001
1005.5932506390802	1049.4702083333334
1005.8787129647335	1010.3312499999998
1006.1641180663456	1094.9806250000001
1006.4494659357599	1093.1602083333335
1006.7347565648188	1074.0458333333333
1007.0199899453642	1351.659375
1007.3051660692394	1057.6620833333334
1007.5902849282868	1031.2660416666665
1007.8753465143486	1046.7395833333333
1008.160350819268	1121.3766666666668
1008.4452978348874	1133.2093750000001
1008.7301875530488	1186.0014583333332
1009.0150199655957	1177.8095833333334
1009.2997950643701	1026.715
1009.5845128412144	1095.8908333333334
1009.8691732879718	1065.8539583333334
1010.1537763964845	1148.6829166666666
1010.4383221585949	1155.054375
1010.7228105661462	1071.3152083333332
1011.0072416109805	1060.3927083333335
1011.2916152849402	1034.906875
1011.5759315798686	1094.980625
1011.8601904876076	1058.5722916666666
1012.144392	1100.4418749999998
1012.4285361088884	1024.8945833333335
1012.7126228061155	1074.9560416666666
1012.9966520835236	1238.7935416666667
1013.2806239329553	1090.4295833333333
1013.5645383462538	1054.02125
1013.8483953152609	1137.7604166666667
1014.1321948318193	1104.0827083333334
1014.4159368877722	1054.02125
1014.6996214749615	1175.0789583333333
1014.98324858523	1142.3114583333333
1015.2668182104202	1088.6091666666666
1015.5503303423751	1122.286875
1015.8337849729367	1117.7358333333334
1016.1171820939478	1033.9966666666667
1016.4005216972512	1152.3237499999998
1016.6838037746892	1049.4702083333332
1016.9670283181047	1188.7320833333333
1017.2501953193398	1135.0297916666666
1017.5333047702371	1056.751875
1017.81635666264	1176.899375
1018.0993509883903	1158.6952083333333
1018.3822877393309	1111.3643749999999
1018.6651669073037	1083.1479166666668
1018.9479884841523	1110.4541666666667
1019.2307524617187	1158.6952083333333
1019.5134588318456	1120.4664583333333
1019.7961075863757	1182.360625
1020.0786987171514	1056.7518750000002
1020.3612322160153	1161.4258333333335
1020.6437080748101	1148.6829166666666
1020.9261262853781	1091.3397916666665
1021.208486839562	1146.8625
1021.4907897292048	1099.5316666666665
1021.7730349461489	1214.2179166666667
1022.0552224822362	1066.7641666666666
1022.33735232931	1044.0089583333336
1022.6194244792129	1091.3397916666665
1022.9014389237868	1127.748125
1023.1833956548752	1109.5439583333334
1023.46529466432	1194.1933333333334
1023.7471359439638	1034.906875
1024.0289194856498	1100.441875
1024.3106452812199	1163.24625
1024.5923133225172	1054.02125
1024.8739236013837	1108.63375
1025.1554761096625	1108.63375
1025.436970839196	1108.63375
