339.86832	19.114375
340.2509644343084	33996.28125
340.6335677717954	571.6108333333333
341.0161300043036	513.3575
341.3986511236755	792.7914583333333
341.78113112175373	774.5872916666667
342.16356999038084	725.4360416666667
342.5459677213995	773.6770833333334
342.92832430665214	11053.57
343.3106397379815	1881.4006250000002
343.69291400723	800.0731249999999
344.0751471062403	748.19125
344.45733902685504	863.7877083333333
344.83948976091665	901.1062499999999
345.2215993002679	851.955
345.60366763675125	874.7102083333333
345.9856947622093	979.3841666666667
346.3676806684845	829.1997916666668
346.74962534741974	885.6327083333332
347.1315287908573	993.0372916666666
347.51339099064	988.48625
347.8952119386102	888.3633333333333
348.2769916266106	873.8000000000001
348.6587300464838	1701.1793749999997
349.0404271900723	1122.2868749999998
349.4220830492187	1162.3360416666667
349.80369761576566	1043.0987499999999
350.1852708815557	1234.2425
350.5668028384313	1128.6583333333333
350.9482934782352	1647.4770833333334
351.32974279281	1116.8256250000002
351.71115077399816	1040.368125
352.0925174136422	1319.8020833333333
352.47384270358486	1227.8710416666665
352.8551266356687	1102.262291666667
353.23636920173624	1205.1158333333333
353.61757039363005	1197.8341666666665
353.9987302031928	1528.2397916666666
354.379848622267	1358.0308333333332
354.76092564269516	1238.7935416666667
355.14196125632	1201.475
355.52295545498407	1330.7245833333334
355.90390823052985	1267.9202083333332
356.2848195748	2159.0141666666664
356.6656894796371	1269.7406250000001
357.04651793688373	1277.9325
357.4273049383824	1267.01
357.8080504759759	1230.6016666666667
358.18875454150657	1334.3654166666668
358.5694171268171	1186.0014583333332
358.9500382237499	1335.275625
359.3306178241479	1324.3531250000003
359.7111559198534	1313.430625
360.0916525027091	1252.4466666666667
360.47210756455746	1254.2670833333334
360.85252109724127	1282.4835416666667
361.23289309260286	1115.9154166666667
361.61322354248495	1229.691458333333
361.99351243873014	1295.2264583333333
362.37375977318095	1531.880625
362.75396553768	1397.1697916666665
363.1341297240698	1330.7245833333334
363.514252324193	1190.5525
363.8943333298922	1111.3643749999999
364.27437273300995	1524.5989583333333
364.65437052538874	1311.6102083333333
365.03432669887127	1119.5562499999999
365.4142412453001	1230.6016666666667
365.7941141565177	1686.616041666667
366.1739454243669	1201.4750000000001
366.55373504069	1261.5487500000002
366.93348299732975	1180.540208333333
367.31318928612865	1323.4429166666666
367.6928538989293	1263.3691666666666
368.0724768275743	1189.6422916666668
368.4520580639063	1394.4391666666668
368.83159759976763	1345.287916666667
369.21109542700117	1803.1227083333333
369.59055153744936	1352.5695833333332
369.9699659229547	1216.0383333333332
370.34933857536	1233.3322916666666
370.72866948650767	1206.93625
371.10795864824024	1196.9239583333333
371.4872060524004	1454.5129166666666
371.8664116908307	1366.2227083333335
372.2455755553737	2331.95375
372.6246976378721	1301.5979166666666
373.00377793016827	1442.6802083333334
373.38281642410493	1414.46375
373.76181311152465	1348.92875
374.14076798427	1379.8758333333333
374.5196810341835	1449.961875
374.8985522531078	1383.5166666666667
375.2773816328855	1223.32
375.6561691653591	1295.2264583333333
376.0349148423712	1267.01
376.4136186557645	1122.286875
376.7922805973814	1197.8341666666665
377.17090065906456	1148.6829166666666
377.5494788326565	1082.2377083333333
377.92801511000005	1299.7775
378.3065094829374	1464.5252083333335
378.6849619433114	1186.0014583333334
379.0633724829646	1414.4637500000001
379.4417410937395	1335.275625
379.82006776747875	2005.1889583333334
380.1983524960249	1203.2954166666666
380.57659527122047	1112.274583333333
380.9547960849082	1201.4750000000001
381.33295492893046	1128.6583333333335
381.71107179513	1327.08375
382.08914667534935	1221.4995833333332
382.467179561431	1121.3766666666668
382.84517044521766	1181.4504166666668
383.22311931855194	1217.85875
383.60102617327624	1289.7652083333335
383.97889100123325	1529.1499999999999
384.35671379426554	1226.9608333333333
384.73449454421575	1233.3322916666666
385.1122332429263	1186.0014583333332
385.48992988224	1319.8020833333333
385.8675844539992	1110.4541666666667
386.24519695004665	1186.9116666666666
386.6227673622248	1173.2585416666668
387.0002956823763	1242.4343749999998
387.3777819023437	1580.1216666666667
387.75522601396966	1335.275625
388.1326280090966	1243.3445833333333
388.5099878795673	1300.6877083333331
388.8873056172243	1210.5770833333333
389.26458121391	1074.0458333333333
389.6418146614671	1262.4589583333334
390.0190059517382	1165.0666666666668
390.3961550765659	1139.5808333333332
390.77326202779267	1327.9939583333332
391.15032679726124	1146.8625000000002
391.5273493768141	1212.3975
391.9043297582938	1264.279375
392.2812679335429	1196.9239583333333
392.65816389440414	1333.4552083333335
393.03501763272	1276.1120833333334
393.41182914033305	1317.0714583333336
393.7885984090858	1192.3729166666665
394.165325430821	1460.8843749999999
394.5420101973811	1291.585625
394.9186527006087	1157.7849999999999
395.29525293234644	1271.5610416666666
395.67181088443687	1180.5402083333333
396.04832654872257	1288.855
396.424799917046	1470.8966666666668
396.80123098124994	1218.7689583333333
397.1776197331769	1396.2595833333332
397.5539661646694	1339.8266666666666
397.93027026757005	1222.4097916666667
398.30653203372145	1250.62625
398.6827514549662	1142.3114583333333
399.05892852314685	1388.0677083333333
399.4350632301059	1182.360625
399.8111555676861	1257.9079166666668
400.18720552772993	1207.8464583333332
400.56321310207994	1277.0222916666667
400.9391782825788	1205.1158333333335
401.315101061069	1318.891875
401.6909814293932	1372.5941666666665
402.06681937939385	1215.128125
402.4426149029137	1148.6829166666666
402.8183679917953	1325.2633333333335
403.19407863788103	1218.7689583333333
403.56974683301377	1232.4220833333331
403.94537256903584	1153.2339583333332
404.32095583779	1175.0789583333333
404.69649663111875	1361.6716666666664
405.0719949408646	1297.046875
405.4474507588703	1176.899375
405.82286407697836	1403.5412500000002
406.1982348870312	1244.2547916666665
406.57356318087164	1244.254791666667
406.94884895034215	1188.7320833333333
407.3240921872853	1214.2179166666665
407.6992928835437	1400.810625
408.07445103095995	1167.7972916666668
408.4495666213767	1313.430625
408.8246396466363	1185.0912500000002
409.19967009858135	1225.1404166666669
409.5746579690547	1358.0308333333332
409.94960324989876	1190.5525
410.324505932956	1196.01375
410.69936601006924	1201.475
411.07418347308095	1318.891875
411.4489583138336	1443.5904166666667
411.82369052417	1391.7085416666669
412.1983800959325	1155.054375
412.5730270209638	1247.895625
412.9476312911065	1178.7197916666667
413.32219289820307	1389.8881249999997
413.6967118340962	1261.54875
414.0711880906285	1368.9533333333331
414.4456216596423	1175.0789583333333
414.8200125329805	1387.1575
415.19436070248554	1303.4183333333333
415.56866615999996	1279.7529166666666
415.94292889736636	1414.46375
416.3171489064274	1236.0629166666668
416.6913261790256	1532.7908333333335
417.0654607070035	1435.3985416666667
417.43955248220374	1620.1708333333333
417.81360149646883	1508.2152083333333
418.1876077416415	1634.7341666666669
418.56157120956414	1304.3285416666668
418.9354918920794	1286.1243749999999
419.30936978103	1448.1414583333335
419.68320486825826	1451.7822916666667
420.056997145607	1428.116875
420.43074660491874	1442.6802083333334
420.80445323803593	1364.4022916666665
421.17811703680127	1569.1991666666665
421.55173799305726	1445.4108333333334
421.9253160986466	1417.194375
422.2988513454117	1543.7133333333334
422.67234372519533	1597.4156250000003
423.04579322983994	1599.2360416666668
423.4191998511882	1788.559375
423.79256358108256	1607.4279166666668
424.16588441136577	1717.563125
424.5391623338803	2218.1777083333336
424.9123973404688	1763.98375
425.2855894229737	1783.0981249999998
425.65873857323766	1762.1633333333332
426.03184478310334	1753.9714583333334
426.4049080444133	2098.030208333333
426.77792834901	2083.466875
427.1509056887361	1947.8458333333335
427.5238400554342	2126.2466666666664
427.8967314409469	2027.944166666667
428.2695798371167	2574.0691666666667
428.6423852357862	2244.57375
429.0151476287981	2462.113541666667
429.38786700799477	3347.74625
429.76054336521895	2604.1060416666664
430.13317669231316	2783.4170833333333
430.50576698111996	2726.0739583333334
430.878314223482	2983.6629166666667
431.25081841124177	2922.678958333334
431.623279536242	3444.228333333333
431.99569759032505	3218.4966666666664
432.3680725653337	3546.1716666666666
432.7404044531105	3713.65
433.11269324549784	3615.3475
433.4849389343386	3741.8664583333334
433.85714151147505	3932.1
434.22930096874995	4075.9129166666667
434.60141729800597	4271.607708333333
434.9734904910854	4429.0737500000005
435.3455205398311	4585.629583333332
435.71750743608555	4696.675
436.08945117169117	5105.358541666666
436.4613517384908	5086.244166666666
436.833209128327	5458.519375
437.2050233330421	5441.225416666667
437.57679434447897	5699.724583333334
437.94852215448	6071.089583333334
438.3202067548878	6294.090625
438.69184813754504	6489.785416666667
439.0634462942942	6740.092708333334
439.43500121697787	6979.477500000001
439.8065128974388	7096.894375
440.17798132751926	7340.830208333333
440.54940649906206	7705.8237500000005
440.92078840390974	7990.718958333334
441.2921270339049	8213.72
441.66342238089	8515.909166666666
442.0346744367077	8766.216458333334
442.4058831932006	8966.462291666669
442.7770486422113	9279.573958333334
443.1481707755823	9685.526875000001
443.5192495851562	10337.236041666665
443.89028506277566	10241.664166666667
444.26127720028313	10625.772083333335
444.6322259895213	10868.797708333334
445.00313142233273	11028.084166666667
445.37399349056	11199.203333333333
445.74481218604564	11296.595625
446.1155875006322	11566.017291666665
446.4863194261624	11561.46625
446.8570079544787	12485.327708333332
447.2276530774237	11713.47104166667
447.5982547868401	11943.753750000002
447.9688130745703	11989.264166666666
448.3393279324569	11822.696041666664
448.7097993523426	11672.511666666667
449.08022732607	11370.3225
449.45061184548155	11389.436875
449.82095290241983	11236.521875
450.1912504887275	11108.1825
450.56150459624706	10854.234375
450.93171521682126	10817.826041666667
451.30188234229246	10755.021666666666
451.67200596450334	10080.557291666666
452.04208607529654	9745.600625000001
452.4121226665145	9503.485208333334
452.78211573	9391.529583333333
453.15206525759544	8854.506666666668
453.52197124114343	8425.798541666665
453.8918336724866	8225.552708333333
454.2616525434675	7827.791666666667
454.6314278459287	8325.675624999998
455.0011595717129	7422.748958333334
455.37084771266245	7298.960625
455.74049226062016	7014.065416666667
456.11009320742846	6879.354583333334
456.47965054492994	6592.638958333333
456.8491642649673	6508.899791666667
457.21863435938303	6430.621875
457.5880608200197	6282.2579166666665
457.95744363871995	6120.240833333333
458.3267828073262	6000.093333333333
458.69607831768127	5830.794583333333
459.0653301616276	5799.8475
459.43453833100773	5661.495833333334
459.8037028176643	5749.786041666666
460.17282361344	5525.874791666666
460.54190071017723	5768.900416666666
460.9109340997186	5383.882291666667
461.2799237739068	5270.10625
461.64886972458436	5431.213125000001
462.01777194359374	5257.363333333334
462.38663042277767	5921.815416666667
462.75544515397866	5169.073125
463.1242161290393	5066.219583333333
463.49294333980225	4890.5493750000005
463.86162677810995	4836.847083333333
464.2302664358051	4824.104166666667
464.5988623047302	4683.932083333333
464.96741437672785	4534.657916666667
465.3359226436407	4887.818749999999
465.70438709731116	4978.839583333333
466.0728077295821	4464.571875000001
466.4411845322957	4237.019791666667
466.8095174972949	4325.31
467.1778066164222	4018.569791666667
467.54605188151993	4037.6841666666664
467.914253284431	4484.596458333333
468.2824108169978	3914.8060416666667
468.65052447106297	3908.434583333333
469.0185942384692	3953.9449999999997
469.38662011105873	3740.9562499999997
469.75460208067443	3751.87875
470.1225401391589	3673.6008333333334
470.49043427835454	3553.4533333333334
470.85828449010404	3869.295625
471.22609076624997	3494.2897916666666
471.5938530986349	3452.4202083333334
471.96157147910145	3777.3645833333335
472.3292458994921	3505.2122916666667
472.69687635164945	3574.388125
473.06446282741626	3735.4950000000003
473.4320053186349	3669.049791666667
473.7995038171479	3608.976041666667
474.1669583147982	3614.4372916666666
474.5343688034279	4399.9470833333335
474.90173527488	3661.768125
475.26905772099684	3740.0460416666665
475.63633613362094	4346.244791666667
476.0035705045952	3855.6425
476.3707608257619	3973.969583333333
476.7379070889637	4012.1983333333337
477.1050092860433	3947.5735416666666
477.4720674088431	4604.7439583333335
477.8390814492057	4008.5575000000003
478.2060513989739	4090.4762499999997
478.57297724998995	4004.0064583333333
478.9398589940967	4083.194583333334
479.30669662313665	4170.574583333334
479.67349012895227	4371.730625
480.04023950338626	4559.233541666667
480.4069447382812	4251.583125
480.77360582547965	4400.857291666666
481.1402227568242	4870.524791666667
481.5067955241573	4499.159791666666
481.8733241193217	4568.335625
482.23980853416	4521.915
482.60624876051463	4548.311041666667
482.97264479022823	4706.687291666666
483.3389966151434	4896.010625
483.70530422710266	4841.398125
484.0715676179487	4819.553124999999
484.43778677952406	4976.108958333333
484.80396170367123	5035.2725
485.170092382233	4983.390625
485.53617880705167	5413.919166666667
485.90222096996996	5854.46
486.2682188628305	5786.194375
486.63417247747583	5378.421041666667
487.0000818057485	6163.020625
487.36594683949113	5924.546041666667
487.73176757054625	6055.616041666667
488.09754399075644	6308.653958333333
488.46327609196436	6249.490416666667
488.8289638660125	6371.458333333333
489.19460730474356	6609.022708333333
489.56020639999997	7903.338958333334
489.9257611436244	6853.868750000001
490.29127152745946	7198.837708333333
490.65673754334756	7377.238541666667
491.0221591831315	7528.333125
491.3875364386538	7810.497708333333
491.75286930175685	8047.151875
492.11815776428347	8879.9925
492.4834018180762	9048.381041666666
492.8486014549774	8757.114375000001
493.21375666683	9248.626875
493.5788674454763	9523.50979166667
493.94393378275896	10522.918541666666
494.30895567052073	10201.615
494.67393310060385	10415.513958333333
495.0388660648512	11053.57
495.4037545551053	11458.612708333334
495.76859856320857	11804.491875
496.1333980810037	12414.331458333332
496.49815310033335	12488.058333333334
496.8628636130399	13192.559583333334
497.22752961096626	13250.812916666668
497.59215108595464	13760.529583333331
497.95672802984774	14186.507083333336
498.3212604344883	15198.65875
498.6857482917187	14971.106666666667
499.05019159338167	15812.139166666666
499.4145903313197	16172.581666666665
499.7789444973753	16789.702916666665
500.14325408339124	17617.082291666666
500.50751908121	17596.1475
500.8717394826741	18009.382083333334
501.2359152796262	18906.8475
501.6000464639089	19429.307083333333
501.9641330273647	20074.644791666666
502.3281749618363	20663.549583333337
502.69217225916606	21169.625416666666
503.0561249111968	22030.6825
503.42003290977095	22346.524791666667
503.78389624673116	22921.776458333334
504.14771491391997	23637.200208333332
504.51148890318	24431.812083333334
504.8752182063538	25020.716875
505.238902815284	25049.843541666665
505.60254272181305	26136.63229166667
505.9661379177837	26780.149583333332
506.3296883950385	27348.119583333333
506.69319414541985	27932.47333333333
507.05665516077056	30325.411041666666
507.42007143293307	29221.328333333335
507.78344295374995	29921.278541666663
508.14676971506384	31288.411458333332
508.51005170871747	31377.611875000002
508.8732889265531	31450.428541666668
509.2364813604135	32521.743750000005
509.5996290021412	33046.02375
509.9627318435789	33446.51541666667
510.325789876569	34791.80333333334
510.6888030929541	34860.979166666664
511.051771484577	35522.700625
511.41469504328	36837.041458333326
511.77757376090574	37259.378124999996
512.1404076292971	37915.63833333333
512.5031966402962	38844.050833333335
512.8659407857458	39487.568125
513.2286400574887	39698.73645833333
513.5912944473672	40354.08645833333
513.953903947224	40420.53166666667
514.3164685489018	41394.45458333333
514.6789882442428	42007.02479166666
515.04146302509	42879.004375
515.4038928832857	44008.572916666664
515.7662778106726	43652.68145833333
516.1286177990931	44073.197708333326
516.4909128403904	44993.418333333335
516.8531629264063	46058.36208333333
517.2153680489837	45900.89604166666
517.5775281999652	46595.385
517.9396433711935	46982.223541666666
518.3017135545108	47839.63979166667
518.66373874176	47791.39875
519.0257189247836	48662.46812500001
519.3876540954242	49048.39645833333
519.7495442455245	49832.08583333334
520.1113893669268	49926.7475
520.4731894514738	50742.29416666667
520.8349444910081	51529.62437499999
521.1966544773722	51607.902291666665
521.558319402409	51618.824791666666
521.9199392579607	52725.638125
522.28151403587	53167.08916666667
522.6430437279796	53561.209375
523.0045283261317	53890.70479166667
523.3659678221695	54058.183125
523.7273622079351	54333.97625
524.0887114752712	54748.121041666665
524.4500156160204	54840.052083333336
524.8112746220253	55418.94458333334
525.1724884851286	55457.17333333334
525.5336571971726	56793.35916666667
525.8947807500001	56269.07916666666
526.2558591354534	56316.409999999996
526.6168923453754	56979.951875
526.9778803716086	56678.67291666667
527.3388232059956	56886.20041666667
527.6997208403786	59124.402708333335
528.0605732666008	57749.07791666667
528.4213804765045	57657.146875
528.782142461932	58136.82666666666
529.1428592147264	58138.64708333334
529.50353072673	58307.035625
529.8641569897852	58298.84375
530.224737995735	59026.10020833334
530.5852737364216	58872.275
530.9457642036878	59259.11354166667
531.3062093893762	59267.30541666667
531.6666092853293	58923.246666666666
532.0269638833895	58961.47541666666
532.3872731753997	58641.99229166666
532.7475371532023	59223.61541666667
533.10775580864	58915.965000000004
533.4679291335551	58384.40333333334
533.8280571197906	59091.63520833334
534.1881397591887	59017.90833333333
534.5481770435923	58969.66729166667
534.9081689648438	59033.381875
535.2681155147857	58824.03395833333
535.6280166852607	58895.94041666666
535.9878724681114	58626.518749999996
536.3476828551802	58151.38999999999
536.7074478383099	58626.518749999996
537.0671674093431	58362.55833333333
537.4268415601222	58302.48458333333
537.7864702824897	58060.36916666667
538.1460535682887	57979.360625
538.5055914093612	58228.75770833334
538.8650837975499	58253.333333333336
539.2245307246978	58141.37770833333
539.5839321826469	58107.700000000004
539.9432881632401	56890.75145833334
540.30259865832	57867.405
540.6618636597291	57128.315833333334
541.0210831593098	56960.8375
541.380257148905	57536.089166666665
541.7393856203572	56885.29020833334
542.0984685655087	55821.25666666666
542.4575059762025	56910.776041666664
542.8164978442809	56189.89104166667
543.1754441615866	55904.085625
543.5343449199621	55303.348125
543.89320011125	55472.646875
544.2520097272928	54879.191041666665
544.6107737599334	55230.53145833333
544.9694922010141	54673.48395833333
545.3281650423775	55088.53895833334
545.6867922758662	54411.34395833334
546.0453738933229	54002.66041666667
546.40390988659	53638.57708333334
546.7624002475101	54273.9025
547.1208449679259	53838.822916666664
547.4792440396799	53488.39270833333
547.8375974546148	53274.49375
548.195905204573	53584.87479166667
548.5541672813971	52841.23458333333
548.91238367693	52625.51520833333
549.2705543830137	52774.78937499999
549.6286793914913	52707.433958333335
549.986758694205	52076.659583333334
550.3447922829978	52024.777708333335
550.702780149712	51603.35125
551.0607222861901	51683.449583333335
551.4186186842746	51856.38916666667
551.7764693358087	51013.536250000005
552.1342742326343	50713.1675
552.4920333665942	50629.42833333334
552.8497467295313	50862.44166666667
553.2074143132876	50579.36687500001
553.565036109706	49642.762500000004
553.9226121106294	49485.29645833333
554.2801423078997	49753.80791666667
554.63762669336	49346.94479166667
554.9950652588526	49554.472291666665
555.3524579962202	49015.628958333335
555.7098048973054	48351.176875
556.0671059539508	48904.58354166666
556.4243611579986	48702.51729166667
556.7815705012921	47695.826875
557.1387339756732	48347.536041666666
557.495851572985	47787.75791666666
557.8529232850698	47532.89958333334
558.20994910377	47127.856875
558.5669290209286	46648.177083333336
558.9238630283878	47060.50145833334
559.2807511179905	47323.551666666666
559.6375932815791	46864.806666666664
559.9943895109963	47043.2075
560.3511397980844	46190.34229166667
560.7078441346864	46555.33583333334
561.0645025126445	45821.707916666666
561.4211149238015	46383.30645833333
561.77768136	46031.96604166667
562.1342018130823	45224.611249999994
562.4906762748914	45528.62083333333
562.8471047372697	45494.03291666667
563.2034871920595	44772.237708333334
563.5598236311037	45105.37395833333
563.9161140462448	45161.806875
564.2723584293254	44867.80958333333
564.6285567721882	44309.85187499999
564.9847090666755	44049.53229166666
565.34081530463	43968.52375
565.6968754778943	44577.453125
566.052889578311	43898.43770833333
566.4088575977227	44311.67229166667
566.7647795279719	43350.49229166666
567.1206553609012	43175.73229166667
567.4764850883533	42979.127291666664
567.8322687021706	42585.917291666665
568.1880061941957	43031.00916666666
568.5436975562714	42321.04666666667
568.89934278024	42327.418125
569.2549418579441	42093.49458333334
569.6104947812267	41897.79979166667
569.9660015419297	41157.800416666665
570.3214621318963	40861.0725
570.6768765429688	40774.60270833334
571.0322447669896	40497.899375
571.3875667958016	39964.51729166667
571.7428426212473	40357.72729166666
572.0980722351692	39390.175833333335
572.45325562941	39389.265625
572.8083927958121	39145.32979166666
573.1634837262183	39352.85729166667
573.5185284124709	38944.17375000001
573.8735268464127	38552.78416666667
574.2284790198863	38305.2075
574.5833849247341	37889.24229166667
574.9382445527988	37851.01354166667
575.293057895923	37430.49729166667
575.6478249459491	37047.29958333333
576.0025456947199	36940.80520833333
576.357220134078	36928.06229166667
576.7118482558658	36536.67270833333
577.066430051926	35864.93895833333
577.4209655141011	35807.59583333333
577.7754546342337	35715.66479166667
578.1298974041664	35287.866875
578.4842938157419	34854.60770833333
578.8386438608024	35032.098333333335
579.192947531191	34286.63770833333
579.54720481875	34048.163125
579.9014157153218	33320.90666666667
580.2555802127495	33444.695
580.609698302875	33094.26479166667
580.9637699775415	32738.373333333333
581.3177952285913	32666.466875000002
581.6717740478667	32573.625625
582.0257064272109	31895.520416666666
582.3795923584662	31475.914374999997
582.7334318334749	31858.201875000002
583.08722484408	31635.200833333332
583.4409713821237	31429.493749999998
583.794671439449	30805.090833333332
584.1483250078983	31205.5825
584.501932079314	30775.053958333334
584.8554926455387	30278.08020833333
585.2090066984154	30318.129375
585.5624742297861	29877.588541666668
585.9158952314937	29861.204791666667
586.2692696953808	29767.453333333335
586.6225976132899	29461.623333333333
586.9758789770636	29368.782083333335
587.3291137785446	29153.972916666666
587.6823020095754	28961.918958333332
588.0354436619982	29048.38875
588.3885387276563	28760.76291666667
588.7415871983918	28341.156875
589.0945890660471	28744.379166666666
589.4475443224653	28447.65125
589.8004529594888	28468.58604166667
590.15331496896	28714.342291666664
590.5061303427216	28714.342291666664
590.8588990726163	28402.140833333335
591.2116211504864	28293.826041666664
591.5642965681747	28311.12
591.9169253175238	27676.704791666667
592.269507390376	27978.89395833333
592.6220427785742	27996.187916666666
592.974531473961	28099.041458333333
593.3269734683787	28292.915833333333
593.6793687536699	27858.746458333335
594.0317173216775	27834.170833333334
594.3840191642438	27948.857083333332
594.7362742732114	27678.525208333333
595.0884826404231	27621.182083333333
595.4406442577213	27534.712291666667
595.7927591169484	27727.67645833333
596.1448272099474	27753.162291666667
596.4968485285606	27820.517708333336
596.8488230646306	27491.022291666668
597.2007508099999	27338.107291666664
597.5526317565115	27480.099791666667
597.9044658960074	28149.102916666667
598.2562532203306	27256.188541666666
598.6079937213235	27182.46166666667
598.9596873908287	26798.35375
599.3113342206889	26840.22333333333
599.6629342027466	26670.924583333337
600.0144873288441	28170.947916666668
600.3659935908244	26489.793125
600.71745298053	26108.415833333333
601.0688654898032	26167.579375
601.4202311104871	26652.720416666667
601.7715498344237	26031.048125
602.1228216534558	26486.15229166667
602.4740465594261	26031.958333333332
602.8252245441772	26044.70125
603.1763555995517	25565.021458333333
603.5274397173916	25372.9675
603.8784768895403	25349.302083333332
604.22946710784	25317.44479166667
604.5804103641332	25294.689583333336
604.9313066502625	25625.095208333336
605.2821559580708	24916.04291666667
605.6329582794003	25003.422916666666
605.9837136060937	25038.010833333334
606.3344219299937	24719.437916666666
606.6850832429426	25159.068541666667
607.0356975367833	24428.17125
607.3862648033582	25170.90125
607.73678503451	24306.203333333335
608.0872582220811	24131.443333333333
608.4376843579142	24054.98583333333
608.7880634338519	24222.46416666667
609.1383954417366	23706.376041666663
609.4886803734113	23662.686041666664
609.838918220718	23380.521458333333
610.1891089754997	23240.349375
610.5392526295989	23022.809583333335
610.8893491748582	22933.609166666665
611.2393986031199	22714.248958333334
611.589400906227	22569.525833333333
611.9393560760218	22548.59104166667
612.289264104347	22228.197708333337
612.6391249830451	21895.971666666665
612.9889387039588	22155.381041666667
613.3387052589305	21772.18333333333
613.6884246398027	21609.256041666667
614.0380968384185	21509.133124999997
614.38772184662	21257.005416666667
614.7372996562499	21246.993125000005
615.0868302591509	21282.49125
615.4363136471654	21046.74729166667
615.785749812136	20984.853125
616.1351387459055	20858.334166666667
616.4844804403161	20698.1375
616.8337748872108	20567.977708333332
617.1830220784319	20318.580625000002
617.5322220058221	20333.143958333334
617.8813746612238	20102.861249999998
618.2304800364799	20232.110833333332
618.5795381234328	19898.974583333333
618.9285489139249	19894.423541666667
619.2775123997992	19718.753333333338
619.6264285728979	19550.364791666667
619.9752974250638	19328.27395833333
620.3241189481392	19209.946875
620.6728931339671	19027.905208333334
621.0216199743898	18770.31625
621.3702994612498	18976.933541666665
621.71893158639	18737.54875
622.0675163416527	18674.744375
622.4160537188806	18330.685625
622.7645437099163	18143.182708333334
623.1129863066024	18025.765833333335
623.4613815007812	18114.966249999998
623.8097292842956	17759.985
624.1580296489882	17811.866874999996
624.5062825867013	17496.93479166667
624.8544880892778	17542.44520833333
625.20264614856	17283.03583333333
625.5507567563906	17187.463958333334
625.8988199046122	16726.898541666666
626.2468355850674	16877.993125
626.5948037895986	16686.849375
626.9427245100487	16544.856874999998
627.2905977382602	16224.463541666666
627.6384234660752	16282.716874999998
627.9862016853368	16431.08083333333
628.3339323878878	16079.740416666667
628.6816155655699	15930.46625
629.0292512102264	16100.675208333332
629.3768393136999	16933.515833333335
629.7243798678326	15807.588125
630.071872864467	16299.100625000001
630.4193182954463	15641.019999999999
630.7667161526125	15206.850625
631.1140664278083	15175.903541666667
631.4613691128765	14952.902499999998
631.8086241996596	14748.105624999998
632.1558316799999	14985.67
632.5029915457404	14657.084791666666
632.8501037887233	14541.488333333335
633.1971684007915	14398.585625
633.5441853737874	14168.302916666667
633.8911546995539	13885.228125
634.2380763699327	13892.509791666665
634.5849503767676	14012.657291666668
634.9317767119002	13643.112708333332
635.2785553671735	13569.385833333334
635.6252863344299	13320.898958333333
635.9719696055123	13142.498125
636.318605172263	13237.159791666665
636.6651930265247	12972.289166666667
637.0117331601399	12855.782500000001
637.3582255649512	12675.56125
637.7046702328013	12726.532916666669
638.0510671555326	12532.658541666666
638.3974163249877	12279.620624999998
638.7437177330092	12145.82
639.08997137144	14333.960833333333
639.4361772321222	11976.52125
639.7823353068986	11831.798125000001
640.1284455876117	11780.826458333331
640.4745080661042	11575.119375
640.8205227342187	11433.126875000002
641.1664895837977	11209.215624999999
641.5124086066837	11142.770416666666
641.8582797947192	11084.517083333334
642.2041031397473	11180.999166666666
642.54987863361	11044.467916666666
642.8956062681501	10908.846875
643.2412860352101	10901.565208333333
643.586917926633	10651.257916666667
643.9325019342607	10638.515
644.2780380499362	10505.624583333332
644.623526265502	10294.45625
644.9689665728008	10364.542291666667
645.3143589636749	10344.517708333335
645.6597034299672	10217.088541666666
646.00499996352	10204.345625
646.3502485561759	10454.652916666666
646.6954491997778	9859.376666666665
647.040601886168	9723.755625
647.385706607189	9779.278333333334
647.7307633546837	9702.820833333333
648.0757721204944	9567.199791666666
648.4207328964637	9342.378333333332
648.7656456744345	9328.725208333335
649.1105104462491	9341.468125
649.4553272037499	9126.658958333333
649.8000959387799	9161.246874999999
650.1448166431815	9395.170416666666
650.4894893087971	9042.009583333334
650.8341139274694	8858.1475
651.1786904910413	8656.081250000001
651.5232189913548	8715.244791666666
651.867699420253	8625.134166666665
652.2121317695781	8441.272083333335
652.5565160311729	8404.86375
652.9008521968799	8338.418541666666
653.2451402585418	8123.609375
653.589380208001	8210.989375
653.9335720371001	8418.516875
654.2777157376819	8017.115000000001
654.6218113015888	7987.988333333334
654.9658587206632	7776.82
655.3098579867482	8038.049791666667
655.6538090916857	7874.212291666667
655.9977120273187	7625.725416666667
656.34156678549	7530.153541666667
656.6853733580418	7731.309583333333
657.0291317368166	7547.447499999999
657.3728419136573	7712.1952083333335
657.7165038804063	7303.511666666666
658.0601176289063	7360.854791666668
658.4036831509995	7196.107083333333
658.7472004385293	7242.527708333334
659.0906694833374	7323.53625
659.4340902772667	7192.46625
659.77746281216	7169.7110416666665
660.1207870798596	7224.323541666668
660.4640630722082	6993.130625000001
660.8072907810484	6832.933958333334
661.1504701982227	6959.452916666666
661.4936013155738	6731.900833333333
661.8366841249441	6648.161666666667
662.1797186181763	6663.635208333333
662.5227047871128	6505.258958333333
662.8656426235966	6731.900833333333
663.2085321194701	6599.920625
663.5513732665754	6349.613333333334
663.8941660567558	6214.902499999999
664.2369104818536	6299.551875
664.5796065337111	6187.59625
664.9222542041712	6157.559375
665.2648534850765	6153.918541666666
665.6074043682694	6360.535833333332
665.9499068455925	6232.196458333333
666.2923609088887	5954.582916666667
666.63476655	5934.558333333334
666.9771237607694	5757.977916666666
667.3194325330395	5967.325833333333
667.6616928586526	5875.394791666667
668.0039047294514	5700.634791666666
668.3460681372787	5670.597916666667
668.6881830739768	5653.303958333334
669.0302495313884	5505.850208333333
669.3722675013561	6129.342916666667
669.7142369757223	5711.557291666667
670.0561579463299	5437.584583333333
670.3980304050212	5473.992916666666
670.7398543436391	5455.78875
671.0816297540256	5139.03625
671.4233566280238	5783.46375
671.7650349574764	5271.016458333333
672.1066647342252	5197.289583333332
672.4482459501136	5132.664791666667
672.7897785969838	5676.969375000001
673.1312626666784	5017.978541666666
673.4726981510399	5033.452083333334
673.8140850419113	5141.766875
674.1554233311347	4854.141041666667
674.4967130105528	4915.125
674.8379540720083	4886.908541666668
675.1791465073437	5172.713958333334
675.5202903084016	5182.72625
675.8613854670248	4704.866875
676.2024319750553	4708.5077083333335
676.5434298243362	4881.447291666666
676.88437900671	4699.405625
677.2252795140191	4637.511458333333
677.5661313381062	4637.511458333333
677.9069344708139	4428.163541666666
678.2476889039847	4425.432916666666
678.5883946294612	4382.653125
678.9290516390861	4270.6975
679.2696599247018	4474.5841666666665
679.6102194781508	4323.489583333333
679.9507302912762	4263.4158333333335
680.29119235592	4332.591666666666
680.631605663925	4359.897916666666
680.9719702071338	4163.292916666666
681.312285977389	4191.509375000001
681.6525529665331	4261.595416666667
681.9927711664087	4249.762708333333
682.3329405688585	4036.773958333333
682.6730611657248	3958.4960416666668
683.0131329488505	4125.064166666666
683.353155910078	3892.961041666667
683.6931300412499	4000.365625
684.0330553342089	3941.202083333333
684.3729317807973	3867.4752083333333
684.7127593728582	3800.1197916666665
685.0525381022335	3872.9364583333336
685.3922679607663	3637.1924999999997
685.7319489402989	3689.9845833333334
686.0715810326739	3734.5847916666667
686.4111642297341	3623.539375
686.750698523322	3523.416458333333
687.0901839052799	3599.8739583333336
687.4296203674508	3465.1631249999996
687.7690079016771	3474.265208333333
688.1083464998012	3475.175416666667
688.4476361536658	3395.0770833333336
688.7868768551137	3443.318125
689.1260685959872	3364.1299999999997
689.465211368129	3375.962708333333
689.8043051633817	3554.363541666667
690.1433499735879	3409.6404166666666
690.48234579059	4279.799583333333
690.8212926062307	4021.3004166666665
691.1601904123526	3285.852083333333
691.4990392007982	3251.2641666666664
691.8378389634104	3050.108125
692.1765896920311	3130.2064583333336
692.5152913785035	3081.0552083333337
692.8539440146701	3011.879375
693.1925475923734	3414.1914583333332
693.5311021034557	3107.45125
693.86960753976	17293.958333333332
694.2080638931286	3732.764375
694.5464711554041	2991.8547916666666
694.8848293184293	2913.576875
695.2231383740468	3147.5004166666663
695.5613983140987	2887.1808333333333
695.899609130428	2813.4539583333335
696.2377708148773	2860.7847916666665
696.5758833592889	2745.1883333333335
696.9139467555057	2870.797083333333
697.25196099537	2841.6704166666664
697.5899260707245	2953.6260416666664
697.9278419734118	2969.099583333333
698.2657086952745	2681.4737499999997
698.603526228155	2739.727083333333
698.9412945638961	3012.789583333333
699.2790136943405	2663.2695833333332
699.6166836113304	2702.408541666667
699.9543043067085	2841.6704166666664
700.2918757723176	2813.4539583333335
700.629398	2760.661875
700.9668709815984	2572.24875
701.3042947089555	2574.979375
701.6416691739137	2785.2374999999997
701.9789943683154	2683.2941666666666
702.3162702840036	2523.0975
702.6534969128209	2476.6768750000006
702.9906742466095	2301.9168750000003
703.3278022772121	2583.17125
703.6648809964715	2348.3375
704.00191039623	2250.0350000000003
704.3388904683302	2322.851666666667
704.6758212046151	2235.471666666667
705.0127025969267	2513.0852083333334
705.3495346371078	2306.4679166666665
705.6863173170012	2471.2156250000003
706.0230506284493	2227.2797916666664
706.3597345632945	2144.450833333334
706.6963691133798	2298.2760416666665
707.0329542705473	2102.5812499999997
707.3694900266399	2349.247708333333
707.7059763735002	2118.054791666667
708.0424133029707	2238.2022916666665
708.3788008068938	2086.1975
708.7151388771123	2258.226875
709.0514275054688	2209.075625
709.3876666838056	2305.5577083333333
709.7238564039657	2081.646458333333
710.0599966577913	2033.4054166666665
710.3960874371253	2219.998125
710.73212873381	2223.6389583333334
711.0681205396882	2777.045625
711.4040628466022	23081.973125
711.7399556463948	3188.4597916666667
712.0757989309087	2047.0585416666665
712.4115926919862	2056.160625
712.7473369214699	1943.2947916666665
713.0830316112028	1893.2333333333333
713.418676753027	1971.5112500000002
713.7542723387851	1909.6170833333333
714.08981836032	1843.171875
714.425314809474	2111.683333333333
714.7607616780898	1896.8741666666665
715.09615895801	1864.1066666666666
715.4315066410772	1813.135
715.7668047191336	1884.1312500000001
716.1020531840225	1915.9885416666666
716.4372520275859	1811.3145833333335
716.7724012416666	1949.6662500000002
717.107500818107	1834.0697916666668
717.44255074875	1808.5839583333334
717.777551025438	1776.7266666666667
718.1125016400134	1736.6775
718.4474025843191	1720.2937499999998
718.7822538501974	1930.551875
719.1170554294912	1815.8656250000001
719.4518073140429	1718.4733333333334
719.7865094956949	1817.6860416666666
720.1211619662901	1778.5470833333331
720.4557647176711	1790.3797916666665
720.7903177416799	1640.1954166666665
721.1248210301598	1798.5716666666667
721.459274574953	1833.159583333333
721.7936783679021	1777.6368750000001
722.1280324008497	1639.2852083333335
722.4623366656388	1697.5385416666668
722.7965911541114	1718.4733333333334
723.13079585811	2247.304375
723.4649507694777	1894.1435416666666
723.7990558800569	1674.783333333333
724.13311118169	1701.179375
724.4671166662197	1611.0687500000001
724.8010723254887	1623.8116666666667
725.1349781513393	1635.6443749999999
725.4688341356142	1785.82875
725.8026402701563	1620.1708333333333
726.1363965468076	1611.9789583333331
726.4701029574111	1731.2162500000002
726.8037594938094	1688.4364583333333
727.1373661478447	1764.8939583333333
727.4709229113599	1625.6320833333332
727.8044297761977	1523.68875
728.1378867342002	1487.2804166666665
728.4712937772103	1577.3910416666668
728.8046508970707	1507.305
729.1379580856236	1487.2804166666667
729.4712153347119	1546.4439583333333
729.8044226361783	1573.7502083333331
730.137579981865	1603.7870833333334
730.4706873636146	1588.3135416666667
730.80374477327	1627.4525
731.1367522026735	1666.5914583333333
731.4697096436678	1485.4599999999998
731.8026170880954	1699.3589583333335
732.1354745277993	1675.6935416666665
732.4682819546213	1611.9789583333331
732.8010393604045	1684.795625
733.1337467369915	1808.5839583333334
733.4664040762245	1584.6727083333335
733.7990113699465	1504.5743750000001
734.1315686099999	1585.5829166666665
734.4640757882273	1756.7020833333333
734.7965328964714	1579.2114583333332
735.1289399265746	1627.4525
735.4612968703796	1498.2029166666669
735.7936037197286	1830.4289583333332
736.1258604664649	1452.6924999999999
736.4580671024305	1444.500625
736.7902236194681	1430.8474999999999
737.1223300094205	1436.3087500000001
737.45438626413	1375.3247916666667
737.7863923754393	1529.1499999999999
738.118348335191	1370.77375
738.4502541352277	1439.9495833333333
738.7821097673918	1490.92125
739.1139152235262	1498.2029166666664
739.4456704954733	1592.8645833333333
739.7773755750756	1506.3947916666666
740.1090304541757	1355.3002083333333
740.4406351246164	1388.9779166666667
740.7721895782399	1751.2408333333333
741.1036938068892	1590.1339583333336
741.4351478024066	1402.6310416666665
741.7665515566348	1608.3381250000002
742.0979050614163	1737.5877083333332
742.4292083085937	1698.4487500000002
742.7604612900096	1593.7747916666667
743.0916639975067	1589.22375
743.4228164229273	1381.69625
743.7539185581142	1286.124375
744.0849703949099	1485.46
744.4159719251571	1451.7822916666667
744.7469231406983	1401.7208333333335
745.0778240333758	1555.5460416666665
745.4086745950326	1353.4797916666666
745.7394748175113	1610.1585416666665
746.0702246926539	1402.6310416666668
746.4009242123037	1464.5252083333332
746.731573368303	1432.6679166666665
747.0621721524942	1426.2964583333332
747.39272055672	1387.1575
747.723218572823	1440.8597916666668
748.0536661926458	1429.9372916666664
748.384063408031	1269.7406250000001
748.7144102108211	1397.1697916666665
749.0447065928587	1600.1462499999998
749.3749525459865	1388.0677083333333
749.7051480620469	1500.0233333333333
750.0352931328825	1385.3370833333336
750.365387750336	1530.9704166666668
750.6954319062501	1372.5941666666665
751.025425592467	1423.5658333333333
751.3553688008293	1327.08375
751.6852615231801	1348.92875
752.0151037513616	1742.13875
752.3448954772161	1511.8560416666667
752.6746366925869	1642.0158333333336
753.004327389316	1646.5668750000002
753.333967559246	2009.7399999999998
753.66355719422	1466.345625
753.99309628608	1378.0554166666668
754.3225848266688	1479.99875
754.652022807829	1389.8881250000002
754.9814102214033	1336.1858333333332
755.3107470592339	1439.9495833333333
755.6400333131637	1434.4883333333335
755.9692689750353	1443.5904166666667
756.298454036691	1332.545
756.6275884899737	1456.3333333333333
756.9566723267259	1394.4391666666668
757.28570553879	1488.190625
757.6146881180086	1579.2114583333332
757.9436200562246	1359.85125
758.2725013452803	1277.9325
758.6013319770183	1615.6197916666667
758.9301119432813	1447.23125
759.2588412359117	1294.31625
759.5875198467521	1226.9608333333333
759.9161477676453	1546.4439583333333
760.2447249904338	1355.3002083333333
760.5732515069599	1302.508125
760.9017273090666	1380.7860416666665
761.2301523885964	1596.5054166666666
761.5585267373914	1395.3493749999998
761.8868503472946	1371.683958333333
762.2151232101487	1432.6679166666665
762.5433453177961	1448.1414583333333
762.8715166620792	1442.6802083333332
763.1996372348409	1242.434375
763.5277070279236	1453.602708333333
763.85572603317	1335.275625
764.1836942424226	1314.3408333333334
764.5116116475239	1509.1254166666668
764.8394782403163	1350.7491666666667
765.1672940126431	1327.9939583333332
765.4950589563462	1280.6631249999998
765.8227730632684	1297.046875
766.1504363252524	1315.2510416666667
766.4780487341407	1421.7454166666666
766.8056102817754	1396.2595833333332
767.13312096	1554.6358333333335
767.4605807606565	1309.7897916666668
767.7879896755875	1240.6139583333334
768.1153476966355	1453.602708333333
768.4426548156436	1459.0639583333334
768.7699110244537	1434.4883333333335
769.0971163149088	1657.489375
769.4242706788516	1403.5412500000002
769.7513741081242	1344.3777083333334
770.0784265945695	1329.8143750000002
770.40542813003	1371.6839583333333
770.7323787063482	1376.235
771.059278315367	1642.9260416666666
771.3861269489287	1521.8683333333336
771.7129245988758	1538.2520833333335
772.0396712570512	1435.3985416666667
772.3663669152974	1427.2066666666667
772.6930115654565	1391.7085416666666
773.0196051993717	1381.69625
773.3461478088853	1411.733125
773.6726393858401	1345.2879166666667
773.9990799220781	1317.071458333333
774.3254694094426	1455.423125
774.6518078397759	1558.2766666666666
774.9780952049204	1327.9939583333335
775.3043314967188	1360.7614583333334
775.6305167070137	1462.7047916666668
775.9566508276476	1479.0885416666667
776.2827338504633	1408.0922916666666
776.6087657673032	1415.3739583333333
776.93474657001	1338.9164583333334
777.2606762504261	1308.8795833333334
777.5865548003943	1403.54125
777.9123822117568	1348.92875
778.2381584763566	1291.585625
778.5638835860362	1378.0554166666668
778.889557532638	1301.5979166666666
779.2151803080047	1483.6395833333333
779.540751903979	1622.9014583333335
779.8662723124031	1286.124375
780.1917415251199	1304.3285416666668
780.5171595339721	1498.2029166666664
780.8425263308019	1452.6924999999999
781.1678419074518	1602.876875
781.493106255765	1411.733125
781.8183193675837	1473.6272916666667
782.1434812347505	1322.5327083333334
782.4685918491078	1466.345625
782.7936512024986	1287.0345833333333
783.118659286765	1321.6225
783.4436160937499	1621.99125
783.768521615296	1262.4589583333334
784.0933758432454	2019.7522916666665
784.418178769441	1316.1612499999999
784.7429303857256	1439.039375
785.0676306839412	1266.0997916666668
785.3922796559308	1284.3039583333332
785.716877293537	1297.9570833333335
786.0414235886021	1382.6064583333334
786.3659185329689	1310.7
786.69036211848	1358.0308333333335
787.0147543369778	1682.0649999999998
787.339095180305	1388.9779166666667
787.6633846403042	1307.969375
787.987622708818	1290.6754166666667
788.3118093776886	1353.4797916666669
788.6359446387593	1481.819166666667
788.9600284838722	1401.7208333333335
789.2840609048698	1320.7122916666667
789.6080418935949	1372.5941666666668
789.93197144189	1267.9202083333332
790.2558495415977	1312.5204166666665
790.5796761845605	1425.3862499999998
790.9034513626214	1363.4920833333333
791.2271750676223	1413.553541666667
791.5508472914062	1326.1735416666668
791.8744680258158	1298.8672916666667
792.1980372626931	1479.99875
792.5215549938813	1409.9127083333333
792.8450212112227	1666.5914583333333
793.16843590656	1614.7095833333333
793.4917990717355	1507.305
793.8151106985922	1475.4477083333331
794.1383707789723	1216.9485416666666
794.4615793047186	1436.30875
794.7847362676737	1501.84375
795.1078416596802	1428.116875
795.4308954725801	1246.9854166666667
795.7538976982169	1570.109375
796.0768483284327	3884.7691666666665
796.3997473550701	1807.67375
796.7225947699715	1532.7908333333332
797.0453905649798	1449.0516666666665
797.3681347319375	1236.9731250000002
797.690827262687	1274.2916666666667
798.0134681490712	1278.8427083333333
798.3360573829325	1442.6802083333332
798.6585949561133	1395.349375
798.9810808604566	1398.9902083333334
799.3035150878045	1381.69625
799.6258976299999	1795.8410416666666
799.9482284788854	1459.0639583333334
800.2705076263034	1776.7266666666667
800.5927350640966	1384.426875
800.9149107841075	1508.2152083333333
801.2370347781787	1672.9629166666666
801.5591070381528	1368.9533333333331
801.8811275558725	1376.235
802.2030963231803	1422.655625
802.5250133319183	1479.0885416666667
802.84687857393	1305.2387499999998
803.1686920410574	1536.4316666666666
803.4904537251431	1510.9458333333332
803.8121636180297	1450.8720833333334
804.13382171156	1371.6839583333333
804.4554279975763	1243.3445833333335
804.7769824679212	1444.500625
805.0984851144376	1471.8068750000002
805.4199359289677	1420.8352083333332
805.7413349033543	1344.3777083333334
806.06268202944	1348.0185416666666
806.3839772990672	1395.349375
806.7052207040786	2422.064375
807.0264122363169	1487.2804166666665
807.3475518876243	1352.5695833333334
807.6686396498436	1329.8143750000002
807.9896755148177	1280.663125
808.3106594743887	1449.0516666666665
808.6315915203992	1550.995
808.9524716446922	1312.5204166666665
809.2732998391101	1287.0345833333333
809.594076095495	1430.8474999999999
809.9148004056901	1299.7775
810.235472761538	1331.6347916666666
810.5560931548807	1378.0554166666668
810.8766615775612	1327.08375
811.1971780214221	1284.3039583333332
811.5176424783058	1284.3039583333334
811.8380549400548	1306.1489583333334
812.1584153985121	1388.0677083333333
812.4787238455199	1297.9570833333335
812.7989802729209	1304.3285416666668
813.1191846725578	1430.8474999999999
813.4393370362732	1406.2718750000001
813.759437355909	1486.3702083333335
814.0794856233088	1482.7293750000001
814.3994818303146	1277.9325
814.7194259687689	1283.39375
815.0393180305146	1316.16125
815.3591580073941	1447.23125
815.6789458912499	1302.508125
815.9986816739249	1303.4183333333333
816.3183653472614	1349.8389583333333
816.637996903102	1420.8352083333332
816.9575763332895	1520.0479166666664
817.2771036296664	1834.0697916666668
817.5965787840748	1343.4675
817.9160017883579	1548.264375
818.2353726343582	1463.615
818.5546913139178	1284.3039583333334
818.87395781888	1360.7614583333334
819.1931721410868	1271.5610416666666
819.5123342723809	1687.52625
819.8314442046052	1263.3691666666666
820.1505019296019	1424.4760416666666
820.4695074392138	1363.4920833333333
820.7884607252832	1260.6385416666665
821.107361779653	1362.581875
821.4262105941658	1307.0591666666667
821.7450071606638	1306.1489583333332
822.0637514709899	1545.5337499999998
822.3824435169868	1501.84375
822.7010832904965	1480.9089583333334
823.0196707833622	2259.1370833333335
823.3382059874264	1425.3862499999998
823.6566888945312	1302.508125
823.9751194965196	1257.9079166666668
824.2934977852343	1376.235
824.6118237525172	1303.4183333333333
824.9300973902117	1191.4627083333332
825.24831869016	1321.6225000000002
825.5664876442045	1467.2558333333334
825.8846042441882	1487.2804166666665
826.2026684819534	1289.7652083333332
826.5206803493426	1397.1697916666665
826.8386398381987	1453.602708333333
827.156546940364	1406.2718750000001
827.4744016476814	1340.736875
827.7922039519929	1402.6310416666665
828.1099538451416	2903.5645833333333
828.42765131897	1410.8229166666667
828.7452963653204	1420.8352083333332
829.0628889760359	1341.6470833333333
829.3804291429586	1335.275625
829.697916857931	1289.7652083333332
830.0153521127962	1273.3814583333333
830.3327348993965	1274.2916666666667
830.6500652095742	1338.0062500000001
830.9673430351726	1421.7454166666666
831.2845683680337	1537.341875
831.6017411999999	1314.3408333333334
831.9188615229143	1550.995
832.2359293286195	1648.3872916666667
832.5529446089574	1396.2595833333332
832.8699073557715	1381.69625
833.1868175609037	1289.7652083333335
833.5036752161967	1239.70375
833.8204803134935	1398.08
834.1372328446362	1291.585625
834.4539328014675	1349.8389583333333
834.7705801758299	1327.08375
835.0871749595664	1368.9533333333336
835.4037171445192	1263.3691666666666
835.7202067225306	1177.8095833333334
836.0366436854439	1188.7320833333333
836.3530280251014	1394.4391666666668
836.6693597333452	1451.7822916666664
836.9856388020186	1432.6679166666665
837.3018652229639	1383.5166666666664
837.6180389880233	1435.3985416666667
837.9341600890399	1356.2104166666666
838.2502285178563	1292.4958333333334
838.5662442663146	1267.9202083333332
838.8822073262578	1327.9939583333332
839.1981176895283	1366.2227083333335
839.5139753479687	1289.7652083333335
839.8297802934217	1313.430625
840.1455325177297	1282.4835416666667
840.4612320127352	1325.2633333333333
840.7768787702812	1447.2312499999998
841.0924727822099	1398.08
841.4080140403643	1215.128125
841.7235025365862	1283.39375
842.038938262719	1307.0591666666667
842.3543212106048	1249.7160416666666
842.6696513720862	1429.0270833333334
842.9849287390061	2047.0585416666665
843.3001533032069	1379.8758333333335
843.6153250565309	1366.2227083333335
843.9304439908211	1332.545
844.24551009792	1305.2387500000002
844.5605233696699	1322.5327083333334
844.8754837979137	1314.3408333333334
845.190391374494	1292.4958333333334
845.5052460912531	1330.7245833333334
845.8200479400336	1394.4391666666668
846.1347969126784	2316.480208333333
846.4494930010297	1378.9656249999998
846.7641361969305	1517.3172916666665
847.0787264922232	1648.3872916666667
847.3932638787498	1672.9629166666666
847.7077483483539	1233.3322916666666
848.0221798928775	1301.5979166666666
848.3365585041632	1598.3258333333333
848.6508841740534	1311.6102083333333
848.9651568943913	1246.0752083333334
849.2793766570189	2991.8547916666666
849.5935434537789	1649.2975
849.9076572765141	1267.01
850.221718117067	1272.4712499999998
850.5357259672799	1461.7945833333335
850.8496808189958	1221.4995833333332
851.1635826640571	1293.4060416666666
851.4774314943061	1329.814375
851.7912273015859	1341.6470833333333
852.1049700777388	1276.1120833333332
852.4186598146072	1551.9052083333333
852.732296504034	1186.9116666666666
853.0458801378618	1209.6668750000001
853.3594107079327	1267.9202083333332
853.67288820609	1277.0222916666664
853.9863126241758	1358.9410416666667
854.2996839540325	1302.508125
854.6130021875033	1285.2141666666666
854.9262673164303	1470.8966666666668
855.2394793326564	1258.818125
855.5526382280236	1268.8304166666667
855.8657439943752	1273.3814583333333
856.1787966235535	1297.9570833333335
856.4917961074007	1259.7283333333335
856.80474243776	1308.8795833333334
857.1176356064736	1338.9164583333331
857.4304756053841	1434.4883333333335
857.7432624263345	1348.0185416666666
858.0559960611668	1510.9458333333332
858.3686765017236	1240.6139583333334
858.681303739848	1236.0629166666668
858.9938777673823	1196.01375
859.3063985761688	1954.2172916666668
859.6188661580505	1277.9325
859.93128050487	1306.1489583333334
860.2436416084694	1202.3852083333334
860.5559494606917	1236.0629166666668
860.8682040533795	1265.1895833333333
861.1804053783749	1213.3077083333333
861.4925534275212	1145.0420833333335
861.8046481926605	1241.5241666666666
862.1166896656355	1184.1810416666667
862.4286778382884	1139.5808333333334
862.7406127024626	1355.3002083333333
863.0524942500001	1210.5770833333333
863.3643224727433	1216.9485416666666
863.6760973625354	1417.194375
863.9878189112187	1288.8549999999998
864.2994871106355	1303.4183333333333
864.6111019526287	1486.3702083333335
864.9226634290409	1187.821875
865.2341715317144	1611.9789583333334
865.5456262524921	1294.31625
865.8570275832164	1345.2879166666667
866.1683755157298	1137.7604166666667
866.4796700418752	1266.0997916666665
866.7909111534951	1243.3445833333333
867.1020988424316	1243.3445833333333
867.4132331005279	1137.7604166666667
867.7243139196262	1204.205625
868.0353412915691	1134.1195833333334
868.3463152081995	1490.92125
868.6572356613597	1257.9079166666668
868.9681026428924	1280.663125
869.2789161446399	1083.1479166666668
869.5896761584452	1310.7
869.9003826761507	1200.5647916666667
870.2110356895988	1266.0997916666665
870.5216351906323	1199.6545833333332
870.8321811710938	1374.4145833333332
871.1426736228256	1239.70375
871.4531125376707	1131.3889583333332
871.7634979074714	1141.4012500000001
872.0738297240702	1197.8341666666668
872.38410797931	1363.4920833333333
872.6943326650331	1175.0789583333333
873.0045037730821	1164.1564583333331
873.3146212952998	1202.3852083333331
873.6246852235287	1126.8379166666666
873.9346955496112	1168.7075
874.24465226539	1140.491041666667
874.5545553627078	1842.2616666666665
874.8644048334069	1439.9495833333333
875.17420066933	1147.7727083333334
875.48394286232	1238.7935416666667
875.793631404219	1180.540208333333
876.1032662868698	1827.6983333333335
876.4128475021149	1322.5327083333334
876.7223750417972	1364.4022916666665
877.0318488977587	1186.9116666666666
877.3412690618425	1239.70375
877.650635525891	1186.9116666666666
877.9599482817465	1254.2670833333332
878.269207321252	1171.438125
878.57841263625	1131.3889583333332
878.8875642185828	1232.4220833333331
879.1966620600934	1252.4466666666667
879.5057061526242	1116.825625
879.8146964880174	1132.2991666666667
880.1236330581162	1322.5327083333334
880.4325158547629	1562.8277083333335
880.7413448697998	1397.1697916666665
881.05012009507	1319.8020833333333
881.358841522416	1228.78125
881.6675091436798	1145.0420833333335
881.9761229507047	1203.2954166666666
882.2846829353331	1126.8379166666666
882.5931890894074	1127.748125
882.9016414047699	1192.3729166666665
883.2100398732638	1221.4995833333332
883.5183844867314	1165.976875
883.826675237015	1150.5033333333333
884.1349121159577	1317.071458333333
884.4430951154019	1597.4156249999999
884.7512242271898	1320.7122916666667
885.0592994431647	1346.1981250000001
885.3673207551687	1338.9164583333334
885.6752881550442	1230.6016666666667
885.9832016346343	1158.6952083333333
886.2910611857814	1145.9522916666667
886.5988668003275	1270.6508333333334
886.9066184701161	1280.663125
887.2143161869893	1112.2745833333336
887.5219599427896	1175.0789583333333
887.82954972936	1183.2708333333333
888.1370855385427	1378.0554166666668
888.4445673621801	1129.5685416666665
888.7519951921154	1290.6754166666667
889.0593690201907	1254.2670833333334
889.3666888382488	1114.095
889.673954638132	1197.8341666666668
889.9811664116833	1235.1527083333333
890.288324150745	1192.3729166666665
890.5954278471595	1196.9239583333335
890.90247749277	1199.6545833333332
891.2094730794186	1334.3654166666668
891.5164145989478	1201.4750000000001
891.8233020432004	1492.7416666666666
892.1301354040191	1519.1377083333334
892.4369146732461	1322.5327083333334
892.7436398427244	1160.515625
893.0503109042965	1558.2766666666666
893.3569278498044	1193.2831250000002
893.6634906710915	1224.2302083333332
893.96999936	1237.8833333333334
894.2764539083722	1691.167083333333
894.5828543080514	1472.7170833333332
894.8892005508795	1157.785
895.1954926286993	1246.0752083333334
895.5017305333536	2067.9933333333333
895.8079142566849	1291.585625
896.1140437905356	1143.2216666666666
896.4201191267481	1247.8956249999999
896.7261402571654	1145.9522916666665
897.03210717363	1143.2216666666666
897.3380198679843	1221.4995833333332
897.643878332071	1306.1489583333334
897.9496825577328	1657.489375
898.2554325368118	1234.2425
898.5611282611512	1382.606458333333
898.8667697225933	1268.8304166666667
899.1723569129805	1206.0260416666667
899.4778898241558	1166.8870833333333
899.7833684479614	1490.0110416666666
900.0887927762399	1145.0420833333333
900.3941628008342	1172.3483333333334
900.6994785135867	1259.7283333333332
901.0047399063398	1363.4920833333333
901.3099469709363	1761.253125
901.6150996992188	1316.1612499999999
901.9201980830295	1246.9854166666667
902.2252421142116	2209.075625
902.5302317846073	1255.1772916666669
902.8351670860594	1215.128125
903.1400480104098	1403.54125
903.4448745495021	1316.1612499999999
903.7496466951783	1573.7502083333331
904.0543644392808	1387.1575
904.3590277736527	1168.7074999999998
904.6636366901363	1173.2585416666668
904.968191180574	1165.0666666666668
905.2726912368087	1409.0024999999998
905.5771368506829	1287.9447916666668
905.8815280140391	1236.0629166666665
906.18586471872	1499.113125
906.490146956568	1167.7972916666668
906.7943747194257	1288.855
907.0985479991359	1609.2483333333332
907.4026667875411	1431.7577083333333
907.7067310764836	1302.508125
908.0107408578065	1193.283125
908.3146961233518	1319.8020833333333
908.6185968649625	1196.01375
908.9224430744811	1398.08
909.2262347437501	1307.969375
909.529971864612	1297.046875
909.8336544289094	6851.138125
910.137282428485	1491.8314583333333
910.4408558551816	1265.1895833333333
910.7443747008411	1195.1035416666666
911.0478389573069	1451.7822916666667
911.351248616421	1733.9468749999999
911.6546036700261	1321.6225
911.9579041099649	1312.5204166666665
912.26114992808	1180.5402083333336
912.5643411162137	1911.4375
912.867477666209	1601.0564583333332
913.1705595699083	1228.78125
913.4735868191539	1202.3852083333334
913.7765594057887	1219.6791666666666
914.0794773216553	1157.785
914.382340558596	1165.0666666666666
914.6851491084537	1756.7020833333333
914.9879029630708	1348.0185416666666
915.2906021142899	1316.1612499999999
915.5932465539537	1299.7775
915.8958362739046	1207.8464583333334
916.1983712659853	1262.4589583333334
916.5008515220383	1272.47125
916.8032770339062	1185.0912500000002
917.1056477934318	1133.2093750000001
917.407963792457	1599.2360416666668
917.7102250228253	1323.4429166666666
918.0124314763789	1272.4712499999998
918.3145831449599	1132.2991666666667
918.6166800204115	1282.4835416666667
918.9187220945763	1341.6470833333333
919.2207093592963	1977.8827083333333
919.5226418064146	1179.63
919.8245194277738	1270.6508333333331
920.1263422152159	1217.85875
920.4281101605843	1210.5770833333333
920.7298232557209	1144.131875
921.0314814924685	1154.1441666666667
921.3330848626699	1260.638541666667
921.6346333581675	1519.1377083333334
921.9361269708037	1277.0222916666664
922.2375656924214	1187.821875
922.538949514863	1175.0789583333333
922.8402784299712	1329.814375
923.1415524295884	1329.814375
923.4427715055573	1184.1810416666667
923.7439356497206	1213.3077083333335
924.0450448539206	1158.6952083333333
924.34609911	1164.1564583333336
924.6470984098015	1287.0345833333333
924.9480427451673	1149.593125
925.2489321079405	1237.8833333333332
925.5497664899635	1220.589375
925.8505458830786	1268.8304166666667
926.1512702791289	1135.94
926.4519396699565	1245.165
926.752554047404	1246.0752083333334
927.0531134033143	1320.7122916666667
927.35361772953	1150.5033333333333
927.6540670178932	1122.286875
927.9544612602471	1267.9202083333332
928.2548004484337	1188.7320833333333
928.5550845742961	1114.095
928.8553136296762	1206.93625
929.1554876064173	1142.3114583333333
929.4556064963617	1396.2595833333332
929.7556702913517	1343.4675
930.0556789832303	1373.5043750000002
930.35563256384	1330.7245833333334
930.6555310250232	1269.740625
930.9553743586226	1136.8502083333333
931.2551625564809	1201.4750000000001
931.5548956104402	1327.08375
931.8545735123437	1175.9891666666665
932.1541962540336	1221.4995833333332
932.4537638273525	1088.6091666666666
932.7532762241433	1314.3408333333334
933.0527334362483	1312.5204166666665
933.3521354555098	1148.6829166666666
933.6514822737711	1202.3852083333334
933.9507738828743	1440.8597916666665
934.2500102746618	1292.4958333333334
934.5491914409766	1139.5808333333334
934.8483173736612	1433.578125
935.1473880645581	1258.818125
935.4464035055097	1157.785
935.745363688359	1128.658333333333
936.0442686049482	1295.2264583333333
936.3431182471198	1231.511875
936.641912606717	1113.1847916666666
936.9406516755819	1155.054375
937.239335445557	1191.4627083333332
937.537963908485	1148.6829166666666
937.8365370562088	1330.7245833333334
938.1350548805704	1117.7358333333334
938.4335173734129	1118.6460416666666
938.7319245265786	1150.5033333333333
939.0302763319099	1181.4504166666666
939.3285727812499	1186.0014583333334
939.626813866441	1081.3275
939.9249995793253	1205.1158333333333
940.223129911746	1123.1970833333332
940.5212048555455	1161.4258333333335
940.8192244025662	1153.2339583333335
941.1171885446508	1166.8870833333333
941.415097273642	1135.9399999999998
941.7129505813822	1239.70375
942.0107484597139	1245.1650000000002
942.30849090048	1126.8379166666666
942.6061778955228	1174.16875
942.9038094366849	1615.6197916666667
943.2013855158092	1858.6454166666665
943.4989061247379	1186.0014583333334
943.7963712553136	1241.5241666666668
944.0937808993792	1144.131875
944.3911350487772	1266.0997916666665
944.6884336953495	1409.0024999999998
944.9856768309398	1572.84
945.28286444739	1366.2227083333335
945.5799965365427	1582.8522916666668
945.8770730902406	1225.1404166666664
946.1740941003263	1287.9447916666666
946.4710595586421	1307.969375
946.7679694570312	1234.2425
947.0648237873357	1226.050625
947.3616225413981	1166.8870833333333
947.6583657110614	1123.1970833333332
947.9550532881678	1229.6914583333332
948.25168526456	1365.3125
948.5482616320805	1278.8427083333333
948.8447823825722	1412.6433333333334
949.1412475078774	1234.2425
949.4376569998386	1141.4012500000001
949.7340108502987	1165.0666666666666
950.0303090511001	1077.6866666666667
950.3265515940852	1319.8020833333333
950.6227384710969	1126.8379166666666
950.9188696739777	1184.1810416666667
951.2149451945699	1218.7689583333333
951.5109650247166	1160.515625
951.8069291562598	1143.2216666666666
952.1028375810424	1183.2708333333333
952.3986902909071	1474.5374999999997
952.6944872776962	1228.78125
952.9902285332523	1139.5808333333332
953.2859140494182	1230.6016666666667
953.5815438180365	1214.2179166666667
953.8771178309494	1581.9420833333334
954.1726360799998	1299.7775000000001
954.4680985570304	1139.5808333333334
954.7635052538835	1120.4664583333333
955.0588561624015	1140.4910416666667
955.3541512744275	1192.3729166666667
955.6493905818038	1175.0789583333333
955.9445740763729	1284.3039583333334
956.2397017499775	1240.6139583333334
956.5347735944603	1357.1206250000002
956.8297896016634	1241.5241666666668
957.1247497634299	1342.5572916666667
957.4196540716023	1231.511875
957.7145025180229	1145.9522916666665
958.0092950945348	1227.8710416666665
958.3040317929799	1229.6914583333335
958.5987126052012	1352.5695833333332
958.8933375230413	2035.2258333333332
959.1879065383425	1515.496875
959.4824196429477	1506.3947916666668
959.7768768286993	1226.9608333333333
960.07127808744	1309.7897916666668
960.3656234110122	1120.4664583333333
960.6599127912586	1144.131875
960.9541462200218	1130.47875
961.2483236891444	1167.7972916666665
961.5424451904687	1284.3039583333334
961.8365107158377	1266.0997916666668
962.1305202570937	1153.2339583333335
962.4244738060793	1391.7085416666669
962.7183713546373	1245.165
963.01221289461	1115.9154166666667
963.3059984178401	1200.5647916666665
963.5997279161703	1152.32375
963.893401381443	1243.3445833333333
964.1870188055007	1424.4760416666668
964.4805801801863	1128.6583333333335
964.7740854973422	1317.9816666666666
965.0675347488107	1232.4220833333334
965.3609279264349	1186.9116666666666
965.6542650220572	1178.7197916666667
965.9475460275199	1124.1072916666667
966.240770934666	1121.3766666666668
966.5339397353379	1277.9325000000001
966.8270524213779	1115.9154166666667
967.120108984629	1138.670625
967.4131094169337	1182.360625
967.7060537101345	1165.0666666666666
967.9989418560739	1219.6791666666666
968.2917738465945	1209.666875
968.5845496735391	1322.5327083333332
968.8772693287499	1202.3852083333334
969.16993280407	1104.0827083333334
969.4625400913416	1067.6743749999998
969.755091182407	1172.3483333333334
970.0475860691095	1857.7352083333335
970.3400247432913	1245.165
970.6324071967948	1605.6075
970.924733421463	1229.6914583333335
971.2170034091381	1166.8870833333333
971.5092171516628	1181.4504166666668
971.80137464088	2209.075625
972.0934758686318	1177.8095833333334
972.385520826761	1375.3247916666667
972.6775095071101	1229.6914583333332
972.9694419015219	1246.9854166666667
973.2613180018386	1139.5808333333332
973.5531377999032	1134.1195833333334
973.8449012875581	1156.8747916666666
974.1366084566458	1206.93625
974.4282592990087	1429.0270833333334
974.71985380649	1128.6583333333333
975.0113919709318	1310.7
975.3028737841765	1155.054375
975.5942992380673	1040.368125
975.8856683244463	1235.1527083333333
976.1769810351561	1140.4910416666667
976.4682373620396	1334.3654166666665
976.7594372969393	1183.2708333333333
977.0505808316972	1189.6422916666668
977.3416679581567	1388.0677083333333
977.6326986681601	1301.5979166666668
977.9236729535495	1221.4995833333332
978.2145908061682	1208.7566666666667
978.5054522178584	2528.55875
978.7962571804626	1262.4589583333334
979.0870056858237	1236.9731250000002
979.3776977257842	1438.1291666666666
979.6683332921862	1336.1858333333332
979.9589123768728	1594.6850000000002
980.2494349716867	1430.8475
980.53990106847	1241.5241666666666
980.8303106590655	1319.8020833333333
981.1206637353158	1231.5118750000001
981.4109602890635	1199.6545833333334
981.7012003121511	1246.9854166666667
981.9913837964212	1336.1858333333334
982.2815107337166	1352.5695833333334
982.5715811158793	1129.5685416666668
982.8615949347526	1099.5316666666668
983.1515521821785	1207.8464583333334
983.4414528499998	1278.8427083333333
983.7312969300594	1297.9570833333335
984.0210844141994	1418.1045833333335
984.3108152942625	1456.3333333333333
984.6004895620915	1240.6139583333331
984.8901072095288	1246.0752083333334
985.1796682284167	1146.8625
985.4691726105984	1381.69625
985.7586203479162	1674.7833333333335
986.0480114322123	1165.976875
986.33734585533	1137.7604166666667
986.6266236091113	1198.744375
986.9158446853992	1516.4070833333335
987.2050090760357	1294.31625
987.4941167728639	1081.3275
987.7831677677262	1104.0827083333331
988.0721620524652	1264.279375
988.3610996189235	1121.3766666666668
988.6499804589438	1330.7245833333334
988.9388045643683	1135.94
989.2275719270399	1092.25
989.5162825388013	1097.71125
989.8049363914945	1143.2216666666666
990.0935334769628	1105.903125
990.3820737870484	1151.4135416666668
990.6705573135936	1290.6754166666667
990.9589840484416	1335.275625
991.2473539834347	1220.5893749999998
991.5356671104153	1571.0195833333335
991.8239234212261	1211.4872916666668
992.1121229077099	1171.4381250000001
992.400265561709	1124.107291666667
992.6883513750662	1134.1195833333334
992.9763803396239	1112.2745833333336
993.2643524472247	1323.4429166666666
993.5522676897112	1154.1441666666667
993.8401260589261	1155.054375
994.1279275467119	1101.3520833333332
994.4156721449109	1257.9079166666668
994.7033598453662	1385.3370833333336
994.99099063992	1251.5364583333333
995.2785645204149	1137.7604166666667
995.5660814786938	1221.4995833333335
995.853541506599	1269.7406250000001
996.140944595973	1203.2954166666666
996.4282907386587	1319.8020833333333
996.7155799264985	1145.042083333333
997.0028121513348	1452.6924999999999
997.2899874050105	1297.046875
997.5771056793681	1163.24625
997.8641669662499	1107.7235416666667
998.1511712574988	1229.6914583333335
998.4381185449574	1160.5156249999998
998.725008820468	1322.5327083333334
999.0118420758735	1156.8747916666669
999.2986183030163	1150.5033333333333
999.585337493739	1190.5525
999.8719996398839	1204.2056249999998
1000.158604733294	1088.6091666666666
1000.445152765812	1532.7908333333332
1000.7316437292799	1205.1158333333335
1001.0180776155407	1354.39
1001.3044544164371	1117.7358333333334
1001.5907741238111	1467.2558333333334
1001.8770367295059	1733.9468750000003
1002.1632422253638	1272.4712499999998
1002.4493906032271	1254.2670833333332
1002.735481854939	1130.47875
1003.0215159723417	1393.5289583333333
1003.3074929472778	1167.7972916666668
1003.59341277159	1265.1895833333335
1003.8792754371208	1287.9447916666668
1004.1650809357126	1351.659375
1004.4508292592081	1333.4552083333335
1004.7365203994503	1343.4675
1005.0221543482811	1164.1564583333334
1005.3077310975436	1259.7283333333332
1005.5932506390802	1160.515625
1005.8787129647335	1146.8625
1006.1641180663456	1233.3322916666666
1006.4494659357599	1273.3814583333333
1006.7347565648188	1191.4627083333332
1007.0199899453642	1717.563125
1007.3051660692394	1203.2954166666666
1007.5902849282868	1097.71125
1007.8753465143486	1160.515625
1008.160350819268	1294.31625
1008.4452978348874	1289.7652083333335
1008.7301875530488	1351.659375
1009.0150199655957	1254.2670833333334
1009.2997950643701	1099.5316666666668
1009.5845128412144	1273.3814583333333
1009.8691732879718	1149.593125
1010.1537763964845	1165.976875
1010.4383221585949	1281.5733333333335
1010.7228105661462	1204.2056249999998
1011.0072416109805	1156.8747916666669
1011.2916152849402	1141.40125
1011.5759315798686	1137.7604166666667
1011.8601904876076	1066.7641666666666
1012.144392	1220.5893749999998
1012.4285361088884	1180.5402083333336
1012.7126228061155	1205.1158333333333
1012.9966520835236	1534.61125
1013.2806239329553	1157.785
1013.5645383462538	1204.2056249999998
1013.8483953152609	1272.47125
1014.1321948318193	1221.4995833333332
1014.4159368877722	1186.9116666666669
1014.6996214749615	1268.8304166666667
1014.98324858523	1278.8427083333333
1015.2668182104202	1233.3322916666666
1015.5503303423751	1351.659375
1015.8337849729367	1234.2425
1016.1171820939478	1199.6545833333332
1016.4005216972512	1284.3039583333332
1016.6838037746892	1174.16875
1016.9670283181047	1338.9164583333331
1017.2501953193398	1267.01
1017.5333047702371	1167.7972916666668
1017.81635666264	1317.0714583333336
1018.0993509883903	1383.5166666666667
1018.3822877393309	1216.0383333333332
1018.6651669073037	1287.0345833333333
1018.9479884841523	1197.8341666666668
1019.2307524617187	1255.1772916666666
1019.5134588318456	1265.1895833333333
1019.7961075863757	1352.5695833333334
1020.0786987171514	1141.40125
1020.3612322160153	1330.7245833333334
1020.6437080748101	1277.9325000000001
1020.9261262853781	1186.9116666666666
1021.208486839562	1216.0383333333332
1021.4907897292048	1321.6224999999997
1021.7730349461489	1449.961875
1022.0552224822362	1215.128125
1022.33735232931	1126.8379166666666
1022.6194244792129	1226.9608333333333
1022.9014389237868	1202.3852083333334
1023.1833956548752	1288.855
1023.46529466432	1290.6754166666667
1023.7471359439638	1122.286875
1024.0289194856498	1225.1404166666669
1024.3106452812199	1250.62625
1024.5923133225172	1200.5647916666665
1024.8739236013837	1186.9116666666666
1025.1554761096625	1186.9116666666666
1025.436970839196	1186.9116666666666
