3.374999999999994116e-01	9.438527960426855434e-02
5.837890624999997335e-01	1.668124964783609110e-01
5.863281249999996447e-01	1.564669576618695490e-01
3.204101562499994671e-01	8.079025979840605276e-02
5.249023437499995559e-01	1.244174811010404641e-01
7.969726562499998002e-01	2.306761392610731098e-01
4.687499999999995559e-01	1.014132429597025126e-01
6.590820312499996447e-01	1.498903801559446358e-01
3.822265624999994227e-01	8.153009759610237162e-02
3.430664062499994005e-01	7.297555822290774374e-02
5.357421874999996891e-01	1.057805390284536212e-01
4.682617187499995559e-01	8.390751359510068008e-02
3.921874999999994671e-01	7.305972513961189740e-02
3.713867187499994005e-01	6.561694609806896505e-02
5.118164062499995781e-01	8.651324327203775699e-02
4.179687499999995004e-01	7.017581461211966354e-02
3.889648437499994005e-01	6.310261571631009536e-02
4.679687499999995448e-01	7.387487609215004358e-02
6.469726562499996669e-01	1.159736005263802133e-01
5.198242187499996225e-01	7.965837738260661549e-02
4.408203124999994782e-01	6.558737178292525782e-02
5.542968749999995781e-01	8.454845768971125386e-02
5.123046874999994671e-01	7.658652576630117781e-02
6.162109374999995559e-01	9.514523639483526973e-02
6.117187499999996447e-01	9.407856011861014112e-02
6.254882812499996669e-01	9.370906500054242139e-02
5.844726562499996669e-01	8.265711649572528297e-02
6.162109374999995559e-01	8.862935729214672931e-02
4.584960937499995559e-01	6.094872703683172632e-02
4.369140624999994782e-01	5.691830833525286099e-02
5.771484374999995559e-01	7.606009746374672864e-02
4.737304687499994671e-01	5.839443107310196557e-02
5.719726562499997113e-01	7.373465044721316808e-02
3.615234374999994338e-01	4.792323908429072660e-02
5.534179687499996003e-01	6.883398006421931337e-02
