6.849609374999996447e-01	1.980043585497799352e-01
5.035156249999995781e-01	1.309435766677112534e-01
4.293945312499994893e-01	1.104648774105448789e-01
4.142578124999994338e-01	1.023391633476383178e-01
6.459960937499996669e-01	1.512323805290887446e-01
3.983398437499994227e-01	9.298628411349536826e-02
4.609374999999995559e-01	9.668918880881262334e-02
2.847656249999993561e-01	7.529827158272005272e-02
4.096679687499994449e-01	8.150315643114727782e-02
5.086914062499995337e-01	9.706417496581407067e-02
5.487304687499995337e-01	1.031957316231660593e-01
3.874999999999994560e-01	7.199100159435388446e-02
4.607421874999995670e-01	8.231578916846366001e-02
5.917968749999996669e-01	1.062016490004789177e-01
6.494140624999997780e-01	1.174738717006461874e-01
4.712890624999995226e-01	7.829108984120052017e-02
5.542968749999995781e-01	8.872801476107394780e-02
4.951171874999996114e-01	7.634142249692170423e-02
4.649414062499994671e-01	7.217885975270181553e-02
4.576171874999995226e-01	6.831002025386126442e-02
5.671874999999996225e-01	8.438682149639833985e-02
5.307617187499995559e-01	7.758954771006935924e-02
5.252929687499995337e-01	7.445122762648660741e-02
4.352539062499994893e-01	6.005289060276925578e-02
5.325195312499996225e-01	7.338478860580537055e-02
4.036132812499995115e-01	5.642929348868445938e-02
6.075195312499996891e-01	8.551965169497086072e-02
5.257812499999996447e-01	6.969143081537397533e-02
3.776367187499993783e-01	5.326162990079803816e-02
5.503906249999995781e-01	7.056373545183772245e-02
4.416992187499995115e-01	5.469568072931773467e-02
4.661132812499995115e-01	5.723264079318177155e-02
5.404296874999996447e-01	6.650201885373677180e-02
4.216796874999995115e-01	5.201132048930748319e-02
5.404296874999996447e-01	6.416858718178107546e-02
