7.177734374999997780e-01	2.207700806002669269e-01
4.429687499999995226e-01	1.065713441098604386e-01
5.074218749999995781e-01	1.213094266298070933e-01
5.310546874999995115e-01	1.219873835058336575e-01
6.644531249999996447e-01	1.720377190863513484e-01
4.027343749999994227e-01	8.127903515056401906e-02
4.010742187499994893e-01	7.645130514637490937e-02
3.623046874999994449e-01	6.951117964827469020e-02
4.967773437499996003e-01	9.901038772801847021e-02
6.377929687499996891e-01	1.437547541722960787e-01
6.251953124999996003e-01	1.327753786128196278e-01
3.737304687499993783e-01	6.473972161135616021e-02
4.161132812499994671e-01	7.180716177909433895e-02
6.729492187499996891e-01	1.474516190189738285e-01
4.862304687499995337e-01	8.400621148352609147e-02
3.839843749999994893e-01	6.091511083248518643e-02
3.986328124999994338e-01	6.338604538269443367e-02
4.764648437499995337e-01	7.761757166097472960e-02
6.063476562499996447e-01	1.113391368741274007e-01
4.652343749999995337e-01	7.227358272313993970e-02
6.639648437499996447e-01	1.278665479987517173e-01
4.480468749999995115e-01	6.393066022994428610e-02
5.642578124999995115e-01	8.994753940803597303e-02
3.881835937499994449e-01	5.271371444369055831e-02
6.563476562499996891e-01	1.183995619511259839e-01
4.548828124999994560e-01	6.445718127640519268e-02
4.714843749999995115e-01	6.453033313763359424e-02
4.517578124999995226e-01	5.902164188762514668e-02
4.722656249999995781e-01	6.255378713158818438e-02
5.016601562499996003e-01	6.995406007943018312e-02
5.745117187499996225e-01	8.645413056890029202e-02
4.690429687499995115e-01	6.025524323978019570e-02
5.108398437499994671e-01	6.878726895242158468e-02
5.655273437499995781e-01	7.959138832506044980e-02
4.946289062499995559e-01	6.423901093158013165e-02
