3.835937499999994560e-01	1.037543424975247847e-01
5.396484374999996891e-01	1.254886478954408413e-01
6.707031249999997335e-01	1.619543838638201338e-01
5.273437499999995559e-01	1.200493865823211020e-01
5.421874999999996003e-01	1.215846772149888483e-01
4.123046874999994893e-01	1.044365513528455053e-01
4.628906249999995559e-01	1.070612357019727762e-01
5.783203124999996003e-01	1.168365004657356682e-01
4.981445312499995781e-01	1.023963065872925959e-01
5.136718749999995559e-01	1.025157529666493317e-01
4.862304687499995337e-01	1.038653234569047457e-01
4.325195312499995337e-01	9.868450457059949055e-02
5.040039062499995781e-01	9.553886401878160239e-02
3.333007812499994005e-01	8.885420765336680959e-02
3.308593749999994005e-01	8.604144030873124571e-02
5.420898437499995781e-01	9.202584574757362301e-02
4.988281249999995115e-01	9.199498740972177069e-02
5.486328124999995115e-01	8.855890416500693252e-02
1.826171874999992784e-01	5.957954308048024616e-02
5.127929687499994671e-01	8.953268505320095827e-02
5.251953124999995115e-01	8.699674889992725646e-02
5.032226562499996225e-01	8.326521929376860809e-02
4.750976562499995559e-01	8.110252603189653520e-02
5.205078124999995559e-01	8.277392536283800784e-02
4.240234374999994893e-01	8.308836431200547490e-02
4.179687499999995004e-01	8.193671148009576410e-02
3.694335937499995115e-01	8.062400877896230833e-02
4.920898437499995337e-01	7.904401938621814783e-02
3.418945312499994671e-01	7.817247371488202090e-02
4.577148437499994893e-01	7.351815125758912051e-02
5.406249999999996891e-01	7.422025531649736885e-02
5.845703124999996891e-01	7.567673121005655257e-02
4.901367187499995337e-01	7.191607205395866842e-02
3.695312499999994782e-01	7.605926297658646695e-02
4.914062499999995448e-01	7.064938043911080101e-02
