4.147460937499994893e-01	1.074749196154439757e-01
5.046874999999995115e-01	1.193379612331426087e-01
5.068359374999995559e-01	1.086317041680489870e-01
8.058593749999998224e-01	2.234347745615516689e-01
5.460937499999996003e-01	1.168226197237504510e-01
5.139648437499995115e-01	1.026734546183943192e-01
7.266601562499998002e-01	1.634994750121004092e-01
5.321289062499995337e-01	1.016762607564953708e-01
4.472656249999995559e-01	8.460682783344651570e-02
5.336914062499996669e-01	9.662502243570009197e-02
5.532226562499996669e-01	9.421639724603868282e-02
4.834960937499995781e-01	8.283344140368986697e-02
5.842773437499996225e-01	9.984017980521317503e-02
5.981445312499996669e-01	1.017255722138496882e-01
4.496093749999995337e-01	7.137640830379972379e-02
5.024414062499996669e-01	7.797558262981237054e-02
5.814453124999996447e-01	9.063032199467453698e-02
4.901367187499995337e-01	7.319512389871266067e-02
5.339843749999996225e-01	7.724592054028316113e-02
4.574218749999995337e-01	6.539622335961521593e-02
5.698242187499996669e-01	8.104388445063741286e-02
5.223632812499996447e-01	7.327849081167560341e-02
4.722656249999995781e-01	6.523988926838923674e-02
4.678710937499995781e-01	6.300364466895254367e-02
5.169921874999996447e-01	6.844466142866303948e-02
5.437499999999996225e-01	7.017505057218190179e-02
4.254882812499994893e-01	5.563192808079365365e-02
5.133789062499994893e-01	6.512486665123631835e-02
5.695312499999996003e-01	7.288996750029554106e-02
5.000976562499995781e-01	6.121853532708158852e-02
5.333984374999996003e-01	6.472391447111511265e-02
4.865234374999995448e-01	5.862387287636449534e-02
6.189453124999997335e-01	7.694858815345528846e-02
4.272460937499994449e-01	5.180340712803088721e-02
6.040039062499996669e-01	7.261965149666531338e-02
