5.701171874999997335e-01	1.313683081509214035e-01
7.462890624999998224e-01	1.797223396427116426e-01
3.464843749999994005e-01	1.090662346391184923e-01
5.558593749999996003e-01	1.138212644277127455e-01
6.032226562499997113e-01	1.211407386565029470e-01
5.536132812499996447e-01	1.062226164514595145e-01
4.121093749999914235e-02	6.791386499085957951e+01
4.473632812499995781e-01	9.328285223021978712e-02
4.806640624999994893e-01	8.968581637156081143e-02
4.507812499999995226e-01	8.785759786314291386e-02
5.659179687499995559e-01	9.707167004556577217e-02
4.930664062499995337e-01	8.717498041135920972e-02
4.833007812499995337e-01	8.349255396353751080e-02
5.699218749999996891e-01	9.263449764381567753e-02
3.650390624999994005e-01	7.953431278443091890e-02
4.999023437499995337e-01	8.052587913059788827e-02
4.878906249999995781e-01	7.560645151157764643e-02
5.912109374999996447e-01	8.857839896576452654e-02
4.962890624999995448e-01	7.355774236227231866e-02
5.659179687499995559e-01	8.023699705660117254e-02
3.903320312499994893e-01	7.097158184466292874e-02
4.690429687499995115e-01	6.807366068461043196e-02
5.452148437499996225e-01	7.357336762190939961e-02
5.836914062499997113e-01	7.738215744882524783e-02
5.281249999999995115e-01	7.010283752445865824e-02
5.583007812499996003e-01	7.127740700690833597e-02
5.713867187499996891e-01	7.284241673206651169e-02
3.796874999999994005e-01	6.556269313688707634e-02
3.732421874999994338e-01	6.452576166777354572e-02
5.017578124999995115e-01	6.193470072503315382e-02
5.076171874999995115e-01	6.293774976627894424e-02
4.478515624999995226e-01	5.994756009435345256e-02
5.880859374999996003e-01	6.946375761072798305e-02
4.233398437499994449e-01	5.647287572614050066e-02
4.813476562499995337e-01	5.743721481240070953e-02
