3.105468749999994449e-01	9.109280343284964498e-02
5.640624999999995781e-01	1.468407506373336779e-01
5.190429687499995559e-01	1.254960213729351959e-01
5.247070312499996225e-01	1.194503380017851030e-01
7.897460937499999334e-01	2.179514383051123771e-01
5.316406249999995337e-01	1.144149063458684279e-01
3.925781249999994449e-01	8.699308987487305855e-02
3.810546874999994338e-01	8.046726544067593634e-02
4.542968749999994893e-01	8.791199888264550344e-02
6.066406249999996003e-01	1.187529355945939891e-01
4.965820312499995559e-01	8.921283981471384017e-02
3.624999999999994338e-01	6.891567539965903766e-02
5.563476562499996003e-01	9.649627449438157034e-02
5.914062499999996891e-01	9.791144965891945828e-02
6.821289062499996669e-01	1.237450302552434434e-01
5.870117187499996891e-01	9.685169578206616336e-02
4.058593749999994671e-01	6.925642444693820565e-02
5.302734374999995559e-01	8.195019254261454167e-02
5.933593749999996891e-01	9.209057023254463292e-02
3.829101562499994671e-01	6.388123638310497232e-02
4.560546874999995004e-01	6.795211984620855294e-02
5.342773437499995781e-01	7.622856040039653613e-02
3.823242187499994449e-01	5.884331192950420508e-02
4.395507812499994671e-01	6.280446893796033658e-02
4.601562499999995448e-01	6.381387089754510245e-02
5.571289062499996669e-01	7.653666677274283126e-02
4.565429687499994449e-01	6.158722271985207081e-02
5.114257812499994893e-01	6.633185808707676989e-02
5.764648437499996225e-01	7.537816606027143707e-02
4.161132812499994671e-01	5.404103822469952939e-02
5.018554687499995337e-01	6.313312515326240104e-02
4.715820312499995337e-01	5.838334662653470175e-02
5.135742187499995337e-01	6.183781087325302545e-02
4.618164062499995337e-01	5.541144652464713438e-02
4.652343749999995337e-01	5.563165678941935782e-02
