5.006835937499994893e-01	1.244799620251821753e-01
6.216796874999996891e-01	1.554077029833976498e-01
4.793945312499995337e-01	1.090834090581866006e-01
4.222656249999995337e-01	9.396794885378445539e-02
3.605468749999994893e-01	8.581343608921654376e-02
6.603515624999996003e-01	1.446348151936167614e-01
5.018554687499995337e-01	9.989562838999763161e-02
3.891601562499994449e-01	7.818995324977304207e-02
7.008789062499997113e-01	1.449440923929039560e-01
5.768554687499996003e-01	1.057842788901933867e-01
4.276367187499994227e-01	7.815628728655733826e-02
5.613281249999995115e-01	9.599064898043541127e-02
5.984374999999996225e-01	1.022108153866900238e-01
3.512695312499994893e-01	6.521269749247732284e-02
4.705078124999995670e-01	7.639410886037525938e-02
4.091796874999995004e-01	6.657454172051707753e-02
5.126953124999995559e-01	7.628029202750358229e-02
5.244140624999995559e-01	7.859649026227316648e-02
4.576171874999995226e-01	6.702188959308168215e-02
5.906249999999997335e-01	8.630442129627967363e-02
4.051757812499994227e-01	6.220860779616479985e-02
2.873046874999993783e-01	6.154318484096477082e-02
3.655273437499994005e-01	5.835541397939746078e-02
4.541992187499994671e-01	6.314701847872801477e-02
5.036132812499996003e-01	6.660284332258130380e-02
6.013671874999997335e-01	8.172286357087059361e-02
5.341796874999995559e-01	7.026040189300511440e-02
4.762695312499996003e-01	5.978367063108945556e-02
4.597656249999995115e-01	5.830602040175583700e-02
3.978515624999994782e-01	5.264781515319009314e-02
5.152343749999995781e-01	6.241420003057050053e-02
5.209960937499996669e-01	6.357187034949998705e-02
5.144531249999995115e-01	6.159101305906539148e-02
4.381835937499994893e-01	5.301485546164196733e-02
4.691406249999995337e-01	5.504467296222793210e-02
