5.146484374999995559e-01	1.271315105357770647e-01
4.416992187499995115e-01	1.046532418191254421e-01
5.458007812499996447e-01	1.167505340653399309e-01
3.686523437499994449e-01	8.717756361892614603e-02
7.002929687499996891e-01	1.598527107894377464e-01
6.040039062499996669e-01	1.234058245031924572e-01
4.401367187499994893e-01	8.468693148763778433e-02
7.358398437499997780e-01	1.551440606719351745e-01
5.404296874999996447e-01	9.382661321111834818e-02
4.953124999999996003e-01	8.306343088586520818e-02
5.825195312499996669e-01	1.004840475208408634e-01
4.719726562499995115e-01	8.238207070670222620e-02
3.918945312499995115e-01	7.440814741787822595e-02
6.567382812499996669e-01	1.133090450330346832e-01
4.914062499999995448e-01	7.748627606593211370e-02
4.925781249999995337e-01	7.420835513932613758e-02
5.917968749999996669e-01	9.164230691577826549e-02
4.307617187499994671e-01	6.749438179864568343e-02
4.816406249999994893e-01	6.984107887593132835e-02
5.089843749999994893e-01	7.182076485151168976e-02
5.202148437499996003e-01	7.324543038839842479e-02
4.703124999999995781e-01	6.611831988799921067e-02
5.058593749999995559e-01	6.818558448411407569e-02
5.175781249999995559e-01	6.957896654712429629e-02
5.096679687499994227e-01	6.730622692137466778e-02
4.341796874999995226e-01	5.862000633595135929e-02
4.554687499999994782e-01	6.057098832492112395e-02
5.204101562499996447e-01	6.610111067620789982e-02
3.908203124999994338e-01	5.540244450903537843e-02
5.721679687499996447e-01	7.116845388520005866e-02
4.505859374999995337e-01	5.590973712148976371e-02
6.462890624999997335e-01	8.130412430230467280e-02
5.593749999999995115e-01	6.681727968153138020e-02
5.163085937499994893e-01	6.038641315821269284e-02
5.169921874999996447e-01	5.912471787040170929e-02
