4.921874999999995559e-01	1.114546069987726734e-01
4.836914062499995115e-01	1.109297640154131015e-01
7.188476562499998002e-01	1.751869951915446810e-01
2.732421874999993450e-01	7.325438691212236841e-02
5.765624999999996447e-01	1.248940907165610875e-01
5.332031249999995559e-01	1.112578919353961748e-01
3.873046874999994671e-01	8.483969702565005711e-02
4.185546874999995226e-01	8.376399442269102935e-02
3.193359374999994449e-01	7.225167294665993389e-02
5.304687499999996003e-01	9.517238055245230699e-02
5.458984374999995559e-01	9.660903085437397286e-02
5.713867187499996891e-01	9.881887542310736905e-02
2.393554687499993283e-01	6.400198671933420014e-02
5.453124999999996447e-01	9.105656787733454327e-02
4.001953124999994560e-01	7.108457273801645215e-02
5.933593749999996891e-01	9.558774372812914311e-02
4.833984374999995559e-01	7.444072139974731994e-02
5.192382812499996003e-01	7.999568104705669092e-02
3.350585937499994671e-01	6.220382067256728653e-02
4.658203124999995004e-01	6.965738734964858903e-02
6.148437499999996891e-01	9.141089135716297387e-02
4.438476562499995559e-01	6.242362675687031237e-02
5.807617187499996003e-01	8.033280218609341328e-02
4.559570312499995337e-01	6.234849958212582144e-02
4.161132812499994671e-01	5.960155642856966585e-02
4.485351562499995115e-01	6.165488084859499507e-02
6.677734374999997335e-01	9.229694637390105372e-02
4.564453124999994782e-01	6.125083090488353532e-02
6.914062499999997780e-01	9.608960695591853285e-02
4.474609374999995448e-01	5.904831614616799090e-02
5.805664062499996669e-01	7.381258908172089184e-02
5.122070312499995559e-01	6.321374577472872736e-02
4.445312499999995448e-01	5.529486565885489979e-02
4.320312499999994782e-01	5.495150008653548052e-02
4.277343749999994449e-01	5.388438601879101675e-02
