7.021484374999997780e-01	1.620832542065434312e-01
7.090820312499996891e-01	1.580224087920162890e-01
2.494140624999993117e-01	1.103981979527121765e-01
3.057617187499993561e-01	9.618702657861305516e-02
4.483398437499994671e-01	9.370122922477719385e-02
3.765624999999994671e-01	8.751795096478556801e-02
4.920898437499995337e-01	9.423736307856003802e-02
4.962890624999995448e-01	9.217395883874883455e-02
4.717773437499995781e-01	8.420927996533816851e-02
6.141601562499996447e-01	1.047556727918454028e-01
5.479492187499995781e-01	9.177926647768272495e-02
4.719726562499995115e-01	7.998908022178656541e-02
5.267578124999996447e-01	8.760653671911897145e-02
5.732421874999995559e-01	8.952337317540261241e-02
4.025390624999994338e-01	7.591317161353508536e-02
4.342773437499994893e-01	7.558846748569963969e-02
4.433593749999995559e-01	7.406082444123145148e-02
5.555664062499995337e-01	8.012300990170637127e-02
4.266601562499995337e-01	7.139763420510275571e-02
5.805664062499996669e-01	8.101527561062557559e-02
5.242187499999995115e-01	7.447851986147395464e-02
5.599609374999994227e-01	7.746958027877212660e-02
4.510742187499995337e-01	6.967649096670942843e-02
4.583007812499995115e-01	6.694039991465375317e-02
3.731445312499994671e-01	6.754631514741629705e-02
4.968749999999995670e-01	6.717800678855331831e-02
4.960937499999995559e-01	6.649765280939511081e-02
5.445312499999996891e-01	6.829005117789872792e-02
4.777343749999994893e-01	6.219914129288555554e-02
4.979492187499995337e-01	6.406465100364439058e-02
3.883789062499994893e-01	6.337926624193228331e-02
3.657226562499994449e-01	6.328720663159993765e-02
4.852539062499995337e-01	6.076664448625564152e-02
3.953124999999995115e-01	5.910764814424425417e-02
5.203124999999996225e-01	6.132272883673699215e-02
