6.098632812499995559e-01	1.575049337174630193e-01
5.067382812499995337e-01	1.158582758639666033e-01
4.570312499999995004e-01	1.074163319306997016e-01
4.388671874999994782e-01	9.657661589710289651e-02
4.402343749999995115e-01	9.084033283238802936e-02
3.683593749999994893e-01	7.925223819806601067e-02
5.062499999999995337e-01	1.014932826178743946e-01
7.536132812499998224e-01	1.798511429823280439e-01
3.943359374999995115e-01	7.586198975524101329e-02
6.420898437499996669e-01	1.255371091093316904e-01
6.866210937499998002e-01	1.348259808451533204e-01
4.594726562499995559e-01	7.765447663139125878e-02
4.238281249999994449e-01	7.289421325132819374e-02
5.230468749999995781e-01	8.650589504327103885e-02
3.990234374999994671e-01	6.725464877962017418e-02
4.419921874999995226e-01	7.000621835605648491e-02
4.650390624999994893e-01	7.031114837629535985e-02
5.221679687499996003e-01	7.732875451972873182e-02
4.958984374999995670e-01	7.166285051950721519e-02
4.395507812499994671e-01	6.274273172021570255e-02
5.278320312499995559e-01	7.749335666594486804e-02
5.023437499999996447e-01	7.012623700697032114e-02
5.577148437499995781e-01	8.027479987519950400e-02
4.829101562499995559e-01	6.559379836659862129e-02
4.678710937499995781e-01	6.135947851366753414e-02
4.902343749999995559e-01	6.366799674541052945e-02
3.863281249999994671e-01	5.260702614667685240e-02
4.777343749999994893e-01	6.089631690256316898e-02
4.717773437499995781e-01	5.895386894518255677e-02
5.027343749999996225e-01	6.327630968092487485e-02
5.049804687499994671e-01	6.247697832996820799e-02
4.791015624999995226e-01	5.689264345303561565e-02
5.719726562499997113e-01	7.231318149620279134e-02
4.671874999999995337e-01	5.507537080320968476e-02
5.849609374999995559e-01	7.251320268223861165e-02
