5.674804687499995781e-01	1.401001314827158006e-01
4.825195312499995781e-01	1.137838094177865966e-01
4.767578124999995448e-01	9.992967113343885488e-02
7.158203124999997780e-01	1.895219343785791988e-01
6.329101562499996891e-01	1.450288983447271252e-01
3.726562499999994671e-01	7.868816872104292259e-02
6.824218749999997335e-01	1.508845579361232092e-01
4.577148437499994893e-01	8.303550677900030375e-02
4.129882812499995337e-01	7.693793850613818430e-02
5.457031249999996225e-01	9.902674555522533728e-02
5.135742187499995337e-01	9.097936491900346367e-02
4.327148437499994671e-01	7.463766735990015611e-02
4.904296874999995448e-01	8.017383561351587584e-02
4.415039062499994671e-01	7.241783604434229304e-02
4.027343749999994227e-01	6.293145287777857089e-02
5.426757812499996003e-01	8.927253076731497816e-02
5.482421874999996447e-01	8.807659178606487560e-02
5.046874999999995115e-01	7.675998275870478393e-02
5.559570312499996225e-01	8.623601023351540329e-02
5.313476562499995781e-01	7.908251749491687632e-02
5.006835937499994893e-01	7.174934833862506300e-02
4.231445312499995115e-01	5.836059393389143174e-02
4.827148437499995115e-01	6.673146067536885051e-02
5.119140624999996003e-01	7.107962037097810548e-02
5.397460937499997113e-01	7.386529435564337387e-02
5.046874999999995115e-01	6.727204414591762827e-02
3.873046874999994671e-01	5.078400050840239932e-02
4.762695312499996003e-01	6.121967756041862829e-02
4.645507812499994893e-01	5.819309988455809157e-02
4.214843749999994671e-01	5.200593725563268377e-02
4.352539062499994893e-01	5.217649308550721676e-02
5.416015624999996891e-01	6.914082806732881059e-02
6.336914062499997558e-01	8.758317944540928990e-02
5.135742187499995337e-01	6.030346341421091716e-02
4.832031249999995115e-01	5.668912243965050501e-02
