6.536132812499997335e-01	1.940334510858187367e-01
4.247070312499995337e-01	1.014518100517681071e-01
4.441406249999995115e-01	1.025533712574772521e-01
5.107421874999995559e-01	1.141666481447516507e-01
3.810546874999994338e-01	8.023529466844181446e-02
5.298828124999994671e-01	1.121738344890178124e-01
5.280273437499994893e-01	1.083760315888949582e-01
6.555664062499996225e-01	1.441285637701508193e-01
4.326171874999995004e-01	8.156040328834536501e-02
4.157226562499994893e-01	7.556608425702282528e-02
3.907226562499994671e-01	6.701643217078206982e-02
4.545898437499994449e-01	7.632389440474830755e-02
6.351562499999996447e-01	1.239325318277743754e-01
4.972656249999996003e-01	8.236460715398008503e-02
5.497070312499996447e-01	9.111198375252244075e-02
5.121093749999995337e-01	7.971801943674117208e-02
5.262695312499996447e-01	8.142598794819704000e-02
5.518554687499995781e-01	8.530146253243535426e-02
3.794921874999994116e-01	5.754515160274425306e-02
5.226562499999996003e-01	7.895673078203496731e-02
5.177734374999996003e-01	7.335625368285406123e-02
4.343749999999995115e-01	6.230125520932749961e-02
6.325195312499997113e-01	9.684537398256627683e-02
4.179687499999995004e-01	5.655647747476440917e-02
4.354492187499995337e-01	5.663293692040297089e-02
4.603515624999995337e-01	6.137109697439342010e-02
4.958007812499996003e-01	6.397725665578869736e-02
5.083984374999994671e-01	6.545134335999759634e-02
5.354492187499996225e-01	6.872207051524993615e-02
5.478515624999995559e-01	6.978495848157995063e-02
4.767578124999995448e-01	5.837585890578548403e-02
4.151367187499994671e-01	5.062437370838973605e-02
5.132812499999994671e-01	6.170694046718686737e-02
4.651367187499995115e-01	5.486711651635482051e-02
4.862304687499995337e-01	5.600840058026537727e-02
