7.238281249999997113e-01	2.383401797095698049e-01
7.715820312499999112e-01	2.334224345258478495e-01
5.765624999999996447e-01	1.625334496825680819e-01
3.422851562499994449e-01	9.888858484476988064e-02
4.487304687499994449e-01	1.173252183296244339e-01
5.928710937499995781e-01	1.353897086521953508e-01
4.086914062499994449e-01	1.032972057028170992e-01
3.925781249999994449e-01	9.588267686556825597e-02
4.193359374999995337e-01	9.589000624512702964e-02
6.551757812499996447e-01	1.334240670680960084e-01
4.102539062499994671e-01	8.829289360608599813e-02
4.409179687499994449e-01	8.601675876019111711e-02
5.399414062499997558e-01	9.991004214623293300e-02
5.151367187499995559e-01	9.321047996489888188e-02
5.168945312499996225e-01	9.039942450455490386e-02
4.169921874999995004e-01	8.167388586675586315e-02
4.354492187499995337e-01	7.815817565313984416e-02
2.764648437499993561e-01	7.194482953103112366e-02
5.035156249999995781e-01	7.755991868162744052e-02
5.407226562499997113e-01	8.571640589854183367e-02
5.026367187499996003e-01	8.020756568423940969e-02
2.357421874999993117e-01	6.221963657585423413e-02
4.627929687499995337e-01	7.442898220567735479e-02
6.764648437499997113e-01	1.000603325880965178e-01
4.200195312499995781e-01	6.802531921929778902e-02
5.431640624999996003e-01	7.820250855931863698e-02
4.425781249999994893e-01	6.742097554092639500e-02
7.651367187499997780e-01	1.120180598096137681e-01
4.729492187499995115e-01	6.808363072681770933e-02
5.034179687499995559e-01	6.961143558769454509e-02
4.233398437499994449e-01	6.341027222378434192e-02
2.903320312499994005e-01	6.406953156897760016e-02
4.714843749999995115e-01	6.288086598440237318e-02
4.977539062499996003e-01	6.503610766027347057e-02
4.967773437499996003e-01	6.311444026996354539e-02
