4.537109374999995226e-01	1.017187063023068383e-01
3.626953124999994227e-01	8.145306948906751165e-02
5.898437499999997780e-01	1.262873859454017311e-01
4.018554687499994449e-01	8.540033127480091413e-02
3.455078124999994560e-01	7.518812414481701456e-02
4.387695312499995115e-01	8.406127431632011426e-02
4.341796874999995226e-01	7.928631087695947599e-02
5.549804687499995115e-01	1.012158862500017603e-01
5.210937499999996891e-01	9.450655384992387442e-02
4.702148437499995559e-01	7.961868878164519991e-02
5.647460937499996225e-01	1.003753138807116085e-01
4.705078124999995670e-01	7.228069003447037955e-02
4.789062499999995337e-01	7.817505389471665622e-02
3.951171874999995226e-01	5.948212452236900649e-02
5.095703124999995115e-01	8.028566429818287387e-02
4.567382812499994893e-01	6.828389656706627953e-02
5.089843749999994893e-01	7.662713974403194406e-02
5.035156249999995781e-01	7.244290845661208178e-02
5.787109374999994671e-01	8.810210259897581497e-02
5.399414062499997558e-01	7.836474963865885934e-02
4.445312499999995448e-01	6.105428172828417793e-02
4.357421874999995448e-01	5.827688092342769161e-02
4.864257812499995781e-01	6.559895005021698644e-02
4.180664062499994671e-01	5.519159042983496494e-02
5.123046874999994671e-01	6.881778580550486357e-02
4.801757812499994893e-01	6.220163550694530336e-02
5.711914062499997558e-01	7.639144106125085598e-02
4.295898437499994227e-01	5.276504687299419377e-02
4.302734374999994671e-01	5.264913207141858759e-02
5.248046874999996447e-01	6.622988575925932431e-02
5.393554687499996225e-01	6.805229863600031903e-02
5.084960937499994893e-01	6.187883815631418233e-02
6.067382812499996225e-01	8.038122067071498678e-02
3.604492187499994671e-01	4.347653095125094541e-02
5.899414062499998002e-01	7.300767022827023278e-02
