5.180664062499996669e-01	1.151811485531893664e-01
4.729492187499995115e-01	1.026650254418267072e-01
5.397460937499997113e-01	1.126497158160523898e-01
5.194335937499995337e-01	1.062663207735065340e-01
3.085937499999993894e-01	8.273393489649517873e-02
4.714843749999995115e-01	8.988708123816992190e-02
5.030273437499995781e-01	9.227215694444511340e-02
4.587890624999995115e-01	8.132282621513708953e-02
2.014648437499992895e-01	7.169243718303101864e-02
6.256835937499997113e-01	1.154399971036662587e-01
6.880859374999996891e-01	1.294093425398694930e-01
6.014648437499996447e-01	1.014334220294044187e-01
5.539062499999996003e-01	9.171708077515303148e-02
4.174804687499994449e-01	7.159447087692216716e-02
3.893554687499993783e-01	6.935519042988244620e-02
4.486328124999994782e-01	6.973303204462812099e-02
5.650390624999996891e-01	8.539028220884471720e-02
5.223632812499996447e-01	7.642378376300057452e-02
5.059570312499995781e-01	7.371247948088292812e-02
5.896484374999997335e-01	8.506570514030736829e-02
5.811523437499995781e-01	8.177876613383991411e-02
4.701171874999995892e-01	6.487584507545317292e-02
5.019531249999995559e-01	6.747671291518247960e-02
5.398437499999997335e-01	7.311523352256205088e-02
5.006835937499994893e-01	6.582946938644969326e-02
4.726562499999995559e-01	5.933637371229492224e-02
5.004882812499995559e-01	6.383625997341900449e-02
3.479492187499994005e-01	5.437263641529507807e-02
4.371093749999994671e-01	5.625632233349945471e-02
4.744140624999995115e-01	5.875859561112489055e-02
5.898437499999997780e-01	7.227650985201790335e-02
4.749999999999995337e-01	5.701884347668111086e-02
5.204101562499996447e-01	6.095998645056452392e-02
5.205078124999995559e-01	6.085313695356224517e-02
5.582031249999995781e-01	6.446323009544159544e-02
