6.160156249999996225e-01	1.433572307627177522e-01
5.850585937499995781e-01	1.310378978917507431e-01
4.614257812499995559e-01	1.034759383781236608e-01
6.078124999999996447e-01	1.217342712659080228e-01
4.151367187499994671e-01	8.976008118903584798e-02
2.960937499999993783e-01	8.416892323376791440e-02
4.586914062499994893e-01	9.136867493607743473e-02
5.117187499999995559e-01	9.233015706049638172e-02
5.293945312499995781e-01	9.218499822791512144e-02
6.002929687499996003e-01	1.040511877318934658e-01
5.752929687499995781e-01	9.654306040974250380e-02
4.808593749999995337e-01	7.949040098782889086e-02
4.726562499999995559e-01	7.742394830376816972e-02
4.888671874999995226e-01	7.850988261844905891e-02
5.077148437499995337e-01	7.814624271308427683e-02
5.034179687499995559e-01	7.527040268457985128e-02
5.114257812499994893e-01	7.672551319721777896e-02
6.035156249999996669e-01	8.767065085806589886e-02
3.957031249999994893e-01	6.777006121496761959e-02
4.319335937499995115e-01	6.643950353615524218e-02
5.031249999999996003e-01	6.969213345819445793e-02
6.880859374999996891e-01	9.721595519552693465e-02
5.169921874999996447e-01	6.901690906848409468e-02
4.082031249999994449e-01	6.145200211435530857e-02
5.019531249999995559e-01	6.676309594074919529e-02
5.113281249999994671e-01	6.561470415881934248e-02
5.652343749999996225e-01	7.004728379451274911e-02
4.473632812499995781e-01	6.010109679505373087e-02
5.279296874999994671e-01	6.377812332961649289e-02
4.951171874999996114e-01	6.064336476491422045e-02
4.534179687499995115e-01	5.863411082315977962e-02
6.030273437499996669e-01	7.090076193115436853e-02
6.249023437499996447e-01	7.357484557870640207e-02
4.872070312499995337e-01	5.826129303001827131e-02
4.978515624999995670e-01	5.809111507776823502e-02
