6.766601562499997558e-01	2.038156637302458440e-01
4.672851562499995559e-01	1.120911720356431579e-01
5.300781249999995115e-01	1.248464935741646353e-01
2.591796874999993672e-01	6.227473002424695203e-02
3.627929687499994449e-01	7.429979692964490401e-02
7.668945312499998446e-01	1.976418457517666594e-01
3.618164062499994449e-01	7.566371354621577450e-02
4.288085937499994671e-01	8.398858525025412747e-02
5.062499999999995337e-01	9.870551239647515351e-02
4.374999999999995004e-01	8.360019817032170175e-02
5.050781249999994893e-01	9.293934174639439938e-02
6.714843749999998002e-01	1.265059741360130274e-01
4.102539062499994671e-01	7.039721780608514112e-02
5.998046874999996003e-01	1.050459927558220763e-01
4.858398437499995559e-01	8.240664415720330704e-02
6.570312499999997335e-01	1.097634860215246227e-01
7.292968749999997335e-01	1.258805299137873424e-01
3.594726562499994671e-01	6.444258228357907514e-02
5.520507812499996225e-01	8.820857545437767178e-02
4.739257812499995115e-01	7.694759583659362134e-02
5.040039062499995781e-01	7.460948629364315410e-02
4.993164062499995115e-01	7.684829279984979611e-02
4.784179687499995337e-01	6.908658437730123836e-02
4.978515624999995670e-01	7.234868411505530894e-02
5.710937499999997335e-01	8.016483168202852283e-02
5.424804687499995559e-01	7.531064625780521660e-02
5.595703124999995559e-01	7.661516968773121605e-02
4.648437499999995004e-01	6.761771097513606665e-02
4.020507812499994893e-01	6.265714939736224953e-02
5.859374999999996669e-01	7.627495679620721614e-02
4.796874999999994893e-01	6.586610409309240355e-02
6.411132812499997780e-01	8.242341429894833871e-02
5.703124999999996669e-01	7.127086998527197570e-02
5.318359374999994671e-01	6.539925153536828295e-02
4.807617187499995115e-01	6.120811399225051241e-02
