6.570312499999997335e-01	2.016346806982028950e-01
5.130859374999994227e-01	1.276694708668764111e-01
6.372070312499997780e-01	1.684138530436865844e-01
4.269531249999994893e-01	9.828734435386110579e-02
4.302734374999994671e-01	9.198393222049960904e-02
4.070312499999994560e-01	8.493954596479942609e-02
5.806640624999996891e-01	1.234138592722947431e-01
3.893554687499993783e-01	7.743755003139758675e-02
5.646484374999996003e-01	1.112337980600907605e-01
4.868164062499995559e-01	8.876463019204151872e-02
6.862304687499997113e-01	1.431548481752296376e-01
5.163085937499994893e-01	9.221244852715487772e-02
4.420898437499994893e-01	7.467458692371123363e-02
6.056640624999996003e-01	1.076772364746970828e-01
4.748046874999995448e-01	7.681973852707077444e-02
4.504882812499995115e-01	7.118498935002111339e-02
4.792968749999995115e-01	7.476875545821343172e-02
7.013671874999998224e-01	1.219523319985303944e-01
6.229492187499996447e-01	1.002535179130087245e-01
4.435546874999995448e-01	6.688238836888205086e-02
5.339843749999996225e-01	7.831286064793163693e-02
6.302734374999996447e-01	9.628256463682238753e-02
4.978515624999995670e-01	6.960877784766637821e-02
6.030273437499996669e-01	8.600389393884433353e-02
5.142578124999994671e-01	6.942226714914762065e-02
4.315429687499994227e-01	5.841812902505360422e-02
4.717773437499995781e-01	6.274542177948924659e-02
4.980468749999995559e-01	6.405590882085493432e-02
6.395507812499997558e-01	8.815892412102417641e-02
5.474609374999994671e-01	6.810888953359767184e-02
5.936523437499996447e-01	7.562336492249754905e-02
4.071289062499994227e-01	5.117052165766059618e-02
4.359374999999995337e-01	5.318400051482802260e-02
4.947265624999995781e-01	5.991831006589046910e-02
5.292968749999995559e-01	6.378593164451455688e-02
