6.144531249999996003e-01	1.617603621358784660e-01
5.125976562499995337e-01	1.199975228119893045e-01
5.002929687499995115e-01	1.112361501814472520e-01
5.588867187499995115e-01	1.233309169367705349e-01
4.562499999999994893e-01	9.089753013529425218e-02
5.755859374999996447e-01	1.192464348657024525e-01
2.935546874999994116e-01	6.644109997442722293e-02
4.032226562499994227e-01	7.811005490681255381e-02
5.630859374999994671e-01	1.028241266489406253e-01
4.950195312499996447e-01	8.844761718404423045e-02
5.750976562499996447e-01	1.020177364817164700e-01
4.144531249999994227e-01	7.226688352444712860e-02
5.670898437499996003e-01	9.550238320899764877e-02
5.110351562499995115e-01	8.119420821866177307e-02
5.415039062499996669e-01	8.413957429155408119e-02
5.922851562499996669e-01	9.384060133472517384e-02
5.589843749999995337e-01	8.669439116902027953e-02
5.381835937499995781e-01	8.040014212952341366e-02
6.492187499999997335e-01	1.002707095104292262e-01
4.515624999999995337e-01	6.351861147112539130e-02
6.462890624999997335e-01	9.474715400663007159e-02
5.041992187499995115e-01	6.952942369903319930e-02
5.342773437499995781e-01	7.248827063927894276e-02
5.253906249999995559e-01	7.063894509278466349e-02
4.021484374999994560e-01	5.743758930779834654e-02
3.667968749999994671e-01	5.717740669386570801e-02
4.834960937499995781e-01	6.309373887897193334e-02
4.960937499999995559e-01	6.448463429140949277e-02
5.856445312499997113e-01	7.389843165033606331e-02
5.729492187499996003e-01	7.078027738865776131e-02
5.097656249999994449e-01	6.328127959792607948e-02
5.131835937499994449e-01	5.965704358211623010e-02
4.459960937499994893e-01	5.500077168595484539e-02
5.359374999999996225e-01	6.217463008850661332e-02
5.295898437499995115e-01	6.073550097800069214e-02
