4.930664062499995337e-01	1.146804431796896312e-01
6.208984374999997335e-01	1.427756255052728129e-01
5.369140624999997335e-01	1.131220768418829958e-01
4.824218749999995559e-01	9.953810114209872550e-02
5.929687499999996003e-01	1.204396849169060840e-01
6.120117187499996003e-01	1.208115446173239627e-01
5.178710937499996225e-01	9.323392527715058942e-02
3.653320312499994671e-01	7.141318874301946784e-02
6.680664062499998002e-01	1.256558765377194520e-01
5.800781249999995559e-01	9.983598232492947588e-02
4.291992187499994449e-01	7.395545821162392841e-02
6.350585937499996225e-01	1.072950990423239687e-01
5.201171874999996891e-01	8.203515980082587422e-02
3.729492187499994227e-01	6.550324863804600495e-02
4.984374999999995337e-01	7.717172576936599804e-02
4.029296874999994671e-01	6.428632181694014791e-02
6.583984374999996003e-01	1.050218014155780283e-01
5.123046874999994671e-01	7.278423606545680880e-02
3.457031249999994449e-01	5.913584812962892345e-02
4.932617187499995781e-01	7.016321671165405560e-02
5.465820312499996003e-01	7.574275344430971002e-02
5.703124999999996669e-01	7.891962253855414056e-02
5.211914062499997113e-01	7.028788202324662282e-02
4.974609374999995892e-01	6.573261695514055758e-02
5.209960937499996669e-01	6.586242447798196231e-02
5.911132812499997335e-01	7.703722985241248655e-02
4.656249999999995115e-01	5.880670834489160059e-02
5.105468749999995115e-01	6.441138353750314183e-02
5.436523437499996003e-01	6.656399475309110469e-02
3.945312499999995004e-01	5.231712640979625101e-02
4.903320312499995781e-01	5.688472753133861498e-02
4.492187499999995004e-01	5.253520863881860903e-02
4.198242187499995337e-01	5.054199146205374388e-02
5.778320312499996003e-01	6.850202153758390422e-02
4.364257812499995337e-01	5.141902015364219203e-02
