4.162109374999994893e-01	9.632849730006376454e-02
6.586914062499996669e-01	1.773994782421332017e-01
4.722656249999995781e-01	1.005245089274719034e-01
4.327148437499994671e-01	8.924539027669529945e-02
5.804687499999996447e-01	1.216271624690351411e-01
5.186523437499995781e-01	1.043550940855570569e-01
3.420898437499994005e-01	6.811651615984797015e-02
4.228515624999995004e-01	8.113467764181404862e-02
4.768554687499995115e-01	8.694591607506027553e-02
4.374023437499995337e-01	7.718794380993407311e-02
4.183593749999995337e-01	7.231394603415979006e-02
5.699218749999996891e-01	9.855278451266197282e-02
5.252929687499995337e-01	8.711528560201878268e-02
4.458007812499995559e-01	7.301708397148141960e-02
5.694335937499995781e-01	9.156732431089097124e-02
4.283203124999994671e-01	6.984270942229579837e-02
5.142578124999994671e-01	7.713025096744133280e-02
5.172851562499996003e-01	7.567827387953456053e-02
4.618164062499995337e-01	6.916305875438873152e-02
4.904296874999995448e-01	6.849579751186300747e-02
3.980468749999994671e-01	6.072283834178855699e-02
5.289062499999994671e-01	7.392789096992437303e-02
4.523437499999994893e-01	6.303045481641071646e-02
5.532226562499996669e-01	7.449289464030059427e-02
5.552734374999994671e-01	7.278459538821446806e-02
4.575195312499995559e-01	6.009058405349340659e-02
4.981445312499995781e-01	6.458959730810713562e-02
4.563476562499995115e-01	5.937601081286054960e-02
6.383789062499997113e-01	8.330175202940401369e-02
5.723632812499996891e-01	7.038663955073352907e-02
5.735351562499996225e-01	6.955394880700634108e-02
4.439453124999995226e-01	5.601237594454513968e-02
4.866210937499995115e-01	5.758805620777053547e-02
5.731445312499996447e-01	6.741359833774161758e-02
4.889648437499994893e-01	5.761928181901681406e-02
