4.358398437499995115e-01	9.953141228664043327e-02
4.889648437499994893e-01	1.060901057854158197e-01
4.454101562499995781e-01	9.427327286179291999e-02
5.023437499999996447e-01	9.976340654212928483e-02
6.375976562499997558e-01	1.355559459589008031e-01
3.416992187499994227e-01	7.749056504110540811e-02
3.563476562499994227e-01	7.534013810569341330e-02
4.833007812499995337e-01	8.841620676873170048e-02
5.941406249999996447e-01	1.108762336749915117e-01
4.634765624999995226e-01	7.646011067845283338e-02
5.234374999999995559e-01	8.684390059476224111e-02
5.014648437499995559e-01	8.045198016935195540e-02
4.829101562499995559e-01	7.543945904433854710e-02
4.666992187499995337e-01	7.353657165986660083e-02
3.518554687499994005e-01	6.061353956434728518e-02
4.402343749999995115e-01	6.641051540780937290e-02
4.599609374999995559e-01	6.588534051014406645e-02
4.120117187499994227e-01	6.186376053502271044e-02
5.467773437499995337e-01	8.042865569947932336e-02
5.333984374999996003e-01	7.510285115138899681e-02
4.769531249999995337e-01	6.452114535982403365e-02
3.862304687499994449e-01	5.392822881670123608e-02
5.187499999999996003e-01	6.953728055054649027e-02
4.888671874999995226e-01	6.344514805890191789e-02
4.085937499999994782e-01	5.334481231953325242e-02
4.806640624999994893e-01	5.991631244453318739e-02
3.977539062499995115e-01	5.293005280968764853e-02
4.209960937499994671e-01	5.346234595306811888e-02
5.580078124999996447e-01	7.062704646549770870e-02
5.887695312499997558e-01	7.465045724941592187e-02
5.556640624999995559e-01	6.813212967435648693e-02
5.355468749999996447e-01	6.388677647095246381e-02
4.080078124999994560e-01	4.873684172812539628e-02
3.856445312499995337e-01	4.779930639788440572e-02
5.000976562499995781e-01	5.680187881454355076e-02
