3.056640624999993339e-01	9.285689137713336316e-02
4.201171874999995448e-01	1.103210701038766367e-01
5.588867187499995115e-01	1.387914828282281465e-01
6.068359374999996447e-01	1.429500065512826212e-01
6.175781249999996447e-01	1.398952449200738524e-01
3.749023437499994227e-01	8.901877447338261973e-02
9.040039062499999334e-01	2.322522358421455213e-01
6.070312499999996891e-01	1.292056902999668411e-01
4.241210937499995115e-01	9.340390784559586546e-02
4.939453124999995670e-01	9.631456305369218152e-02
5.081054687499995115e-01	9.952614332283331311e-02
5.961914062499996669e-01	1.094489559829162628e-01
3.650390624999994005e-01	8.389984383532438084e-02
4.354492187499995337e-01	8.312648846955034143e-02
4.573242187499995115e-01	8.059994260720769466e-02
4.371093749999994671e-01	8.133590215302098636e-02
3.542968749999994005e-01	6.898970643752780352e-02
4.208984374999995004e-01	7.439763692251585847e-02
4.010742187499994893e-01	7.260329550615989003e-02
5.104492187499994893e-01	7.648872487138756726e-02
3.875976562499994227e-01	6.840903554321209334e-02
4.668945312499995781e-01	7.162225342865775890e-02
3.462890624999994116e-01	6.656844927297499159e-02
4.938476562499996003e-01	7.290959998254047114e-02
4.455078124999995448e-01	6.724211386296607973e-02
5.178710937499996225e-01	7.198006704366131936e-02
5.403320312499997335e-01	7.280895970067891021e-02
5.438476562499996447e-01	7.107839729160353448e-02
5.983398437499996003e-01	7.817068573326743652e-02
4.476562499999995337e-01	6.309256428061500721e-02
4.790039062499995559e-01	6.307521337579921616e-02
4.352539062499994893e-01	5.812186749375556488e-02
5.848632812499996447e-01	7.271386235045823598e-02
5.762695312499996891e-01	7.078698713349951266e-02
5.804687499999996447e-01	6.947348235731187760e-02
