5.134765624999995115e-01	1.341363064155961238e-01
3.947265624999994893e-01	9.607493100047284629e-02
5.577148437499995781e-01	1.319855936756564874e-01
3.167968749999994227e-01	7.576754740084727657e-02
4.817382812499995115e-01	1.041195374333011431e-01
4.561523437499994671e-01	9.487006326456455529e-02
3.018554687499993561e-01	6.667460388080553857e-02
4.296874999999994449e-01	8.210100908182629831e-02
5.422851562499996225e-01	1.060793989579008889e-01
3.392578124999993672e-01	6.546321041400030016e-02
5.441406249999996003e-01	9.736719129167466236e-02
5.400390624999997780e-01	9.729027009281786265e-02
4.704101562499996003e-01	7.865173719051546386e-02
5.516601562499996447e-01	9.327637426847801283e-02
4.551757812499994671e-01	7.193607169448346106e-02
4.387695312499995115e-01	6.938894093079103764e-02
4.543945312499995115e-01	6.831803421768993523e-02
6.078124999999996447e-01	9.950555494965483694e-02
5.820312499999995559e-01	8.968776817836887627e-02
5.121093749999995337e-01	7.352639692854699704e-02
6.317382812499996447e-01	9.803780357109635746e-02
4.853515624999995559e-01	6.752433537739618852e-02
4.124999999999994782e-01	5.787039246761771505e-02
5.466796874999995115e-01	7.558340003545691022e-02
5.519531249999996003e-01	7.626194640156619409e-02
4.249023437499994671e-01	5.545030941019293835e-02
4.195312499999995226e-01	5.457172342208992805e-02
5.734374999999996003e-01	7.691244162689238328e-02
4.403320312499995337e-01	5.532148989654722682e-02
5.578124999999996003e-01	6.974423609842637928e-02
4.589843749999995559e-01	5.656158164947474448e-02
5.527343749999996669e-01	6.948990175367346367e-02
5.709960937499997113e-01	7.092695580191410443e-02
5.641601562499996003e-01	6.886875810599557557e-02
4.694335937499996003e-01	5.431611835684286432e-02
