5.166992187499995781e-01	1.173455849198428297e-01
5.291015624999995115e-01	1.169613508624852694e-01
5.123046874999994671e-01	1.062988113029567500e-01
4.833007812499995337e-01	9.568698037057177253e-02
5.064453124999994671e-01	9.504154978935490383e-02
3.657226562499994449e-01	7.103536012675149003e-02
4.069335937499994893e-01	7.304893058811078033e-02
4.984374999999995337e-01	8.739293469263376135e-02
5.292968749999995559e-01	9.576645018617217786e-02
5.158203124999996003e-01	8.703931347278438813e-02
4.291992187499994449e-01	6.988300219748622144e-02
5.810546874999995559e-01	1.012550224265150595e-01
3.825195312499994893e-01	6.156183625817166633e-02
6.376953124999997780e-01	1.126497228588999727e-01
5.864257812499996669e-01	9.656369065542753927e-02
4.571289062499994671e-01	6.684346963467426017e-02
4.692382812499995559e-01	6.937532689944378439e-02
4.737304687499994671e-01	6.635548760633880327e-02
4.098632812499994893e-01	5.775328295495692210e-02
5.727539062499996669e-01	8.450536701642627491e-02
6.018554687499996225e-01	9.027974146333536676e-02
5.839843749999996669e-01	8.574804831030012620e-02
5.041015624999996003e-01	6.797173502046247040e-02
5.178710937499996225e-01	6.919861056236764618e-02
4.236328124999994560e-01	5.397427519093197373e-02
6.668945312499997558e-01	1.007217453305981475e-01
4.533203124999994893e-01	5.650471681965355680e-02
4.493164062499994671e-01	5.524185903565194400e-02
5.126953124999995559e-01	6.440132683430462024e-02
4.849609374999995781e-01	5.899634541391529652e-02
4.252929687499994449e-01	5.052384544695760066e-02
4.861328124999995670e-01	5.738355349409251377e-02
4.813476562499995337e-01	5.555923532235025608e-02
3.938476562499995115e-01	4.534002522352796605e-02
5.009765624999995559e-01	5.722758811567189852e-02
