5.702148437499996447e-01	1.276449068346136029e-01
3.318359374999994005e-01	9.749270519068330143e-02
6.435546874999997780e-01	1.419659020075177969e-01
5.116210937499995337e-01	1.074312297760172813e-01
3.545898437499993561e-01	8.652316464241573135e-02
3.799804687499993561e-01	8.385031042858760719e-02
2.667968749999993783e-01	8.113734196455088532e-02
5.662109374999995115e-01	1.039280933496685710e-01
3.877929687499994671e-01	7.918123326350866298e-02
4.665039062499994893e-01	8.306023843905213644e-02
3.837890624999994449e-01	7.265094780521928752e-02
5.173828124999995115e-01	8.520293399390965750e-02
5.370117187499996447e-01	8.822027071323844394e-02
4.787109374999995448e-01	7.514349279667355275e-02
5.210937499999996891e-01	8.149116160395797337e-02
4.838867187499995559e-01	7.272233297971418542e-02
4.635742187499994893e-01	7.154718518421390727e-02
5.419921874999995559e-01	7.827287239853998602e-02
4.860351562499996003e-01	6.891515887819854580e-02
5.553710937499994893e-01	7.678435729216716299e-02
5.313476562499995781e-01	7.310919500373923297e-02
6.378906249999997113e-01	8.862908634775018557e-02
4.242187499999994782e-01	6.211828871121213846e-02
4.879882812499996003e-01	6.397429685578880088e-02
6.138671874999996891e-01	8.046691413159572093e-02
3.583984374999994449e-01	5.872312647899286669e-02
5.647460937499996225e-01	7.085867977108158133e-02
5.434570312499996669e-01	6.783738557280423465e-02
5.343749999999996003e-01	6.589224072088126216e-02
4.259765624999994893e-01	5.745531566804183005e-02
5.183593749999996225e-01	6.282895049303428847e-02
4.967773437499996003e-01	6.074227595850523881e-02
4.740234374999995337e-01	5.667895628465437902e-02
4.225585937499994893e-01	5.437165315940949845e-02
4.395507812499994671e-01	5.473136045180588410e-02
