4.971679687499995781e-01	1.323311131989204636e-01
4.899414062499994893e-01	1.166440811508881042e-01
1.045117187500000044e+00	4.206924958162528982e-01
4.661132812499995115e-01	1.139108038466827150e-01
4.938476562499996003e-01	1.136904239793878474e-01
3.304687499999993672e-01	7.959407493259061661e-02
5.289062499999994671e-01	1.101966555403849773e-01
5.477539062499995337e-01	1.120779276568930477e-01
5.450195312499996891e-01	1.103199718106324112e-01
5.505859374999995115e-01	1.088352236414047158e-01
4.422851562499995337e-01	8.408430534959893121e-02
4.421874999999995115e-01	7.963583634644473552e-02
6.067382812499996225e-01	1.093270614351598835e-01
6.118164062499996669e-01	1.089279507915286022e-01
5.030273437499995781e-01	8.432770722895174820e-02
4.547851562499994893e-01	7.655111149932321279e-02
6.447265624999998224e-01	1.077105564066130755e-01
5.561523437499995559e-01	8.754770680414725170e-02
4.783203124999995115e-01	7.597825831652438300e-02
4.718749999999995448e-01	7.049709583780276734e-02
4.091796874999995004e-01	6.516737866521261913e-02
4.226562499999995115e-01	6.724010616112924277e-02
4.466796874999995337e-01	6.525205579200327177e-02
5.999023437499996225e-01	8.609177870799528121e-02
4.613281249999995337e-01	6.533969584343971015e-02
5.447265624999997335e-01	7.431061000598060406e-02
3.916992187499994671e-01	6.115837776506471979e-02
4.149414062499994227e-01	5.839277906274909641e-02
5.099609374999993783e-01	6.718688008398610023e-02
5.468749999999995559e-01	7.000658526997043107e-02
6.276367187499996003e-01	8.130815019674995925e-02
6.056640624999996003e-01	7.638567220625666621e-02
4.833007812499995337e-01	5.966103458782262559e-02
5.620117187499995559e-01	6.864176653687509289e-02
5.155273437499995337e-01	6.239729055477571951e-02
