4.998046874999995670e-01	1.307682074543137507e-01
4.700195312499996225e-01	1.180926802104453610e-01
4.568359374999995115e-01	1.047217875320333308e-01
3.719726562499994227e-01	8.079468056822805555e-02
3.659179687499993783e-01	7.640562940013981286e-02
4.906249999999995337e-01	1.057694764819877842e-01
4.320312499999994782e-01	8.642221730667065671e-02
6.050781249999995781e-01	1.420688366015283310e-01
4.016601562499995115e-01	7.289006651820431615e-02
5.698242187499996669e-01	1.199596881541235005e-01
8.066406249999997780e-01	2.246692474141764317e-01
3.436523437499994227e-01	5.990511001460070012e-02
4.297851562499994671e-01	7.448281085477582997e-02
3.746093749999994671e-01	6.229427821906466378e-02
4.035156249999994893e-01	6.627666151985479870e-02
6.263671874999996447e-01	1.252603006975036570e-01
4.722656249999995781e-01	7.803374759331531407e-02
6.396484374999997780e-01	1.218013664641416222e-01
4.875976562499995115e-01	7.782918952987741279e-02
5.542968749999995781e-01	9.213735725874444560e-02
4.583007812499995115e-01	6.865911330582322170e-02
3.238281249999993561e-01	4.737913636069118056e-02
5.127929687499994671e-01	7.758987146011935010e-02
4.602539062499995115e-01	6.554753160267730305e-02
4.727539062499995781e-01	6.753539568851164854e-02
5.150390624999996447e-01	7.473587637452494548e-02
5.354492187499996225e-01	7.973109954095601581e-02
4.816406249999994893e-01	6.628244320319669203e-02
4.794921874999995004e-01	6.464473233953932363e-02
4.833984374999995559e-01	6.443741902045614645e-02
4.747070312499995781e-01	6.269816303000748381e-02
5.005859374999994671e-01	6.598528129117822716e-02
4.083984374999994893e-01	4.912993347254393517e-02
5.353515624999996003e-01	7.261319328609643076e-02
5.517578124999995559e-01	7.457851203809381935e-02
