5.206054687499995781e-01	1.467903028344683947e-01
3.867187499999994449e-01	1.081480802821858517e-01
2.869140624999993450e-01	7.766280826891087952e-02
1.060449218750000089e+00	4.726439210238876365e-01
4.882812499999995559e-01	1.159563374336286812e-01
6.240234374999995559e-01	1.657311995169323260e-01
3.790039062499994671e-01	9.075299520784592400e-02
5.305664062499996225e-01	1.302686334963093218e-01
5.730468749999996225e-01	1.419783690115302699e-01
3.554687499999993894e-01	7.819924044436266097e-02
4.499023437499994893e-01	1.013090778569846889e-01
5.389648437499996447e-01	1.221534125039462765e-01
5.453124999999996447e-01	1.267904508493082893e-01
4.416992187499995115e-01	9.166085895326751831e-02
5.220703124999996891e-01	1.089690439299970115e-01
6.202148437499996891e-01	1.468259850533891464e-01
5.592773437499994893e-01	1.250059882774277042e-01
4.209960937499994671e-01	8.116407539406969573e-02
5.244140624999995559e-01	1.060867291760369258e-01
6.708007812499997558e-01	1.617212562053092495e-01
4.221679687499995115e-01	7.530578756634859205e-02
4.264648437499994893e-01	7.773328692918642091e-02
5.201171874999996891e-01	1.028686102580420453e-01
4.170898437499994671e-01	7.371754271765204591e-02
6.614257812499996225e-01	1.522964355923383528e-01
5.498046874999995559e-01	1.064569662843475040e-01
4.756835937499995781e-01	8.680855639545727309e-02
3.768554687499994227e-01	5.983686956234923748e-02
4.534179687499995115e-01	7.894562816366570979e-02
5.589843749999995337e-01	1.064113653041598301e-01
4.677734374999995559e-01	7.783728282022144007e-02
5.475585937499994893e-01	1.027257917850157437e-01
5.856445312499997113e-01	1.142935952498197599e-01
4.541015624999995004e-01	7.469144752808519472e-02
4.632812499999995337e-01	7.308708915409556361e-02
