3.331054687499993561e-01	9.003648735408610604e-02
4.151367187499994671e-01	1.083155682953755305e-01
4.031249999999994560e-01	1.010039456519325890e-01
4.349609374999995337e-01	1.014577819413065157e-01
6.185546874999996447e-01	1.645900514188126107e-01
5.198242187499996225e-01	1.222761566566399893e-01
5.540039062499996225e-01	1.301470883842447690e-01
5.367187499999996891e-01	1.184510592781699706e-01
3.662109374999994449e-01	7.138930863571449348e-02
5.089843749999994893e-01	1.032495527684399589e-01
4.459960937499994893e-01	8.269139600017087754e-02
4.434570312499995781e-01	7.884830586303374911e-02
5.539062499999996003e-01	1.066169703287325049e-01
4.020507812499994893e-01	6.739450026341005373e-02
6.022460937499997113e-01	1.219169493993372960e-01
5.140624999999995337e-01	8.936949980969562113e-02
6.552734374999995559e-01	1.330907862812858167e-01
4.159179687499994227e-01	6.454718448497266670e-02
7.023437499999998224e-01	1.455144806567308935e-01
3.111328124999994116e-01	4.879938108968204236e-02
6.070312499999996891e-01	1.082588594732951520e-01
3.970703124999994671e-01	5.756327495154991980e-02
7.169921874999998224e-01	1.403899771583143885e-01
6.564453124999996003e-01	1.165918793352582056e-01
5.154296874999995115e-01	7.738198047233010857e-02
6.129882812499996003e-01	9.900046469841233820e-02
5.718749999999996891e-01	8.656171624244214657e-02
5.978515624999996003e-01	9.211537346790277248e-02
4.459960937499994893e-01	5.836420218013728400e-02
5.421874999999996003e-01	7.668244496420599521e-02
4.385742187499994671e-01	5.525470006208263452e-02
5.136718749999995559e-01	6.837193768105236102e-02
3.847656249999994449e-01	4.773089548565397078e-02
5.853515624999996447e-01	8.186870219959416217e-02
5.636718749999996003e-01	7.647412339912772195e-02
