6.700195312499998002e-01	2.190592618007346504e-01
4.318359374999994893e-01	1.064138838910763246e-01
4.807617187499995115e-01	1.138456776256098479e-01
5.118164062499995781e-01	1.143640495897801368e-01
5.818359374999995115e-01	1.433381331868943676e-01
5.681640624999997335e-01	1.256355042168097458e-01
4.651367187499995115e-01	9.380361661430755560e-02
6.477539062499996225e-01	1.515637860135182757e-01
5.145507812499995337e-01	1.009547462465226614e-01
7.026367187499997780e-01	1.644914823264017611e-01
6.674804687499996669e-01	1.441961871045142063e-01
4.588867187499995337e-01	8.017229770813363854e-02
4.518554687499994893e-01	7.805057386578796719e-02
4.437499999999995337e-01	7.202456151199518319e-02
5.419921874999995559e-01	9.529715155099115209e-02
4.146484374999994671e-01	6.481818160521200800e-02
4.941406249999995559e-01	7.937217147628980451e-02
4.114257812499995115e-01	5.992848703465306071e-02
5.713867187499996891e-01	9.365166245040972004e-02
5.510742187499996225e-01	8.908935464321977860e-02
5.767578124999996891e-01	9.267067305103497687e-02
4.329101562499995115e-01	6.149417375295344185e-02
4.880859374999995670e-01	6.962516847204874848e-02
4.218749999999995004e-01	5.773475832068735575e-02
3.381835937499994005e-01	4.635911535608976813e-02
4.280273437499995115e-01	5.632138746228518983e-02
4.768554687499995115e-01	6.366317774337412749e-02
3.727539062499994893e-01	4.744828811034525889e-02
6.327148437499996447e-01	9.995420857099564238e-02
6.341796874999996447e-01	9.842380497830222064e-02
4.527343749999994671e-01	5.717953353900749602e-02
4.691406249999995337e-01	5.992668929961642021e-02
4.722656249999995781e-01	5.952978231487954242e-02
4.740234374999995337e-01	5.851055325544816249e-02
4.827148437499995115e-01	5.893185977833893807e-02
