4.694335937499996003e-01	1.060228423341965237e-01
5.172851562499996003e-01	1.091484374225710208e-01
6.952148437499997558e-01	1.638650995112494457e-01
3.832031249999994227e-01	8.587548070113495968e-02
4.936523437499995559e-01	1.034034589545214794e-01
4.658203124999995004e-01	9.573828296604497412e-02
6.708984374999997780e-01	1.392895803917726105e-01
4.642578124999994782e-01	9.410892579309861061e-02
5.628906249999995337e-01	1.068653798150795281e-01
4.624999999999995226e-01	9.225159209382620407e-02
4.610351562499995781e-01	9.085253068519738573e-02
4.827148437499995115e-01	9.307743062579716675e-02
4.213867187499994449e-01	7.904187808024185080e-02
3.218749999999994116e-01	7.608548274863914662e-02
5.197265624999996003e-01	9.177685365288829056e-02
4.446289062499995115e-01	8.490642602194581334e-02
3.922851562499994893e-01	7.676160044951724215e-02
4.893554687499994671e-01	8.071350149332083557e-02
4.297851562499994671e-01	7.887393396691659564e-02
4.437499999999995337e-01	7.885041842656849431e-02
5.123046874999994671e-01	8.239834647170050930e-02
3.898437499999994338e-01	7.431851456937878242e-02
4.930664062499995337e-01	7.540952726410857232e-02
4.396484374999994893e-01	7.586583039968752828e-02
4.939453124999995670e-01	7.584249281588763270e-02
3.726562499999994671e-01	7.496090660472816414e-02
4.526367187499994449e-01	7.420002886135687592e-02
4.270507812499995115e-01	6.717260592397671093e-02
4.707031249999995559e-01	7.249207535454534057e-02
4.612304687499995115e-01	7.231128303981076977e-02
4.196289062499994893e-01	7.108076678585349695e-02
5.547851562499995781e-01	7.358641161297095612e-02
5.162109374999994671e-01	7.067259425875369039e-02
5.398437499999997335e-01	7.132966417043265506e-02
5.013671874999996447e-01	6.817194496038336826e-02
