5.963867187499996003e-01	1.344192999462263671e-01
5.910156249999997113e-01	1.308468150515106898e-01
3.870117187499994005e-01	8.331028560047749887e-02
4.224609374999995226e-01	8.738968202587470147e-02
3.491210937499994449e-01	7.756113963733542171e-02
5.306640624999996447e-01	1.006949919782036268e-01
4.520507812499995337e-01	8.494692058032406179e-02
5.198242187499996225e-01	9.072955210917277302e-02
4.611328124999995448e-01	7.891574720106341034e-02
3.648437499999994116e-01	6.547110532919289683e-02
6.662109374999996003e-01	1.243568866152880703e-01
4.302734374999994671e-01	6.764266046672699761e-02
4.715820312499995337e-01	7.486382454001022646e-02
4.736328124999995004e-01	7.212396582765799591e-02
4.663085937499995559e-01	7.086593585384511063e-02
5.625976562499995781e-01	8.420827635767526298e-02
4.116210937499994449e-01	6.141529290954132053e-02
5.424804687499995559e-01	8.029518739168775565e-02
4.956054687499995559e-01	6.862812975386753389e-02
5.532226562499996669e-01	7.852672345453913516e-02
4.874999999999995448e-01	6.636113962315436099e-02
4.821289062499994893e-01	6.462874508436115828e-02
3.839843749999994893e-01	5.266955228761061036e-02
4.514648437499995115e-01	5.823784061109698457e-02
4.964843749999995337e-01	6.356872877797054011e-02
4.234374999999994671e-01	5.290671775079355821e-02
4.289062499999994893e-01	5.346264604601397297e-02
4.289062499999994893e-01	5.288027263429777997e-02
4.637695312499995337e-01	5.568517790406586621e-02
4.946289062499995559e-01	5.937805381109577396e-02
4.952148437499995781e-01	5.927594984722360516e-02
5.479492187499995781e-01	6.473641644371312676e-02
4.785156249999995559e-01	5.521521958390208928e-02
5.583007812499996003e-01	6.555639020263979988e-02
4.933593749999996003e-01	5.519238388620024971e-02
