3.120117187499993339e-01	8.066905696969069173e-02
5.543945312499996003e-01	1.211576720285331837e-01
5.209960937499996669e-01	1.027590332285833047e-01
5.649414062499996669e-01	1.120517375755646777e-01
5.763671874999996003e-01	1.109263224064545583e-01
5.744140624999996003e-01	1.096416020223155291e-01
4.054687499999994338e-01	7.917894339756081923e-02
4.597656249999995115e-01	7.896385069123428024e-02
4.139648437499994227e-01	7.087454938829809703e-02
5.633789062499995337e-01	9.481120593261489760e-02
5.314453124999996003e-01	8.774514960895964111e-02
4.397460937499995115e-01	6.957813578941002275e-02
4.312499999999994671e-01	6.961984092716751171e-02
4.331054687499994449e-01	6.958007602743240816e-02
4.879882812499996003e-01	7.380789094096859571e-02
5.048828124999995559e-01	7.233829260858079535e-02
5.375976562499996669e-01	7.729128343175616089e-02
5.858398437499996447e-01	8.318535745314754870e-02
5.358398437499996003e-01	7.437328491886856241e-02
4.851562499999995670e-01	6.689147981329549020e-02
5.790039062499995337e-01	7.934584116862271330e-02
4.132812499999994893e-01	5.801561386738846027e-02
6.523437499999997780e-01	9.195313664092283346e-02
4.442382812499995337e-01	5.849332422835093470e-02
4.873046874999995559e-01	6.142378352905017436e-02
5.021484374999996003e-01	6.188361349245935505e-02
4.934570312499996225e-01	6.053599547537771852e-02
5.944335937499997113e-01	7.399049793040239631e-02
5.828124999999996225e-01	7.269315698535055992e-02
5.117187499999995559e-01	6.023907258475871829e-02
5.005859374999994671e-01	5.790523186461907224e-02
4.964843749999995337e-01	5.679028619042471998e-02
5.495117187499996003e-01	6.340439723891443113e-02
4.631835937499995115e-01	5.240495655979569151e-02
4.898437499999995226e-01	5.452915901781116292e-02
