5.769531249999996225e-01	1.362622756771522115e-01
5.105468749999995115e-01	1.188756119089887237e-01
4.583984374999995337e-01	9.985950966731078904e-02
5.324218749999996003e-01	1.128642144026285182e-01
5.002929687499995115e-01	1.015696026153165010e-01
5.444335937499996669e-01	1.084116049767199358e-01
5.734374999999996003e-01	1.057712819273380345e-01
5.818359374999995115e-01	1.094142891734834339e-01
4.261718749999995337e-01	7.552109218561960102e-02
4.231445312499995115e-01	7.579283222965721434e-02
4.600585937499995781e-01	7.682635932072839902e-02
4.650390624999994893e-01	7.715167926677089782e-02
4.336914062499994671e-01	6.921984120402728535e-02
3.954101562499995337e-01	6.333054538874723083e-02
5.579101562499996225e-01	8.839549460553350335e-02
5.414062499999996447e-01	8.257371457758190536e-02
4.708984374999995448e-01	6.828154758830362603e-02
3.539062499999994227e-01	5.806583455674784594e-02
5.608398437499995115e-01	8.084694829062284704e-02
4.513671874999995448e-01	6.333837651142013025e-02
4.862304687499995337e-01	6.724339900680549598e-02
4.617187499999995115e-01	6.262533020685989715e-02
5.521484374999996447e-01	7.675305352940403614e-02
4.897460937499995559e-01	6.405624863516803935e-02
4.281249999999994782e-01	5.539524057425607162e-02
5.021484374999996003e-01	6.501024831692879535e-02
5.675781249999996003e-01	7.387652873855883595e-02
4.529296874999995115e-01	5.627989829662730786e-02
4.762695312499996003e-01	5.833759441207248680e-02
4.530273437499995337e-01	5.533475347680486683e-02
4.288085937499994671e-01	5.096054614429086638e-02
4.065429687499994005e-01	4.867704646249016581e-02
5.424804687499995559e-01	6.583536317479074529e-02
5.028320312499996447e-01	5.855979912386618386e-02
4.967773437499996003e-01	5.722654100566152563e-02
