4.527343749999994671e-01	1.350397807940149630e-01
5.314453124999996003e-01	1.622288653460838559e-01
3.615234374999994338e-01	9.273362957712920351e-02
3.063476562499993783e-01	7.095130473942250215e-02
5.268554687499995559e-01	1.357787045868673881e-01
3.973632812499995337e-01	9.168491518460773759e-02
4.547851562499994893e-01	1.003419149762276863e-01
3.717773437499994893e-01	8.106322818556657706e-02
4.029296874999994671e-01	8.322287278747614314e-02
6.146484374999996447e-01	1.359751974441653632e-01
5.014648437499995559e-01	9.461734292777754241e-02
6.013671874999997335e-01	1.193303471055775777e-01
4.811523437499994893e-01	8.932063109428267644e-02
4.815429687499994671e-01	8.754481127911530047e-02
4.269531249999994893e-01	7.827652972810035525e-02
5.687499999999996447e-01	9.862704820863266164e-02
4.540039062499995337e-01	7.681910958967701208e-02
5.031249999999996003e-01	8.166019736724430822e-02
5.129882812499995115e-01	8.309728993947781972e-02
5.170898437499995559e-01	8.364449081948474585e-02
5.339843749999996225e-01	8.234676806597479581e-02
4.746093749999995559e-01	7.297942558442273298e-02
5.079101562499995781e-01	7.594778855338252255e-02
4.762695312499996003e-01	7.091618288092581268e-02
4.795898437499994671e-01	7.086270520245435689e-02
3.791015624999994338e-01	6.305370258746882672e-02
6.220703124999997780e-01	8.725732705105478104e-02
4.953124999999996003e-01	6.956123691152485411e-02
5.187499999999996003e-01	6.971736413611737126e-02
5.148437499999996003e-01	6.763767490063653243e-02
4.648437499999995004e-01	6.498603389000261188e-02
5.734374999999996003e-01	7.395091754860877442e-02
5.203124999999996225e-01	6.686811165755898734e-02
4.622070312499995115e-01	6.212871033267901993e-02
5.052734374999994227e-01	6.389185249745076012e-02
