5.317382812499995559e-01	1.268402018731916436e-01
4.179687499999995004e-01	8.354949236563158355e-02
4.787109374999995448e-01	1.030387428954794293e-01
5.856445312499997113e-01	1.256749479055542795e-01
6.714843749999998002e-01	1.541689845337929909e-01
6.006835937499995781e-01	1.177613653981875036e-01
5.312499999999995559e-01	1.026288251315301547e-01
5.068359374999995559e-01	9.303798469183066633e-02
5.046874999999995115e-01	8.941677508354993476e-02
4.753906249999995115e-01	8.209316655373515015e-02
5.177734374999996003e-01	8.785103259663780417e-02
4.397460937499995115e-01	7.228133226168713399e-02
5.067382812499995337e-01	8.169591154710868774e-02
5.361328124999995559e-01	8.491250284431106632e-02
4.155273437499994449e-01	6.384063962550419469e-02
4.774414062499995337e-01	7.216925188982202533e-02
5.602539062499994893e-01	8.423165816317541854e-02
5.830078124999995559e-01	8.757263986555094415e-02
3.861328124999994782e-01	5.634189623596400770e-02
4.641601562499995115e-01	6.331165028005125706e-02
5.403320312499997335e-01	7.604276371552397273e-02
5.197265624999996003e-01	6.983332022123459049e-02
5.059570312499995781e-01	6.668838959583203718e-02
6.822265624999996891e-01	1.042094736645026720e-01
4.910156249999995115e-01	6.285993142597985639e-02
3.866210937499994227e-01	5.097661815267828106e-02
4.134765624999994782e-01	5.222932089933376293e-02
5.632812499999995115e-01	7.290792731867244691e-02
3.116210937499993561e-01	4.637588984475789905e-02
4.929687499999995670e-01	6.029545978581953014e-02
5.147460937499995781e-01	6.093824834052703754e-02
4.804687499999995004e-01	5.743336966849212077e-02
4.907226562499995559e-01	5.739834432951690379e-02
4.896484374999995337e-01	5.643160553232661608e-02
5.241210937499994893e-01	6.105997463971296613e-02
