5.055664062499994893e-01	1.192747431972223660e-01
4.648437499999995004e-01	1.118242577901244761e-01
4.669921874999995448e-01	1.083390728407003789e-01
6.824218749999997335e-01	1.747470112217865412e-01
4.527343749999994671e-01	9.479423199394591826e-02
7.094726562499996669e-01	1.722532559179247302e-01
4.171874999999994893e-01	8.198200374862243955e-02
4.569335937499995337e-01	8.817123067504809009e-02
4.345703124999995004e-01	7.906368115522888207e-02
4.793945312499995337e-01	8.485872923078610630e-02
3.906249999999994449e-01	6.547618514545951174e-02
3.363281249999994227e-01	6.128275390195182803e-02
5.938476562499996891e-01	1.118948447323325074e-01
5.458984374999995559e-01	9.307641144097322794e-02
3.861328124999994782e-01	6.396812683595047566e-02
4.450195312499996003e-01	6.966230364281891796e-02
3.825195312499994893e-01	6.000854263000630212e-02
6.469726562499996669e-01	1.164853301859025553e-01
4.103515624999994893e-01	6.138537282066276052e-02
6.601562499999995559e-01	1.145090227417915052e-01
2.431640624999993339e-01	4.755118031247560634e-02
6.307617187499996447e-01	1.042307292182146489e-01
6.125976562499996225e-01	9.640730335355070235e-02
5.449218749999996669e-01	7.821842405480777805e-02
5.348632812499996003e-01	7.520700367935991004e-02
5.445312499999996891e-01	7.611605293768172742e-02
5.391601562499996891e-01	7.266314378639875116e-02
6.144531249999996003e-01	8.934769437910457246e-02
4.420898437499994893e-01	5.504986025625004803e-02
5.510742187499996225e-01	7.344953208195917349e-02
4.202148437499995115e-01	5.296203022082190265e-02
5.132812499999994671e-01	6.464830624221602762e-02
5.652343749999996225e-01	7.358920109069187754e-02
5.037109374999995115e-01	6.156997211571525047e-02
5.012695312499996225e-01	6.023813625260711346e-02
