4.767578124999995448e-01	1.203018036784649081e-01
6.271484374999996003e-01	1.696806246078733094e-01
3.197265624999994227e-01	8.408169739191366510e-02
5.935546874999997335e-01	1.445184997978753438e-01
4.817382812499995115e-01	1.159048639987402263e-01
4.450195312499996003e-01	1.056324710595213240e-01
4.813476562499995337e-01	1.076931804643600221e-01
3.055664062499993117e-01	8.213389597250521368e-02
7.708984374999998668e-01	1.635143568586256146e-01
5.237304687499995115e-01	1.109078009864197106e-01
4.623046874999995337e-01	1.007995833706466782e-01
5.886718749999997335e-01	1.150997513694127783e-01
4.726562499999995559e-01	9.860731565501956730e-02
5.142578124999994671e-01	1.012108883278023813e-01
4.514648437499995115e-01	9.501222972050533955e-02
6.100585937499994893e-01	1.097138176746305788e-01
5.628906249999995337e-01	1.027460056723621673e-01
3.818359374999994449e-01	8.771670801184512645e-02
4.633789062499995559e-01	9.098861602515220803e-02
6.123046874999995559e-01	9.965850355537810012e-02
4.250976562499995115e-01	8.861948393980927097e-02
3.458984374999994338e-01	7.606114452170198437e-02
5.027343749999996225e-01	8.657233026154811939e-02
3.925781249999994449e-01	8.323995031857001070e-02
3.912109374999994671e-01	8.199884321629237471e-02
5.261718749999996225e-01	8.326767948743465930e-02
5.225585937499995781e-01	7.887670727585639752e-02
4.538085937499994893e-01	8.027182350068849670e-02
3.953124999999995115e-01	8.037261746245333294e-02
4.394531249999994449e-01	7.777290417959721591e-02
5.036132812499996003e-01	7.853975871163614009e-02
4.347656249999994893e-01	7.567349776493277613e-02
4.878906249999995781e-01	7.673926045853869671e-02
5.575195312499996447e-01	7.720694868412726619e-02
4.060546874999994560e-01	7.525415058456216832e-02
