5.769531249999996225e-01	1.362622757904094484e-01
4.921874999999995559e-01	1.121307836894250426e-01
6.932617187499997558e-01	1.676887529935980892e-01
5.093749999999994671e-01	1.028534989949854983e-01
6.759765624999998224e-01	1.456568750946043989e-01
4.007812499999994782e-01	8.647777739011920650e-02
6.543945312499996891e-01	1.342707641921876138e-01
5.923828124999996891e-01	1.107682015323434299e-01
7.104492187499996669e-01	1.406593007426569508e-01
4.702148437499995559e-01	8.491036687911605874e-02
2.922851562499994005e-01	7.430285702829740602e-02
5.199218749999996447e-01	8.920964299016802268e-02
5.546874999999995559e-01	9.003870410841337268e-02
5.772460937499995781e-01	9.263853550039261031e-02
6.200195312499997558e-01	9.823931732162766162e-02
3.782226562499994005e-01	6.812278191503053082e-02
5.558593749999996003e-01	8.387349714405727130e-02
5.040039062499995781e-01	7.453000701214824997e-02
5.562499999999995781e-01	8.302379114453317666e-02
4.912109374999995559e-01	7.198156800377875086e-02
4.110351562499995337e-01	6.139835034208889625e-02
4.907226562499995559e-01	6.887268241399416291e-02
5.166015624999995559e-01	7.035400818518658395e-02
5.246093749999996003e-01	7.027620085381613979e-02
5.495117187499996003e-01	7.248436205399308441e-02
4.358398437499995115e-01	5.685138408361856133e-02
5.187499999999996003e-01	6.612308091905219620e-02
4.661132812499995115e-01	5.777135161324879753e-02
6.304687499999996891e-01	8.317801160024176910e-02
4.052734374999994449e-01	5.248041130796265302e-02
5.859374999999996669e-01	7.293580456679780999e-02
4.677734374999995559e-01	5.747763637133070785e-02
5.515624999999996225e-01	6.497953658592921233e-02
4.912109374999995559e-01	5.791600966040798965e-02
5.575195312499996447e-01	6.492615258727114924e-02
