3.501953124999994116e-01	8.927841987278124780e-02
5.198242187499996225e-01	1.196814191869159522e-01
4.572265624999994893e-01	9.928439398655676540e-02
3.785156249999994671e-01	8.233998807311401769e-02
5.213867187499996447e-01	1.101719724685817497e-01
5.578124999999996003e-01	1.155955977643883387e-01
4.964843749999995337e-01	9.558714138507319602e-02
4.634765624999995226e-01	8.645780485691452466e-02
6.985351562499997335e-01	1.535686202053926919e-01
5.589843749999995337e-01	1.028957666273751653e-01
4.826171874999995448e-01	8.347878707817456279e-02
5.388671874999997335e-01	9.313061366588454293e-02
6.153320312499996891e-01	1.091125589428623283e-01
5.362304687499995781e-01	8.826655843740967289e-02
4.636718749999995115e-01	6.979841997858875213e-02
5.930664062499996225e-01	9.651323192997732225e-02
3.126953124999993783e-01	5.381854722930956569e-02
4.368164062499995115e-01	6.248116062801252479e-02
5.921874999999996447e-01	9.414525750732123666e-02
3.852539062499994449e-01	5.664824509401455988e-02
3.916992187499994671e-01	5.501579121707162595e-02
5.261718749999996225e-01	7.609319989686018360e-02
6.158203124999996891e-01	9.187672105313206272e-02
6.138671874999996891e-01	8.999234869636162093e-02
3.815429687499993783e-01	5.209988723117728315e-02
4.708984374999995448e-01	6.173378742499577299e-02
5.291015624999995115e-01	7.012991918948731362e-02
4.551757812499994671e-01	5.593170217566512115e-02
6.117187499999996447e-01	8.479368252859854904e-02
5.774414062499996225e-01	7.699323363033425127e-02
4.041992187499994227e-01	4.916754729154788200e-02
4.349609374999995337e-01	5.206591421077934323e-02
6.054687499999995559e-01	7.946054176561276328e-02
5.580078124999996447e-01	6.955025069602917276e-02
4.532226562499994671e-01	5.207190418640279123e-02
