5.633789062499995337e-01	1.407245822173283645e-01
5.569335937499996225e-01	1.340930490936182162e-01
3.944335937499995337e-01	9.063099514940575752e-02
3.767578124999994560e-01	8.967477891362544973e-02
4.219726562499994671e-01	9.324032041224068756e-02
4.462890624999995004e-01	9.465980526362489933e-02
4.910156249999995115e-01	9.727852482667698197e-02
4.464843749999994893e-01	8.813401234181908461e-02
5.504882812499996003e-01	1.025350074088776237e-01
3.678710937499994893e-01	8.086775073436600070e-02
5.433593749999996447e-01	9.671149180410414103e-02
5.482421874999996447e-01	9.326531369352854262e-02
6.758789062499998002e-01	1.152940562730232349e-01
5.983398437499996003e-01	9.728532083660633434e-02
5.211914062499997113e-01	8.415068854931473386e-02
6.207031249999996891e-01	9.905885578225205601e-02
5.014648437499995559e-01	8.310818020575096166e-02
4.092773437499994671e-01	7.913390929173179378e-02
5.023437499999996447e-01	7.877178065444129240e-02
3.821289062499994005e-01	7.597182159108901989e-02
4.238281249999994449e-01	7.347444888929385853e-02
4.746093749999995559e-01	7.484252154063059104e-02
5.683593749999996669e-01	7.833367490188149207e-02
5.539062499999996003e-01	7.819077533696508486e-02
5.444335937499996669e-01	7.635161227574098486e-02
5.216796874999996003e-01	7.370040400506508438e-02
5.523437499999996891e-01	7.555297556806399306e-02
6.210937499999997780e-01	8.157842066992139485e-02
4.762695312499996003e-01	7.012964499922834383e-02
6.366210937499997558e-01	8.062903873747198635e-02
3.756835937499994893e-01	7.096199880896507384e-02
4.559570312499995337e-01	6.674138412466529280e-02
4.675781249999995115e-01	6.665660102766368666e-02
5.696289062499996225e-01	7.057449109860662595e-02
1.979492187499992950e-01	6.728813212779208297e-02
