4.950195312499996447e-01	1.110888888342301123e-01
5.983398437499996003e-01	1.429301121639782735e-01
4.920898437499995337e-01	1.084599849561098672e-01
5.932617187499996669e-01	1.280635580198516699e-01
5.608398437499995115e-01	1.188567341412240796e-01
4.783203124999995115e-01	9.539111839612383903e-02
2.127929687499993117e-01	6.981611199631879150e-02
6.093749999999995559e-01	1.220845753377139548e-01
7.459960937499997558e-01	1.529587305839225919e-01
4.961914062499995781e-01	9.605540521853303537e-02
5.678710937499996669e-01	1.053858446023960282e-01
4.063476562499994671e-01	7.778777608171029423e-02
5.067382812499995337e-01	8.659223690674927587e-02
4.576171874999995226e-01	7.851402045631332427e-02
4.252929687499994449e-01	7.801540870896810087e-02
4.834960937499995781e-01	7.845481186587420497e-02
3.654296874999994338e-01	7.024404621524303616e-02
4.892578124999995004e-01	7.826808361543236003e-02
4.766601562499995781e-01	7.612115287343894365e-02
5.589843749999995337e-01	8.324400617189729734e-02
4.795898437499994671e-01	7.194445270483328103e-02
6.337890624999997780e-01	8.853279950956756406e-02
5.387695312499997113e-01	7.672005529049970296e-02
5.311523437499995337e-01	7.504288414872149759e-02
5.048828124999995559e-01	7.299854338593339542e-02
4.467773437499995559e-01	6.648825702413628524e-02
5.212890624999997335e-01	7.120505873392783680e-02
6.067382812499996225e-01	8.003687262579103900e-02
4.910156249999995115e-01	6.787420560477290532e-02
6.001953124999996891e-01	7.609695482268362399e-02
4.990234374999995559e-01	6.565302828276105285e-02
4.419921874999995226e-01	6.286530651591690222e-02
4.729492187499995115e-01	6.256170542486762243e-02
5.437499999999996225e-01	6.783623316004033788e-02
3.715820312499994449e-01	5.926703035105228973e-02
