5.210937499999996891e-01	1.182857537580189883e-01
4.138671874999994560e-01	9.746868476345736665e-02
4.601562499999995448e-01	9.935687224257988559e-02
5.150390624999996447e-01	1.054620749480045805e-01
4.753906249999995115e-01	9.575287741503964167e-02
5.103515624999994671e-01	1.014977209535441183e-01
4.419921874999995226e-01	8.359186068138438341e-02
3.856445312499995337e-01	7.242907049807206787e-02
4.286132812499995337e-01	7.619970881238759264e-02
5.422851562499996225e-01	9.704287733512008407e-02
4.212890624999994782e-01	7.140189944440965275e-02
5.608398437499995115e-01	9.717427966268563089e-02
7.220703124999998668e-01	1.462069602407022606e-01
5.231445312499996003e-01	8.685862136484592821e-02
5.255859374999996003e-01	8.526129941272858614e-02
5.042968749999995337e-01	7.803874195113960632e-02
5.336914062499996669e-01	8.162895122311952800e-02
3.692382812499994671e-01	5.649953398484231643e-02
4.943359374999996003e-01	7.111658181073317320e-02
5.299804687499994893e-01	7.819872539039328385e-02
4.987304687499994893e-01	7.075515912353855241e-02
4.843749999999995559e-01	6.790574342723978973e-02
4.643554687499994449e-01	6.330070133929506515e-02
5.916992187499996447e-01	8.653424852620354712e-02
4.769531249999995337e-01	6.318109752589773365e-02
5.950195312499997335e-01	8.430827173404056851e-02
5.314453124999996003e-01	7.034243243008964086e-02
5.461914062499996225e-01	7.237042489871031714e-02
5.089843749999994893e-01	6.434158905436493381e-02
6.491210937499997113e-01	9.113553698174049755e-02
6.721679687499997335e-01	9.593858914264281890e-02
4.516601562499995559e-01	5.413303863073243294e-02
4.598632812499995337e-01	5.423797358851831923e-02
4.311523437499994449e-01	4.911974760630255510e-02
4.584960937499995559e-01	5.278088359890489162e-02
