3.643554687499993561e-01	8.274813070524934810e-02
4.610351562499995781e-01	9.593249640440575099e-02
4.793945312499995337e-01	9.553305587651515773e-02
7.330078124999996891e-01	1.828546388908266485e-01
3.830078124999994338e-01	7.341113174748319092e-02
4.975585937499995559e-01	9.293692773250723793e-02
5.026367187499996003e-01	9.122629380931547571e-02
5.760742187499996447e-01	1.073931586596553467e-01
3.835937499999994560e-01	6.849295082992055972e-02
4.837890624999995337e-01	8.123414726420884191e-02
6.638671874999997335e-01	1.241824785449289342e-01
4.695312499999995670e-01	7.430131719793763023e-02
5.242187499999995115e-01	8.278582531135800227e-02
5.968749999999996003e-01	9.844849599026145315e-02
4.679687499999995448e-01	6.934993201989773925e-02
4.197265624999995115e-01	6.205545599662266876e-02
4.696289062499995337e-01	6.638051586120749525e-02
4.658203124999995004e-01	6.583867890340296125e-02
5.113281249999994671e-01	7.155767778433295978e-02
5.573242187499996003e-01	7.939920343953973947e-02
4.653320312499995559e-01	6.312732344578822485e-02
5.922851562499996669e-01	8.439548767035356946e-02
6.764648437499997113e-01	1.029263875147518187e-01
5.404296874999996447e-01	7.122739524592319738e-02
6.031249999999996891e-01	8.176542463789639170e-02
5.017578124999995115e-01	6.332433114147895115e-02
4.934570312499996225e-01	6.074223011935999533e-02
4.029296874999994671e-01	5.121477282241965884e-02
4.235351562499994893e-01	5.119717285864218426e-02
5.166992187499995781e-01	6.092053024351687385e-02
4.522460937499994671e-01	5.327605267482266038e-02
4.569335937499995337e-01	5.279621891201322081e-02
4.744140624999995115e-01	5.362119164093008539e-02
5.632812499999995115e-01	6.602687724007572090e-02
4.977539062499996003e-01	5.617835706492238512e-02
