3.004882812499993783e-01	9.914676026173523116e-02
4.069335937499994893e-01	1.023538902495808034e-01
6.230468749999996669e-01	1.527619425225212046e-01
4.446289062499995115e-01	1.086345595464842384e-01
4.380859374999995226e-01	1.010178000064198001e-01
6.683593749999997558e-01	1.651368193701158171e-01
4.180664062499994671e-01	9.528389629800151917e-02
3.735351562499994449e-01	8.037646453486280151e-02
7.112304687499996225e-01	1.834651228899532305e-01
4.871093749999995115e-01	1.040280444671811272e-01
3.903320312499994893e-01	8.173624980648276639e-02
5.087890624999995559e-01	1.051975336376448772e-01
1.070019531249999822e+00	3.782546554627171376e-01
5.550781249999995337e-01	1.156287501977356913e-01
4.680664062499995115e-01	9.014121753591970709e-02
5.247070312499996225e-01	1.033963620519968707e-01
4.200195312499995781e-01	7.679671526767845036e-02
4.444335937499995781e-01	8.384235599785097581e-02
5.258789062499996669e-01	9.863241455709770289e-02
6.048828124999996447e-01	1.234766999756204547e-01
5.231445312499996003e-01	9.627365299288720424e-02
5.033203124999996447e-01	9.257268664141442283e-02
5.017578124999995115e-01	9.091107372709955614e-02
4.525390624999994782e-01	7.826810024561346724e-02
4.741210937499995559e-01	8.450000632471146855e-02
4.144531249999994227e-01	6.897348409767105337e-02
5.384765624999996447e-01	9.889833419852028795e-02
7.516601562499998224e-01	1.683853673101957105e-01
4.761718749999995781e-01	7.815785562414684362e-02
5.145507812499995337e-01	8.922229153310154426e-02
6.011718749999996891e-01	1.128278465943391151e-01
4.308593749999994893e-01	6.735039439459136745e-02
4.357421874999995448e-01	6.781314417640879610e-02
4.079101562499994893e-01	6.159648063190686224e-02
4.698242187499995781e-01	7.507437296064572996e-02
