5.237304687499995115e-01	1.241945970973161728e-01
5.791015624999995559e-01	1.324779208594784041e-01
6.087890624999996447e-01	1.400747721935010626e-01
3.472656249999994671e-01	9.497711454626088512e-02
5.500976562499996225e-01	1.165840694605294603e-01
4.505859374999995337e-01	9.801765043847086856e-02
7.073242187499997335e-01	1.481092948397662035e-01
3.051757812499993339e-01	9.039284515793402641e-02
5.701171874999997335e-01	1.154037848861393656e-01
4.792968749999995115e-01	9.858615895171531085e-02
5.295898437499995115e-01	1.041339174083170394e-01
4.499023437499994893e-01	9.384553856793667603e-02
4.215820312499994893e-01	8.900606884418169051e-02
5.437499999999996225e-01	9.593980228404409838e-02
4.041015624999994560e-01	8.943754841779982812e-02
4.849609374999995781e-01	8.685006596767547160e-02
5.265624999999996003e-01	9.114623527047385765e-02
6.417968749999997113e-01	1.040236460341585484e-01
5.958984374999996003e-01	9.535954952671281404e-02
4.087890624999994671e-01	8.788916745086992888e-02
4.277343749999994449e-01	8.684039394621412278e-02
4.148437499999994560e-01	8.265156752038603505e-02
4.728515624999995448e-01	8.438082241918766491e-02
4.384765624999995004e-01	7.951510050117624462e-02
4.948242187499996003e-01	8.124009568823267746e-02
5.680664062499997113e-01	8.196598854838102466e-02
4.642578124999994782e-01	7.948108981784536564e-02
4.017578124999994782e-01	7.854833798113361465e-02
3.024414062499993783e-01	8.639475510393709867e-02
5.510742187499996225e-01	7.664937368487403924e-02
3.695312499999994782e-01	7.993151072248717848e-02
3.890624999999994227e-01	7.776899685550543728e-02
4.562499999999994893e-01	7.303914462500435412e-02
5.814453124999996447e-01	7.460441367682343894e-02
5.392578124999996003e-01	7.351864565772298077e-02
