3.456054687499994227e-01	9.080467941084562067e-02
7.644531249999997335e-01	1.908144881702963092e-01
5.355468749999996447e-01	1.145251108190564610e-01
4.162109374999994893e-01	8.219978213580199367e-02
3.244140624999993783e-01	7.753434728176028523e-02
4.219726562499994671e-01	8.444844224967641699e-02
4.512695312499995781e-01	8.423122326442772367e-02
3.074218749999994005e-01	6.770786111314859579e-02
5.499999999999996003e-01	9.825221070282165459e-02
4.404296874999995004e-01	7.585716208465313748e-02
4.522460937499994671e-01	7.696984854778894658e-02
6.371093749999997558e-01	1.116775410668285340e-01
3.770507812499994671e-01	6.628260144000676368e-02
5.310546874999995115e-01	8.593573603902207592e-02
4.354492187499995337e-01	6.606448345367479935e-02
5.082031249999995337e-01	7.881584640311828371e-02
4.154296874999994782e-01	6.357187286709758967e-02
6.618164062499997113e-01	1.075232528480152827e-01
5.058593749999995559e-01	7.360560390752682314e-02
5.927734374999995559e-01	8.699965044538653103e-02
6.545898437499996225e-01	9.831054776996203670e-02
4.619140624999995004e-01	6.361419286265550255e-02
5.536132812499996447e-01	7.596516291170068991e-02
5.244140624999995559e-01	7.105514384497182978e-02
5.550781249999995337e-01	7.449727723796736867e-02
5.280273437499994893e-01	6.811639806431073196e-02
5.220703124999996891e-01	6.677502504166167585e-02
5.111328124999994227e-01	6.429136764592288666e-02
5.435546874999996891e-01	6.767132733755275298e-02
5.017578124999995115e-01	6.195687879193082642e-02
4.951171874999996114e-01	5.960569550500418451e-02
4.135742187499994449e-01	5.105451812225865471e-02
4.683593749999995781e-01	5.502247634348367278e-02
4.678710937499995781e-01	5.488064098876633407e-02
4.958007812499996003e-01	5.686838607345991170e-02
