5.154296874999995115e-01	1.318699169480204991e-01
6.366210937499997558e-01	1.756311998763591120e-01
4.614257812499995559e-01	1.026993982660638766e-01
4.313476562499994893e-01	9.097741476319884391e-02
4.372070312499994893e-01	8.750364550769529348e-02
4.304687499999994560e-01	8.455016989599946353e-02
2.905273437499993339e-01	6.761230179998566070e-02
8.171874999999998446e-01	2.288447674739747528e-01
5.514648437499996003e-01	1.101966006453071467e-01
4.346679687499994671e-01	7.778213226694818960e-02
4.997070312499996003e-01	8.472644182595265305e-02
3.690429687499994227e-01	6.447355720421929504e-02
4.907226562499995559e-01	8.260537197907619200e-02
3.749999999999994449e-01	6.251412084037732964e-02
5.083007812499995559e-01	8.395510343815151821e-02
5.032226562499996225e-01	8.074356530305613899e-02
5.653320312499996447e-01	9.177446166973460273e-02
4.925781249999995337e-01	7.354360376160432033e-02
4.255859374999995115e-01	6.227481125403767220e-02
6.700195312499998002e-01	1.127090573146827951e-01
4.510742187499995337e-01	6.475230483844954255e-02
5.182617187499996003e-01	7.411466616157645626e-02
5.472656249999995337e-01	7.873144439272629358e-02
5.637695312499996225e-01	7.915407035433577598e-02
5.439453124999995559e-01	7.480164480716131048e-02
5.589843749999995337e-01	7.624785490454205616e-02
5.783203124999996003e-01	7.831983733694515559e-02
6.134765624999996003e-01	8.514668014711522515e-02
4.758789062499995115e-01	6.034187769328607648e-02
5.061523437499995115e-01	6.219019628678176120e-02
4.321289062499994449e-01	5.408246999110484510e-02
4.813476562499995337e-01	5.810547495790830547e-02
5.124999999999995115e-01	6.087398201218806315e-02
6.059570312499996669e-01	7.606961125701294790e-02
4.776367187499994671e-01	5.693246690194100207e-02
