5.248046874999996447e-01	1.199236256919837679e-01
4.890624999999995115e-01	1.067513779482349434e-01
4.291015624999994782e-01	9.025636576319488735e-02
4.631835937499995115e-01	9.370560311163197986e-02
3.750976562499994671e-01	7.934336241726640260e-02
4.135742187499994449e-01	7.688870444138634630e-02
3.316406249999993561e-01	7.027674110107409722e-02
4.352539062499994893e-01	7.831243762437251066e-02
5.245117187499995781e-01	9.472081876637632181e-02
4.641601562499995115e-01	7.857811504809848746e-02
5.902343749999997558e-01	1.027312971112111922e-01
3.897460937499994671e-01	6.510243769601828379e-02
5.399414062499997558e-01	8.774900900671865622e-02
5.019531249999995559e-01	7.704657625075436722e-02
5.226562499999996003e-01	8.000409140422232168e-02
5.999999999999996447e-01	9.460874495061917522e-02
4.728515624999995448e-01	6.836776937017141620e-02
4.179687499999995004e-01	6.191420089840370816e-02
5.110351562499995115e-01	7.297751822114241504e-02
5.105468749999995115e-01	7.161978137383107068e-02
5.132812499999994671e-01	7.078741871809816899e-02
4.680664062499995115e-01	6.295534030497237921e-02
5.333007812499995781e-01	7.111162732300073397e-02
5.575195312499996447e-01	7.289171522621890054e-02
5.229492187499995559e-01	6.756232306029481827e-02
4.534179687499995115e-01	5.672052016527499158e-02
4.424804687499994671e-01	5.410567640935751849e-02
5.471679687499995115e-01	6.841120197449927776e-02
4.871093749999995115e-01	5.857982292979782568e-02
5.106445312499995337e-01	6.088109040698259922e-02
4.475585937499995115e-01	5.314421023147074957e-02
5.499023437499995781e-01	6.589953064900566648e-02
3.784179687499994449e-01	4.700363798430078760e-02
4.773437499999995115e-01	5.434491976465265911e-02
5.289062499999994671e-01	6.102668180909501250e-02
