4.828124999999995337e-01	1.058170015896414684e-01
4.222656249999995337e-01	9.388707715777874774e-02
4.991210937499995781e-01	1.019359298429626665e-01
5.802734374999996003e-01	1.230120251552590804e-01
4.170898437499994671e-01	8.555360835390027341e-02
5.756835937499996669e-01	1.154197180451860538e-01
5.956054687499996447e-01	1.132367269053570769e-01
6.683593749999997558e-01	1.300159339327797703e-01
6.563476562499996891e-01	1.236446394336679772e-01
4.386718749999994893e-01	8.154575887225709585e-02
5.528320312499996891e-01	9.351730099011656971e-02
5.364257812499996225e-01	8.863468615331132616e-02
4.676757812499995337e-01	7.892794459307003740e-02
4.322265624999994671e-01	7.289926428310126993e-02
4.726562499999995559e-01	7.461026464893363852e-02
4.856445312499996225e-01	7.507321992990445558e-02
4.156249999999994671e-01	6.859519048474001235e-02
4.675781249999995115e-01	6.911706546821355657e-02
3.604492187499994671e-01	6.280281644307535160e-02
3.196289062499994005e-01	6.430263655243087517e-02
4.770507812499995559e-01	6.713574427326894634e-02
5.097656249999994449e-01	6.947363165895373283e-02
4.885742187499995115e-01	6.629995466076150923e-02
4.765624999999995559e-01	6.315311956694000251e-02
5.773437499999996003e-01	7.621011211597665536e-02
4.416015624999994893e-01	5.803259934807391413e-02
4.962890624999995448e-01	6.370014914872391965e-02
5.180664062499996669e-01	6.461551490788869367e-02
4.716796874999995559e-01	5.880264399888942423e-02
3.992187499999994560e-01	5.446259741705453822e-02
5.575195312499996447e-01	6.724478270552726455e-02
2.785156249999993783e-01	6.173193972268043589e-02
6.273437499999996447e-01	7.634967616524507283e-02
4.233398437499994449e-01	5.332468507024888671e-02
5.062499999999995337e-01	5.868925858435374704e-02
