5.134765624999995115e-01	1.142226640620849915e-01
6.192382812499996891e-01	1.376477686925661192e-01
7.423828124999998224e-01	1.750488060367195731e-01
4.896484374999995337e-01	9.477670625941300719e-02
4.864257812499995781e-01	8.697894480593384992e-02
5.116210937499995337e-01	9.726494072478453212e-02
6.916015624999998224e-01	1.378010374397612980e-01
5.339843749999996225e-01	9.696444948266907948e-02
3.525390624999993894e-01	7.202902524447089838e-02
5.681640624999997335e-01	9.872635747976127307e-02
4.609374999999995559e-01	7.931009599372677854e-02
4.145507812499994449e-01	7.002861251598550829e-02
4.606445312499996003e-01	7.469227781753573492e-02
5.994140624999997335e-01	9.601535764486125724e-02
4.791992187499994893e-01	7.325904208239110427e-02
4.405273437499994671e-01	6.687619972939740087e-02
4.343749999999995115e-01	6.472013790718665616e-02
4.243164062499994449e-01	6.293230053570804394e-02
4.424804687499994671e-01	6.520702648572755666e-02
4.823242187499995337e-01	6.512671087314768348e-02
5.055664062499994893e-01	6.764665788552373660e-02
4.744140624999995115e-01	6.368811083154717056e-02
4.994140624999995337e-01	6.506231058138675638e-02
3.898437499999994338e-01	5.364053453688360368e-02
4.734374999999995115e-01	6.125894623727183574e-02
5.033203124999996447e-01	6.381676415307808992e-02
6.964843749999997113e-01	9.787365734157671415e-02
5.594726562499995337e-01	6.969736344718059640e-02
5.106445312499995337e-01	6.066018715872722317e-02
5.657226562499996225e-01	6.949535613138040080e-02
4.541015624999995004e-01	5.527322495275733411e-02
4.163085937499995115e-01	5.100168088388347398e-02
5.331054687499995337e-01	6.162809577473110645e-02
4.584960937499995559e-01	5.228653211006855511e-02
4.367187499999994893e-01	5.028951155271228768e-02
