5.326171874999996447e-01	1.317089966531077849e-01
5.935546874999997335e-01	1.487515133938072664e-01
9.561523437499999112e-01	3.514332082924354062e-01
5.718749999999996891e-01	1.291197995871917747e-01
4.773437499999995115e-01	1.023025531565157215e-01
5.204101562499996447e-01	1.063140231264070729e-01
6.821289062499996669e-01	1.639916470752065814e-01
4.009765624999994671e-01	7.753576797473284155e-02
5.288085937499994449e-01	1.049152541372705971e-01
5.146484374999995559e-01	9.989738817649797264e-02
6.269531249999996669e-01	1.316643806656331017e-01
4.725585937499995337e-01	8.342004502174842073e-02
3.711914062499994671e-01	6.353666135949241622e-02
4.874999999999995448e-01	8.562560126275783889e-02
4.644531249999994671e-01	7.913846801737020598e-02
4.992187499999995448e-01	8.557105806490516997e-02
4.155273437499994449e-01	6.713430495641145579e-02
3.329101562499994227e-01	5.208918250370300068e-02
6.062499999999996225e-01	1.139201560266792507e-01
5.952148437499996669e-01	1.087006767380049865e-01
5.124999999999995115e-01	8.321375772795880366e-02
5.536132812499996447e-01	9.185532387369936547e-02
4.711914062499995559e-01	6.945307892222875312e-02
4.763671874999995670e-01	7.205069014429514584e-02
5.141601562499995559e-01	7.922084959521083491e-02
4.558593749999995115e-01	6.304120949038195809e-02
5.529296874999996003e-01	8.607460057106883222e-02
5.216796874999996003e-01	7.666659151350641022e-02
4.489257812499994893e-01	6.132424609175429753e-02
5.300781249999995115e-01	7.817108701943706328e-02
6.143554687499995781e-01	1.011643594175652416e-01
5.130859374999994227e-01	7.350901951322323657e-02
5.755859374999996447e-01	8.736698012547866599e-02
4.955078124999995892e-01	6.582226422040386715e-02
4.766601562499995781e-01	6.248033569129089748e-02
