4.275390624999994560e-01	1.008558290325357321e-01
3.431640624999994227e-01	8.760931622405253305e-02
5.315429687499995115e-01	1.153550135718529324e-01
4.249023437499994671e-01	9.489216257169530433e-02
6.006835937499995781e-01	1.274790690000286719e-01
3.964843749999994449e-01	8.788902736381669356e-02
3.550781249999993561e-01	7.649359754141707435e-02
5.388671874999997335e-01	1.034481674423498587e-01
7.482421874999998224e-01	1.495770930645325680e-01
5.982421874999996891e-01	1.093366094859289095e-01
4.925781249999995337e-01	8.795638434421723661e-02
5.444335937499996669e-01	9.672074222247310782e-02
4.298828124999994338e-01	7.883254480961558730e-02
3.791015624999994338e-01	7.361467273877353445e-02
5.441406249999996003e-01	8.883119681305447213e-02
5.428710937499995337e-01	8.562321619647617066e-02
6.468749999999996447e-01	1.005706013723283720e-01
5.298828124999994671e-01	8.205890463478116015e-02
4.457031249999995337e-01	7.476330219188512261e-02
5.944335937499997113e-01	8.696966331320120369e-02
5.773437499999996003e-01	8.234460249243391594e-02
4.568359374999995115e-01	7.466117174184266903e-02
4.658203124999995004e-01	7.197734750933036663e-02
4.793945312499995337e-01	7.124394688204876980e-02
4.107421874999995226e-01	6.829736510728098842e-02
5.169921874999996447e-01	7.289516190652900463e-02
3.692382812499994671e-01	6.809916904620944011e-02
3.998046874999994782e-01	6.645427407345137760e-02
4.320312499999994782e-01	6.444996839225275442e-02
2.967773437499994227e-01	6.682667564125543969e-02
2.473632812499993450e-01	6.830520129637500382e-02
4.248046874999995004e-01	6.249949708493032080e-02
3.520507812499994449e-01	5.831421953775689504e-02
6.042968749999996225e-01	7.127325430019935959e-02
4.582031249999994893e-01	5.911189071423008506e-02
