5.122070312499995559e-01	1.263968011179576467e-01
3.113281249999994005e-01	8.598236094793189344e-02
3.704101562499995115e-01	9.014292588170086384e-02
4.351562499999995226e-01	9.644989106585527550e-02
1.831054687499992784e-01	6.031517357596812012e-02
5.163085937499994893e-01	1.089991814226719258e-01
5.416015624999996891e-01	1.061541329170281878e-01
5.367187499999996891e-01	1.051639844894118603e-01
5.013671874999996447e-01	9.415547078551816940e-02
4.762695312499996003e-01	8.720900613790372180e-02
4.426757812499995115e-01	7.733037957664873341e-02
3.595703124999994338e-01	6.519120644337420001e-02
4.097656249999994671e-01	6.957641569659646363e-02
5.544921874999995115e-01	9.468190729680933670e-02
4.293945312499994893e-01	6.924824364662000853e-02
5.404296874999996447e-01	8.545238084143873258e-02
5.524414062499997113e-01	8.750874835368470384e-02
5.559570312499996225e-01	8.477394669614866929e-02
5.861328124999996003e-01	8.989971102794701296e-02
5.448242187499996447e-01	8.008140334645638680e-02
6.005859374999995559e-01	9.026076174984021261e-02
5.445312499999996891e-01	7.831602904455610414e-02
5.083984374999994671e-01	6.977330475179399638e-02
4.996093749999995781e-01	6.681429650975109769e-02
4.247070312499995337e-01	5.725841656606626973e-02
4.855468749999996003e-01	6.388503754033335313e-02
4.992187499999995448e-01	6.493672127604062372e-02
5.136718749999995559e-01	6.522006417130120359e-02
5.227539062499996225e-01	6.624377741970409461e-02
4.255859374999995115e-01	5.340450465331749580e-02
5.683593749999996669e-01	7.092615359372950179e-02
5.581054687499995559e-01	6.835761079349980673e-02
4.696289062499995337e-01	5.648806353177439343e-02
5.248046874999996447e-01	6.238422713452115159e-02
5.771484374999995559e-01	6.944762778621900445e-02
