2.553710937499993339e-01	7.185939125219716062e-02
3.787109374999994560e-01	1.104431894004317960e-01
4.642578124999994782e-01	1.265370329182715359e-01
6.966796874999996447e-01	2.136734061965426534e-01
7.772460937499997558e-01	2.371742998195910113e-01
6.246093749999996891e-01	1.568641248513285846e-01
4.188476562499995337e-01	1.037082725307664904e-01
7.143554687499996669e-01	1.798723086213332156e-01
4.043945312499994671e-01	9.593630007466714960e-02
4.566406249999994671e-01	9.876513816959109349e-02
1.785156249999992617e-01	4.278997977009286330e-02
5.249023437499995559e-01	1.078723367467410293e-01
3.551757812499993783e-01	7.677654372833077334e-02
6.145507812499996225e-01	1.218632822024018764e-01
5.624999999999995559e-01	1.055109025407839768e-01
6.112304687499995337e-01	1.127571662505052058e-01
4.462890624999995004e-01	8.161590029049406447e-02
4.241210937499995115e-01	7.533990477328303403e-02
3.848632812499994671e-01	7.051656148466356466e-02
5.196289062499995781e-01	8.255581259775304770e-02
4.366210937499994671e-01	7.072898143025953266e-02
4.065429687499994005e-01	6.480995032030589798e-02
5.107421874999995559e-01	7.868809152294378717e-02
4.401367187499994893e-01	6.765115407154642657e-02
6.076171874999996003e-01	9.092688681033332665e-02
5.409179687499996447e-01	7.978654232116458300e-02
4.588867187499995337e-01	6.532602348665833558e-02
3.866210937499994227e-01	5.872426234716979221e-02
4.651367187499995115e-01	6.306090739974552772e-02
4.458007812499995559e-01	6.215947907205289502e-02
5.150390624999996447e-01	6.766722038771465220e-02
4.378906249999995337e-01	5.943692644094427519e-02
5.834960937499996669e-01	7.633204015112243779e-02
5.859374999999996669e-01	7.734889841786253550e-02
4.937499999999995781e-01	6.236312860165865724e-02
