7.573242187499997780e-01	2.305031161679954588e-01
5.082031249999995337e-01	1.286981291510364556e-01
5.112304687499994449e-01	1.229377131147340874e-01
5.565429687499995337e-01	1.231626104599826826e-01
5.857421874999997335e-01	1.332907265857412593e-01
3.589843749999994671e-01	8.041516771706699873e-02
4.714843749999995115e-01	9.833857122362119063e-02
4.197265624999995115e-01	8.329501068910431794e-02
4.718749999999995448e-01	9.200498086463239356e-02
4.917968749999995781e-01	9.275501371209460277e-02
6.918945312499997780e-01	1.486985216059608372e-01
4.704101562499996003e-01	8.084736816448202801e-02
5.909179687499996891e-01	1.109407014676400544e-01
3.271484374999993894e-01	5.819708277084954112e-02
4.276367187499994227e-01	7.026225337724008313e-02
5.426757812499996003e-01	9.083334791226672922e-02
7.087890624999997335e-01	1.404163219222717973e-01
6.562499999999996669e-01	1.188452566517030906e-01
5.148437499999996003e-01	8.092093347891161914e-02
4.816406249999994893e-01	7.405006988146267677e-02
4.525390624999994782e-01	6.708014637351993048e-02
5.169921874999996447e-01	7.715191665665382947e-02
4.229492187499994671e-01	5.885486987562158628e-02
4.507812499999995226e-01	6.384592916066279822e-02
5.451171874999996003e-01	7.992212847149486599e-02
4.086914062499994449e-01	5.550710114576065668e-02
5.123046874999994671e-01	7.058698542027420919e-02
5.407226562499997113e-01	7.452154876863467670e-02
4.261718749999995337e-01	5.479568767885988761e-02
6.315429687499996003e-01	9.426237650122255840e-02
5.242187499999995115e-01	7.017716572838812727e-02
4.921874999999995559e-01	6.293061726572929393e-02
4.596679687499994893e-01	5.644302703460843396e-02
4.885742187499995115e-01	6.054025185884259058e-02
5.449218749999996669e-01	7.019849233701923319e-02
