4.481445312499995337e-01	1.093835589682801562e-01
6.812499999999996891e-01	1.718218340139524569e-01
5.521484374999996447e-01	1.216534858583594447e-01
4.659179687499994671e-01	1.000975052173840169e-01
3.683593749999994893e-01	8.197101525632410901e-02
5.532226562499996669e-01	1.128579386379652549e-01
6.320312499999996003e-01	1.300506122399482101e-01
4.976562499999995781e-01	9.274636117454577999e-02
4.171874999999994893e-01	7.941688423557007048e-02
4.944335937499996225e-01	8.907016229586484091e-02
4.363281249999995115e-01	7.353235410268478545e-02
5.423828124999996447e-01	9.272757964884409398e-02
3.911132812499994449e-01	6.776588431548681568e-02
4.426757812499995115e-01	6.873145492791045419e-02
4.963867187499995115e-01	7.751484055453500277e-02
4.597656249999995115e-01	7.212832149462604370e-02
5.571289062499996669e-01	8.701350606891902761e-02
4.445312499999995448e-01	6.331770438999337336e-02
5.526367187499996447e-01	8.088699066335876264e-02
3.958007812499995115e-01	5.822930648695131411e-02
5.095703124999995115e-01	7.243503802839323935e-02
6.302734374999996447e-01	9.502047625286645649e-02
3.889648437499994005e-01	5.398828714817332369e-02
5.195312499999995559e-01	7.090372732107466658e-02
4.682617187499995559e-01	6.179384955590867812e-02
5.388671874999997335e-01	7.109404042503771060e-02
3.993164062499994227e-01	5.209990821091142060e-02
5.268554687499995559e-01	6.776148212624043266e-02
4.820312499999995226e-01	5.867210443551643811e-02
4.870117187499994893e-01	6.005484460487087867e-02
4.742187499999995226e-01	5.653321308368915860e-02
4.450195312499996003e-01	5.416271448438458869e-02
6.574218749999997113e-01	8.734102082015679502e-02
4.422851562499995337e-01	5.147923592513944935e-02
6.470703124999996891e-01	8.428148122330111902e-02
