5.013671874999996447e-01	1.140905150424483261e-01
6.839843749999997558e-01	1.710773249957882880e-01
4.451171874999995670e-01	9.391639011265454084e-02
7.567382812499997558e-01	1.909717092337716582e-01
5.086914062499995337e-01	1.019976017098271071e-01
5.159179687499995115e-01	9.636283218184030219e-02
6.751953124999996447e-01	1.422730177071702407e-01
3.697265624999994671e-01	7.166265048535050419e-02
4.457031249999995337e-01	7.937080957796430192e-02
6.555664062499996225e-01	1.263644550335564221e-01
5.641601562499996003e-01	9.979717513285743524e-02
7.833007812499998002e-01	1.606726793326877512e-01
6.088867187499995559e-01	1.012856815000763022e-01
5.217773437499996225e-01	8.473270100906182822e-02
4.374999999999995004e-01	6.820154846741993682e-02
4.697265624999995559e-01	7.148459563346290513e-02
6.029296874999996447e-01	9.585337265404943186e-02
6.472656249999996225e-01	1.042988867886731758e-01
4.985351562499995559e-01	7.092444115609679300e-02
5.457031249999996225e-01	7.739125352582282291e-02
4.561523437499994671e-01	6.421308330270837639e-02
3.591796874999994560e-01	5.440506094108363971e-02
6.170898437499996447e-01	8.990410052797247198e-02
4.968749999999995670e-01	6.596479818856471056e-02
5.072265624999996447e-01	6.674344168540023714e-02
5.256835937499996225e-01	6.745019394075406349e-02
5.483398437499995559e-01	7.171016571699354025e-02
5.144531249999995115e-01	6.527247730292712324e-02
4.885742187499995115e-01	6.057731833585346115e-02
4.893554687499994671e-01	5.885090445195594044e-02
4.310546874999994782e-01	5.202495511862727934e-02
5.193359374999995115e-01	6.279486759964131304e-02
6.511718749999997335e-01	8.639887425069900373e-02
5.577148437499995781e-01	6.716568250860792400e-02
4.626953124999995115e-01	5.197556939792297853e-02
