6.186523437499996669e-01	1.552712272131680227e-01
7.911132812499999112e-01	2.132825454263305442e-01
7.460937499999997780e-01	1.833011899154385616e-01
4.448242187499995559e-01	1.040679835956842686e-01
5.824218749999996447e-01	1.243955183951218485e-01
6.568359374999996891e-01	1.366933848853798261e-01
5.124999999999995115e-01	9.908398875478967305e-02
5.201171874999996891e-01	9.816144955997273269e-02
2.373046874999993339e-01	8.208175268646220046e-02
5.452148437499996225e-01	9.828946619260724160e-02
5.174804687499995337e-01	8.944195382948307016e-02
5.017578124999995115e-01	8.502945236852964273e-02
4.844726562499995781e-01	8.226950633443429195e-02
5.107421874999995559e-01	8.325260657714832202e-02
4.954101562499996225e-01	8.056041587666777637e-02
3.795898437499993783e-01	6.988833938712159244e-02
4.463867187499994671e-01	6.898598127181700124e-02
5.389648437499996447e-01	8.092991114389290475e-02
5.517578124999995559e-01	8.065232069990654895e-02
4.287109374999995004e-01	6.683608814830990785e-02
4.286132812499995337e-01	6.466631022396188144e-02
4.175781249999994671e-01	6.294374232815763692e-02
4.247070312499995337e-01	6.216086245313499903e-02
3.889648437499994005e-01	5.835093074640188004e-02
5.274414062499995781e-01	6.981854066201806375e-02
5.539062499999996003e-01	7.381830297978483890e-02
5.001953124999996003e-01	6.465725527228453895e-02
3.956054687499994671e-01	5.581862096620492097e-02
5.689453124999996891e-01	7.204450080137766999e-02
3.834960937499994893e-01	5.421048218057361590e-02
3.994140624999994449e-01	5.370420640029421877e-02
5.121093749999995337e-01	6.263279681279501632e-02
5.582031249999995781e-01	6.819043678209263382e-02
4.595703124999995226e-01	5.514022951951034340e-02
4.322265624999994671e-01	5.283580588259950694e-02
