3.664062499999994338e-01	9.157992872188983058e-02
3.963867187499994227e-01	9.093162533951489046e-02
5.647460937499996225e-01	1.209465611680794750e-01
3.871093749999994227e-01	8.250822212467008587e-02
4.857421874999995892e-01	9.688177985270392256e-02
3.447265624999994449e-01	7.155660614069431213e-02
4.216796874999995115e-01	7.880974778770155620e-02
4.958984374999995670e-01	9.159092882941581582e-02
3.407226562499994227e-01	6.545517144185847291e-02
5.972656249999995781e-01	1.102603563023714095e-01
4.804687499999995004e-01	8.119353132920360816e-02
4.624999999999995226e-01	7.658601905705497703e-02
4.337890624999994893e-01	6.679068001433569046e-02
5.783203124999996003e-01	9.755499610088171070e-02
6.097656249999995337e-01	1.033087985314418422e-01
6.775390624999997335e-01	1.176510768963753562e-01
3.874999999999994560e-01	5.915340351554008308e-02
4.958984374999995670e-01	7.388480865386967689e-02
3.930664062499994449e-01	5.679685438065661118e-02
3.953124999999995115e-01	5.522502955100622168e-02
5.334960937499996225e-01	7.639992052393944355e-02
4.232421874999994782e-01	5.872432580377451999e-02
4.608398437499995337e-01	6.250281074574513818e-02
4.652343749999995337e-01	6.185150595843087046e-02
4.259765624999994893e-01	5.523154120282132429e-02
4.557617187499994893e-01	5.900250650733272068e-02
4.460937499999995115e-01	5.666504387557636663e-02
5.472656249999995337e-01	7.076645033884834679e-02
4.373046874999995115e-01	5.426672740480036061e-02
4.627929687499995337e-01	5.587410589385034820e-02
4.889648437499994893e-01	5.923045611134510752e-02
5.791992187499995781e-01	7.377048012798749499e-02
4.659179687499994671e-01	5.358866033217319497e-02
5.354492187499996225e-01	6.246209499872592413e-02
6.222656249999997113e-01	7.934956070881130086e-02
