3.567382812499994005e-01	8.425948128238970602e-02
4.467773437499995559e-01	9.356088779778430620e-02
5.515624999999996225e-01	1.209507904551197638e-01
4.888671874999995226e-01	1.001283540570829106e-01
4.888671874999995226e-01	9.662204613311617396e-02
4.393554687499994227e-01	8.252762416413367275e-02
6.020507812499996669e-01	1.218526793720208085e-01
4.325195312499995337e-01	7.608015750260503640e-02
3.945312499999995004e-01	6.973705492535779704e-02
4.627929687499995337e-01	7.722614809838103389e-02
4.319335937499995115e-01	7.125054972668368181e-02
4.939453124999995670e-01	8.047581925426126881e-02
5.160156249999995337e-01	8.325236326098398032e-02
5.782226562499995781e-01	9.672790049247928512e-02
5.936523437499996447e-01	9.860958535835331884e-02
5.614257812499995337e-01	8.628171051658713175e-02
4.757812499999995448e-01	6.866852976698221978e-02
6.236328124999996891e-01	9.983039897257674211e-02
6.181640624999997780e-01	9.692750077299104594e-02
5.247070312499996225e-01	7.473361661544455914e-02
4.668945312499995781e-01	6.377452223360495498e-02
6.195312499999996447e-01	9.073051298789780450e-02
4.670898437499995115e-01	6.195528085012417391e-02
5.918945312499996891e-01	8.300133702941286939e-02
5.565429687499995337e-01	7.407803391422305983e-02
5.186523437499995781e-01	6.625660794846553736e-02
4.980468749999995559e-01	6.198347708275062790e-02
4.707031249999995559e-01	5.717616375855519989e-02
4.364257812499995337e-01	5.217215288965179609e-02
5.517578124999995559e-01	6.789024413030737837e-02
4.796874999999994893e-01	5.616423226429601012e-02
5.812499999999996003e-01	7.078786220269615848e-02
4.821289062499994893e-01	5.642753354391807918e-02
4.773437499999995115e-01	5.451503726991314275e-02
4.905273437499995115e-01	5.486953123333600246e-02
