5.006835937499994893e-01	1.184363321982390554e-01
5.574218749999996225e-01	1.305101026224367855e-01
3.659179687499993783e-01	8.666877682168214192e-02
3.828124999999994449e-01	8.503689425095964372e-02
9.101562499999997780e-01	2.720690756854386994e-01
5.029296874999995559e-01	1.019251699352991397e-01
4.214843749999994671e-01	7.819068871452064529e-02
4.553710937499995115e-01	8.469879756759449152e-02
4.138671874999994560e-01	7.949235019327018092e-02
4.928710937499996003e-01	8.889287676246922232e-02
5.565429687499995337e-01	9.692728651804213835e-02
3.820312499999994338e-01	7.115596016922634548e-02
5.848632812499996447e-01	1.005452240063642727e-01
4.779296874999995337e-01	7.813181609479903644e-02
4.042968749999994449e-01	6.764551137231443467e-02
3.719726562499994227e-01	6.397377835948039881e-02
5.318359374999994671e-01	8.219735056208525570e-02
3.894531249999994005e-01	6.237837463626234175e-02
5.701171874999997335e-01	8.502090260217426421e-02
4.136718749999994671e-01	6.210734042886233847e-02
6.378906249999997113e-01	9.563208709544208930e-02
4.068359374999994671e-01	6.072732941258657258e-02
4.171874999999994893e-01	5.915622976228428892e-02
5.834960937499996669e-01	8.097314441139492891e-02
5.212890624999997335e-01	6.897709256872222583e-02
5.023437499999996447e-01	6.627090360420978543e-02
4.492187499999995004e-01	5.880898500249185507e-02
5.214843749999996669e-01	6.698343667653219868e-02
6.934570312499998002e-01	9.365052069114723765e-02
4.619140624999995004e-01	5.870396752013226638e-02
5.889648437499996891e-01	7.383938282559597555e-02
4.856445312499996225e-01	5.773891075530756395e-02
4.967773437499996003e-01	5.954027284794295716e-02
5.430664062499995781e-01	6.497458131303784912e-02
4.959960937499995337e-01	5.812779347039254141e-02
