6.892578124999997335e-01	2.030655307506166463e-01
5.131835937499994449e-01	1.224636434199442847e-01
4.910156249999995115e-01	1.157702157334753318e-01
2.765624999999993783e-01	6.712296974735317001e-02
6.930664062499997113e-01	1.812848360207935383e-01
4.558593749999995115e-01	9.456236683859466086e-02
5.980468749999996447e-01	1.325388157602984396e-01
3.774414062499994449e-01	7.257490289683621310e-02
5.352539062499995781e-01	1.077104544651771856e-01
6.636718749999996891e-01	1.452742405360510081e-01
4.139648437499994227e-01	7.484678040560745205e-02
5.192382812499996003e-01	9.280229037517162549e-02
4.678710937499995781e-01	8.083519601766964158e-02
4.838867187499995559e-01	8.264662531764931097e-02
4.461914062499995337e-01	7.333612406235523462e-02
4.725585937499995337e-01	7.707365253496352431e-02
5.620117187499995559e-01	9.731981668168199207e-02
5.135742187499995337e-01	8.079058929083424156e-02
6.538085937499996669e-01	1.186671812317636743e-01
6.421874999999996891e-01	1.106041742972601605e-01
4.287109374999995004e-01	6.161195313571925236e-02
3.877929687499994671e-01	5.604072015992801054e-02
4.940429687499995337e-01	7.087087191751410831e-02
4.785156249999995559e-01	6.758237409620287961e-02
5.050781249999994893e-01	7.041377973596130158e-02
4.644531249999994671e-01	6.387575086953466152e-02
4.936523437499995559e-01	6.776420993958280625e-02
5.263671874999995559e-01	7.321265735625902271e-02
3.352539062499994005e-01	4.450995283665781094e-02
6.881835937499997113e-01	1.128802633105448205e-01
6.480468749999996891e-01	9.940812898545157983e-02
4.180664062499994671e-01	5.135102987915066836e-02
4.656249999999995115e-01	5.673411456069887837e-02
4.989257812499995337e-01	6.263972240228353472e-02
5.228515624999996447e-01	6.546817726344240918e-02
