4.759765624999995337e-01	1.105550805286581034e-01
4.684570312499996003e-01	1.048400123712609766e-01
5.602539062499994893e-01	1.222688407138739636e-01
4.262695312499995559e-01	8.803479261967306346e-02
4.769531249999995337e-01	9.757174009088001587e-02
3.559570312499994449e-01	8.537569233117651979e-02
4.844726562499995781e-01	8.805546074681991353e-02
4.503906249999994893e-01	8.501182697958920009e-02
4.797851562499995115e-01	8.374013165160264227e-02
5.803710937499996225e-01	9.971026360034622449e-02
4.254882812499994893e-01	7.792815787701605490e-02
4.201171874999995448e-01	7.440259902821824700e-02
3.970703124999994671e-01	7.221717427268128930e-02
2.035156249999992839e-01	7.504896337899444325e-02
5.459960937499995781e-01	8.311149363237307908e-02
4.490234374999995115e-01	7.154761097331745201e-02
4.251953124999994782e-01	6.735027127457038354e-02
4.094726562499995115e-01	6.700929881843704916e-02
4.671874999999995337e-01	6.785426666132535201e-02
5.050781249999994893e-01	7.151259510295618349e-02
4.989257812499995337e-01	6.990560344653473646e-02
5.466796874999995115e-01	7.434991619147530983e-02
4.681640624999995337e-01	6.442370149151402381e-02
5.054687499999994671e-01	6.635158025460460851e-02
4.143554687499994005e-01	6.136594642654381870e-02
4.576171874999995226e-01	6.217793634176551482e-02
4.659179687499994671e-01	6.116728907829210166e-02
5.029296874999995559e-01	6.195232094822317875e-02
3.809570312499994671e-01	5.982784189379019429e-02
4.957031249999995781e-01	6.091220414302580405e-02
5.397460937499997113e-01	6.426023527955747328e-02
4.750976562499995559e-01	5.799185144080479942e-02
4.326171874999995004e-01	5.573717212863287668e-02
5.132812499999994671e-01	5.961809313407716304e-02
5.257812499999996447e-01	5.999280993889505309e-02
