4.935546874999995892e-01	1.092681127322760321e-01
6.661132812499996891e-01	1.562017580296817809e-01
4.797851562499995115e-01	9.968633708406299254e-02
3.699218749999995115e-01	8.729012650168249676e-02
4.831054687499994893e-01	9.116785286196538163e-02
4.419921874999995226e-01	8.125068477101685116e-02
5.962890624999996891e-01	1.105722643320974918e-01
5.630859374999994671e-01	1.001352385666325340e-01
4.925781249999995337e-01	8.350064230585739489e-02
6.656249999999996891e-01	1.191983939972891121e-01
4.701171874999995892e-01	7.703589843547266336e-02
5.040039062499995781e-01	8.218714210131480846e-02
4.291992187499994449e-01	7.107777548588017913e-02
3.912109374999994671e-01	6.767115857584864169e-02
4.003906249999994449e-01	6.518258793561935993e-02
4.595703124999995226e-01	6.897315765398617793e-02
5.281249999999995115e-01	7.757270981403761867e-02
4.969726562499995337e-01	7.112186477302592791e-02
5.277343749999995337e-01	7.230132419135638921e-02
4.359374999999995337e-01	6.273246426522885444e-02
4.568359374999995115e-01	6.293402707090124670e-02
5.292968749999995559e-01	7.140346450219152430e-02
5.460937499999996003e-01	7.146652722749763376e-02
4.797851562499995115e-01	6.174263945651961571e-02
3.763671874999994782e-01	5.520570778261186390e-02
5.624999999999995559e-01	7.215512244210450787e-02
5.843749999999996447e-01	7.407672264429669695e-02
5.252929687499995337e-01	6.420283579625796211e-02
5.650390624999996891e-01	6.940113091968660997e-02
5.258789062499996669e-01	6.308905534001808812e-02
5.742187499999995559e-01	6.829370419029703876e-02
5.341796874999995559e-01	6.162729555765712741e-02
4.791015624999995226e-01	5.611337328254514811e-02
5.591796874999994671e-01	6.435875323368392409e-02
4.742187499999995226e-01	5.503223741288928994e-02
