4.348632812499995115e-01	1.039310797670648795e-01
4.881835937499995337e-01	1.048865859796236366e-01
4.626953124999995115e-01	9.831679580472134361e-02
4.086914062499994449e-01	8.943832678866542318e-02
5.429687499999995559e-01	1.020727732544770977e-01
4.436523437499995115e-01	8.655899307007723642e-02
3.822265624999994227e-01	8.694948523778545102e-02
5.336914062499996669e-01	9.220901760165049754e-02
6.042968749999996225e-01	1.047306181717143486e-01
5.816406249999995781e-01	9.732421679896818834e-02
4.353515624999995115e-01	8.125436038993255616e-02
4.243164062499994449e-01	7.816876940003483765e-02
4.706054687499995337e-01	7.842367733204017033e-02
4.773437499999995115e-01	7.588654357096154268e-02
5.299804687499994893e-01	7.929981727708307337e-02
4.836914062499995115e-01	7.576168710118845462e-02
6.072265624999997335e-01	8.772991381536680844e-02
4.695312499999995670e-01	7.151383105357322911e-02
5.040039062499995781e-01	7.264450836788691190e-02
5.081054687499995115e-01	7.157288579390702621e-02
5.525390624999997335e-01	7.485085461201998469e-02
4.290039062499995115e-01	6.954911664593761700e-02
5.531249999999996447e-01	7.263969935516828569e-02
3.801757812499994005e-01	6.912969383675986179e-02
3.999999999999994671e-01	6.620222660337804488e-02
5.473632812499995559e-01	6.877635126206815830e-02
4.339843749999995337e-01	6.144477168190122518e-02
4.691406249999995337e-01	6.305162757770541027e-02
5.332031249999995559e-01	6.381934045491956253e-02
5.094726562499994893e-01	6.211138649070219869e-02
5.332031249999995559e-01	6.482342309022691429e-02
5.311523437499995337e-01	6.273813459501770273e-02
4.785156249999995559e-01	5.959412841346518191e-02
5.831054687499995781e-01	6.656237762796510249e-02
5.094726562499994893e-01	6.125685052229778299e-02
