4.875976562499995115e-01	1.340507169519212227e-01
5.984374999999996225e-01	1.602793801184941858e-01
5.522460937499996669e-01	1.368242540860291900e-01
4.723632812499996003e-01	1.083093281460451307e-01
4.814453124999995004e-01	1.064445502387487003e-01
4.606445312499996003e-01	9.216128915603472027e-02
3.752929687499994005e-01	7.895417881715623143e-02
6.433593749999997335e-01	1.450356123648690321e-01
4.599609374999995559e-01	8.979852284433402498e-02
3.963867187499994227e-01	7.585536782547901147e-02
4.810546874999995226e-01	9.036802354731342246e-02
4.559570312499995337e-01	8.093012754121514662e-02
3.106445312499994671e-01	5.682742691560857540e-02
4.790039062499995559e-01	8.523856030370870196e-02
5.324218749999996003e-01	9.142669108320310156e-02
5.028320312499996447e-01	8.676285607261628730e-02
3.215820312499994005e-01	5.256921423091816953e-02
5.282226562499995337e-01	8.972252952402219595e-02
6.033203124999997335e-01	1.072940919741578597e-01
4.651367187499995115e-01	6.940266170350339880e-02
4.721679687499995559e-01	7.124633709312608310e-02
4.222656249999995337e-01	6.246795814309074463e-02
4.381835937499994893e-01	6.248772492504538201e-02
5.790039062499995337e-01	9.302962440103219877e-02
4.414062499999995004e-01	6.223498364910733105e-02
4.604492187499995559e-01	6.261439885102673686e-02
6.631835937499995781e-01	1.115547813806507527e-01
4.826171874999995448e-01	6.548304195303467079e-02
5.162109374999994671e-01	7.214216972073575485e-02
5.310546874999995115e-01	7.287305197452059735e-02
4.713867187499994893e-01	6.036662977101370231e-02
6.427734374999996003e-01	9.973812106861526527e-02
5.024414062499996669e-01	6.523478592156890798e-02
7.162109374999996447e-01	1.169503785221168851e-01
6.354492187499997113e-01	9.217070783230520148e-02
