6.131835937499995337e-01	1.529589022278523835e-01
3.988281249999994227e-01	8.957478216192817089e-02
4.203124999999995337e-01	9.397681030620956555e-02
5.199218749999996447e-01	1.107909741763196676e-01
4.135742187499994449e-01	8.311651357779370475e-02
4.585937499999995226e-01	9.048995342513896367e-02
5.560546874999996447e-01	1.130473776284043608e-01
6.120117187499996003e-01	1.290016328120928701e-01
3.677734374999994671e-01	6.896319328692539219e-02
6.697265624999997335e-01	1.414530412679377569e-01
5.768554687499996003e-01	1.071820880318342384e-01
4.209960937499994671e-01	6.900062644014660906e-02
4.260742187499995115e-01	7.041670531071059225e-02
5.617187499999996003e-01	9.747755078112613214e-02
5.817382812499996003e-01	1.006213069510781127e-01
5.069335937499995781e-01	7.995478344553126615e-02
3.665039062499994005e-01	5.543558170874124391e-02
5.650390624999996891e-01	9.134575486086382590e-02
4.130859374999995004e-01	6.024982285145565053e-02
5.478515624999995559e-01	8.499004764036477422e-02
4.145507812499994449e-01	5.784785154982724498e-02
5.742187499999995559e-01	8.902497849543830610e-02
5.606445312499995781e-01	8.425902779163535472e-02
4.813476562499995337e-01	6.605168272609768243e-02
3.824218749999994671e-01	5.076609441743284296e-02
4.692382812499995559e-01	6.218581003036936783e-02
5.170898437499995559e-01	7.071579511805790863e-02
4.765624999999995559e-01	6.091336016235165268e-02
4.208984374999995004e-01	5.302698563928665704e-02
4.873046874999995559e-01	6.220014102867914979e-02
5.984374999999996225e-01	8.454155005613968321e-02
4.989257812499995337e-01	6.169858525125052756e-02
4.439453124999995226e-01	5.361688640695004560e-02
4.481445312499995337e-01	5.331962880592704124e-02
4.263671874999995226e-01	4.978737491545030813e-02
