4.453124999999995559e-01	1.031744601538674144e-01
5.735351562499996225e-01	1.305298595064743328e-01
4.518554687499994893e-01	1.023474792469918487e-01
3.714843749999994227e-01	8.299588982378379443e-02
4.170898437499994671e-01	9.245429306151846383e-02
5.576171874999995559e-01	1.233235309464044971e-01
7.426757812499997780e-01	1.954944229570766967e-01
5.452148437499996225e-01	1.163212806727633997e-01
4.907226562499995559e-01	1.055138936135740502e-01
8.725585937499998890e-01	2.718386521632376041e-01
6.425781249999996669e-01	1.504573941688339689e-01
4.269531249999994893e-01	8.362566892015740883e-02
3.147460937499994005e-01	5.778160425580370491e-02
6.844726562499997558e-01	1.642985634652665838e-01
6.867187499999998224e-01	1.610389870184184002e-01
4.639648437499994671e-01	8.469728604231979707e-02
4.328124999999994893e-01	7.490651120078128944e-02
5.948242187499996891e-01	1.241790250469363838e-01
3.630859374999994560e-01	6.237502133622958161e-02
5.553710937499994893e-01	1.096556516614632382e-01
4.309570312499995115e-01	7.230298264654912155e-02
4.007812499999994782e-01	6.926405461268245189e-02
4.650390624999994893e-01	8.401661303653010227e-02
3.957031249999994893e-01	6.706728727725942696e-02
5.573242187499996003e-01	1.106726887214646432e-01
5.744140624999996003e-01	1.135837973878822960e-01
7.561523437499997335e-01	1.841183232627525701e-01
4.435546874999995448e-01	7.566535936896817693e-02
5.842773437499996225e-01	1.149720887847656831e-01
4.448242187499995559e-01	7.467199543969078868e-02
5.180664062499996669e-01	9.324927269914008721e-02
8.078124999999998224e-01	2.025926733245692890e-01
6.241210937499995781e-01	1.257245383840860653e-01
4.241210937499995115e-01	6.716099104926846752e-02
4.630859374999995448e-01	7.668385074077402330e-02
