7.939453124999997780e-01	2.296044632072340441e-01
5.128906249999994893e-01	1.213386128506829392e-01
4.871093749999995115e-01	1.037957738425876741e-01
5.811523437499995781e-01	1.254283441891218542e-01
5.416992187499996003e-01	1.088131095372031898e-01
4.346679687499994671e-01	9.254389948851485248e-02
3.985351562499994671e-01	8.487340510970765861e-02
4.410156249999994671e-01	8.436224049868661090e-02
3.336914062499993783e-01	7.493200239118016914e-02
6.320312499999996003e-01	1.184828634249361634e-01
3.865234374999994560e-01	7.198678143633113757e-02
5.564453124999995115e-01	9.386520798727311654e-02
4.449218749999995781e-01	7.526996914217908008e-02
3.641601562499994227e-01	6.831228203254445519e-02
4.320312499999994782e-01	7.068452599455210539e-02
5.096679687499994227e-01	7.826949413863171223e-02
3.537109374999994338e-01	6.336205835018376975e-02
5.765624999999996447e-01	8.504751709967119100e-02
4.779296874999995337e-01	6.978175369607145240e-02
4.389648437499994449e-01	6.331866215289440325e-02
5.503906249999995781e-01	7.798444930680910325e-02
6.418945312499997335e-01	9.369241118055603168e-02
5.444335937499996669e-01	7.595567350408718998e-02
6.044921874999995559e-01	8.409683688496558118e-02
5.187499999999996003e-01	6.809316276908908283e-02
5.298828124999994671e-01	6.923930780641095184e-02
4.399414062499994449e-01	5.806853617394026196e-02
5.290039062499994893e-01	6.702605994927524069e-02
6.283203124999996447e-01	8.151891716556318446e-02
4.582031249999994893e-01	5.850252472254700159e-02
4.711914062499995559e-01	5.923057167793246980e-02
5.550781249999995337e-01	6.678552592830462598e-02
5.175781249999995559e-01	6.178443353176102382e-02
4.396484374999994893e-01	5.320683740583118104e-02
4.958007812499996003e-01	5.779499243258363894e-02
