4.772460937499994893e-01	1.045927377475293074e-01
5.158203124999996003e-01	1.157094228511461181e-01
5.873046874999996447e-01	1.266646134783732669e-01
6.375976562499997558e-01	1.384188824626298997e-01
4.161132812499994671e-01	8.496406244556230225e-02
5.391601562499996891e-01	1.031500280768898603e-01
7.470703124999997780e-01	1.652131708561471457e-01
5.560546874999996447e-01	9.901606807613592964e-02
3.775390624999994116e-01	7.425495155954862925e-02
5.695312499999996003e-01	1.034230662493945685e-01
4.718749999999995448e-01	7.777752588728233107e-02
4.655273437499994893e-01	7.885097960325961053e-02
4.653320312499995559e-01	7.697678880607021490e-02
3.838867187499994671e-01	6.437084845397667010e-02
3.495117187499994227e-01	5.767077099849197974e-02
4.094726562499995115e-01	6.296726366574630085e-02
5.392578124999996003e-01	8.096639221383761242e-02
5.886718749999997335e-01	9.214583388277870768e-02
6.019531249999996447e-01	9.479022703430389774e-02
4.891601562499995337e-01	6.826686096943693216e-02
4.730468749999995337e-01	6.749235130235287095e-02
4.743164062499994893e-01	6.557908618397194356e-02
5.942382812499996669e-01	8.714635334596841643e-02
4.957031249999995781e-01	6.688279068773901603e-02
5.789062499999995115e-01	8.210176306100168409e-02
4.122070312499994671e-01	5.376410531952983962e-02
5.239257812499995559e-01	6.878195836598638424e-02
4.622070312499995115e-01	5.886596107492215318e-02
4.186523437499994893e-01	5.043916743592979229e-02
4.329101562499995115e-01	5.254989284649162068e-02
5.655273437499995781e-01	7.302869153472067720e-02
4.062499999999994449e-01	4.743814091458502247e-02
4.905273437499995115e-01	5.699418706821664932e-02
6.051757812499996003e-01	7.774647861216284206e-02
4.732421874999995226e-01	5.550616143412524101e-02
