4.218749999999995004e-01	9.552162680421957819e-02
6.666992187499997113e-01	1.706823541676779632e-01
5.889648437499996891e-01	1.341577282657330228e-01
5.609374999999995337e-01	1.218636897153310139e-01
6.398437499999998224e-01	1.393278328234824892e-01
4.477539062499995559e-01	8.827258125808917777e-02
4.327148437499994671e-01	8.236925020810589859e-02
5.483398437499995559e-01	1.030923831420259285e-01
5.237304687499995115e-01	9.486633018704346276e-02
6.802734374999996891e-01	1.310450333191870154e-01
6.791015624999996447e-01	1.279072620609491284e-01
5.503906249999995781e-01	9.126637607742156544e-02
4.274414062499994893e-01	7.207026453310859393e-02
5.156249999999995559e-01	8.257992261606950102e-02
4.197265624999995115e-01	6.668923199450144113e-02
6.114257812499995781e-01	9.702650085545933001e-02
5.014648437499995559e-01	7.462998706338354327e-02
5.539062499999996003e-01	8.185479276263071813e-02
4.451171874999995670e-01	6.524740905454461115e-02
4.901367187499995337e-01	7.014921530435876129e-02
4.811523437499994893e-01	6.667119905047413919e-02
4.527343749999994671e-01	6.238188611021096286e-02
6.023437499999997335e-01	8.435664968306903766e-02
5.718749999999996891e-01	7.590121636924612725e-02
5.407226562499997113e-01	7.088059381228500877e-02
3.676757812499994449e-01	5.308501245912658484e-02
4.838867187499995559e-01	6.084200174380292175e-02
4.688476562499995781e-01	5.924126270703373998e-02
5.497070312499996447e-01	6.859674136861451665e-02
4.871093749999995115e-01	5.967031060480906118e-02
5.534179687499996003e-01	6.722115493882119264e-02
6.228515624999997335e-01	7.870334851397879639e-02
5.223632812499996447e-01	6.126411745671683090e-02
4.253906249999994671e-01	5.107557426428861735e-02
5.199218749999996447e-01	5.945264464241584862e-02
