3.800781249999993783e-01	8.668277104509591879e-02
4.029296874999994671e-01	9.500454417495164672e-02
5.910156249999997113e-01	1.408657722688459457e-01
6.616210937499996669e-01	1.663478786220417838e-01
4.758789062499995115e-01	1.032958660213712937e-01
4.312499999999994671e-01	9.106418763944179595e-02
4.955078124999995892e-01	1.069748234462446213e-01
4.380859374999995226e-01	9.377292042744739264e-02
3.129882812499994449e-01	6.765718931317998841e-02
5.146484374999995559e-01	1.112561839768542588e-01
4.407226562499995115e-01	8.504229135140989326e-02
4.963867187499995115e-01	1.067057930043931874e-01
5.068359374999995559e-01	1.073299778655601167e-01
6.127929687499995559e-01	1.380247753218187545e-01
5.348632812499996003e-01	1.147410540925391936e-01
4.391601562499994893e-01	8.760637334340273807e-02
4.460937499999995115e-01	8.581092064236280070e-02
4.781249999999995226e-01	9.475959366280803375e-02
3.554687499999993894e-01	6.447827774405331946e-02
4.876953124999995337e-01	9.702454547309143085e-02
4.362304687499994893e-01	8.162083245880291660e-02
4.741210937499995559e-01	9.282442230264698058e-02
6.159179687499996003e-01	1.367754126880475207e-01
6.408203124999998224e-01	1.432683911887943640e-01
4.714843749999995115e-01	8.913236906181076780e-02
5.064453124999994671e-01	9.378604423604432194e-02
8.731445312499999112e-01	2.589722233156688813e-01
4.294921874999994560e-01	7.297259144953102683e-02
5.400390624999997780e-01	1.048966198984768311e-01
4.243164062499994449e-01	7.069939340152314733e-02
5.119140624999996003e-01	9.489357420217960082e-02
6.949218749999998002e-01	1.601075832568124857e-01
4.721679687499995559e-01	8.143801938377386029e-02
5.365234374999996447e-01	1.000783238818966359e-01
5.589843749999995337e-01	1.060297901792181807e-01
