3.711914062499994671e-01	9.872227627687345242e-02
4.507812499999995226e-01	1.045286126842553259e-01
5.650390624999996891e-01	1.164823842118066360e-01
4.264648437499994893e-01	9.257226651272258688e-02
5.481445312499996225e-01	1.077835103855104421e-01
5.500976562499996225e-01	1.079371572059891898e-01
4.390624999999994671e-01	8.485964550678239127e-02
5.131835937499994449e-01	9.101519455344858622e-02
5.443359374999996447e-01	9.513571453588864912e-02
5.196289062499995781e-01	8.785847318178466314e-02
3.921874999999994671e-01	7.280731759342651266e-02
5.480468749999996003e-01	8.828447681540348146e-02
5.092773437499994449e-01	8.019896176095511753e-02
5.397460937499997113e-01	8.470998744301813654e-02
5.340820312499996447e-01	8.081019539313669120e-02
4.957031249999995781e-01	7.551105767850127548e-02
5.407226562499997113e-01	7.877379852276548966e-02
5.292968749999995559e-01	7.648347406446860675e-02
5.599609374999994227e-01	7.951372438214845961e-02
4.939453124999995670e-01	6.940010709302514569e-02
5.687499999999996447e-01	7.759283145192553965e-02
4.668945312499995781e-01	6.158391831731757637e-02
4.598632812499995337e-01	6.271026128633273855e-02
5.179687499999996447e-01	6.772839972068403491e-02
4.895507812499995115e-01	6.284268144489719987e-02
4.305664062499994227e-01	5.674953816285411429e-02
6.148437499999996891e-01	8.013552708504506628e-02
5.142578124999994671e-01	6.404783391299168072e-02
4.725585937499995337e-01	5.898843380683424509e-02
4.847656249999995337e-01	5.952247287892325350e-02
5.046874999999995115e-01	5.955052349063696265e-02
3.914062499999994560e-01	5.059638663731019087e-02
4.794921874999995004e-01	5.496092840217607634e-02
5.111328124999994227e-01	5.789841571150378119e-02
4.240234374999994893e-01	5.110700519592019375e-02
