6.120117187499996003e-01	1.809215988474009162e-01
6.472656249999996225e-01	1.840141755664431444e-01
4.281249999999994782e-01	1.030093765995999250e-01
5.929687499999996003e-01	1.450592872769266017e-01
4.686523437499995337e-01	9.898932302067761646e-02
4.820312499999995226e-01	9.906571293663428424e-02
4.345703124999995004e-01	8.722251595665420076e-02
3.982421874999994560e-01	7.503758558609358031e-02
4.427734374999995337e-01	8.337018178920790890e-02
6.221679687499996891e-01	1.333607972800337216e-01
3.691406249999994449e-01	6.736880128653136013e-02
6.788085937499995781e-01	1.456347919527143375e-01
4.238281249999994449e-01	7.329916740208577974e-02
4.970703124999995559e-01	8.487647525109150159e-02
4.880859374999995670e-01	8.233475846922923280e-02
4.654296874999995226e-01	7.580375220542963366e-02
5.634765624999995559e-01	9.594739930615461820e-02
4.525390624999994782e-01	6.863291399279507210e-02
6.394531249999997335e-01	1.120896321224826575e-01
4.588867187499995337e-01	6.810221164784231729e-02
5.823242187499996225e-01	9.268117892346917908e-02
6.674804687499996669e-01	1.140326420997161555e-01
4.609374999999995559e-01	6.438146180479509262e-02
5.020507812499995781e-01	7.086435176779042056e-02
4.058593749999994671e-01	5.572287889778529402e-02
5.122070312499995559e-01	7.140215799746606196e-02
5.355468749999996447e-01	7.348381657726667238e-02
5.125976562499995337e-01	6.907682148560617685e-02
5.334960937499996225e-01	7.157830650297740405e-02
4.514648437499995115e-01	5.717921210040224217e-02
4.775390624999995004e-01	5.862379251502495420e-02
3.845703124999994560e-01	4.720379656965387194e-02
5.476562499999995115e-01	6.978236296251130732e-02
4.595703124999995226e-01	5.452505942694055308e-02
4.857421874999995892e-01	5.839585340251740586e-02
