3.124999999999913958e-02	nan
6.246093749999996891e-01	1.415715356740303021e-01
5.913085937499996669e-01	1.322375793980752057e-01
3.852539062499994449e-01	9.082367009854454276e-02
5.030273437499995781e-01	1.039332022044043013e-01
4.374023437499995337e-01	9.493782814628133615e-02
7.119140624999997780e-01	1.434951148482498384e-01
5.615234374999995559e-01	1.081701128544595297e-01
3.819335937499994671e-01	8.712343219251642013e-02
5.023437499999996447e-01	9.701295096748296931e-02
-1.363281250000010214e-01	9.406890942496991259e-02
2.915039062499993339e-01	8.059523115979543018e-02
3.810546874999994338e-01	8.009130076529617781e-02
4.557617187499994893e-01	8.255320482936902293e-02
5.821289062499995781e-01	9.589213529696406779e-02
3.359374999999994449e-01	7.663046985962709834e-02
2.308593749999993117e-01	7.665963635916474284e-02
7.214843749999998446e-01	1.173516401477352061e-01
6.134765624999996003e-01	9.791352560082626499e-02
4.307617187499994671e-01	7.731759534271870349e-02
4.519531249999995115e-01	7.555613389169357763e-02
5.230468749999995781e-01	8.082039635507802522e-02
4.854492187499995781e-01	7.703638237727655769e-02
5.748046874999996891e-01	8.544419858201664220e-02
4.407226562499995115e-01	7.240675624912649988e-02
4.533203124999994893e-01	7.357692073255329979e-02
2.822265624999993339e-01	7.290072279328045635e-02
3.620117187499993783e-01	6.637016691334210461e-02
4.311523437499994449e-01	6.924142645730467505e-02
5.407226562499997113e-01	7.537656765711674145e-02
3.637695312499994449e-01	6.793999897039020019e-02
5.353515624999996003e-01	7.056462123576655310e-02
5.114257812499994893e-01	7.000450782491561552e-02
5.523437499999996891e-01	7.249019623202532236e-02
5.228515624999996447e-01	7.094125752056312795e-02
