5.752929687499995781e-01	1.364037297166378060e-01
5.285156249999994893e-01	1.179230549830428409e-01
4.489257812499994893e-01	9.364170239451691247e-02
5.857421874999997335e-01	1.327356852292519707e-01
6.328124999999996669e-01	1.491033395017462571e-01
4.738281249999994893e-01	9.181907758289932497e-02
5.168945312499996225e-01	1.035043875192556834e-01
4.178710937499995337e-01	7.479868504878685320e-02
6.582031249999996669e-01	1.521989780681634874e-01
5.232421874999995115e-01	1.015080812911299951e-01
3.313476562499994005e-01	5.576338138620745566e-02
5.288085937499994449e-01	9.819716278949171262e-02
6.494140624999997780e-01	1.403492263186314204e-01
4.774414062499995337e-01	8.093834759137530366e-02
5.041992187499995115e-01	8.710244734207830963e-02
4.007812499999994782e-01	6.313697106588742058e-02
4.747070312499995781e-01	7.866865884225023031e-02
6.055664062499995781e-01	1.182934496768533600e-01
5.044921874999994671e-01	8.538315747133708167e-02
4.401367187499994893e-01	6.701318089549881951e-02
5.374023437499996225e-01	9.123267742184519580e-02
4.118164062499994893e-01	6.054927888536801306e-02
4.615234374999995226e-01	7.082355602300115238e-02
7.709960937499998890e-01	1.770109195605510388e-01
5.524414062499997113e-01	9.063498084378313058e-02
5.952148437499996669e-01	1.041057626645376100e-01
8.954101562499999778e-01	2.408302378720171000e-01
6.355468749999997335e-01	1.130492426689355401e-01
5.459960937499995781e-01	8.498033605898905329e-02
4.910156249999995115e-01	7.031378316389068350e-02
6.420898437499996669e-01	1.119835583085064951e-01
4.310546874999994782e-01	5.449829722587570813e-02
5.007812499999995115e-01	7.089627839790861585e-02
4.670898437499995115e-01	6.242476664058505681e-02
5.571289062499996669e-01	8.373653562434534015e-02
