6.678710937499997558e-01	1.721573786958663643e-01
3.495117187499994227e-01	8.828845916553625106e-02
4.105468749999995337e-01	8.923747919994835798e-02
4.997070312499996003e-01	1.000504824159263589e-01
7.629882812499997335e-01	1.887317743474728471e-01
5.099609374999993783e-01	1.026837902441111311e-01
3.501953124999994116e-01	7.564565157455679922e-02
5.071289062499996225e-01	9.665492441389063327e-02
6.293945312499996669e-01	1.215514821176692656e-01
4.022460937499994227e-01	6.951483370424701991e-02
5.034179687499995559e-01	8.666477997069887973e-02
4.954101562499996225e-01	8.244146868639345982e-02
3.741210937499994671e-01	6.409377574839314473e-02
4.921874999999995559e-01	8.062810491009095304e-02
5.328124999999995781e-01	8.509419401826644191e-02
4.386718749999994893e-01	6.829090326215035700e-02
4.935546874999995892e-01	7.567829751814303396e-02
4.206054687499994893e-01	6.162232688355735732e-02
5.991210937499996669e-01	9.242239934826274039e-02
3.909179687499994005e-01	5.812187243067763742e-02
5.267578124999996447e-01	7.434320968850006983e-02
4.288085937499994671e-01	5.990174464163765949e-02
5.718749999999996891e-01	8.022063283762398411e-02
4.802734374999995115e-01	6.291271879895306285e-02
4.827148437499995115e-01	6.266622927514017838e-02
4.251953124999994782e-01	5.623167934709088350e-02
4.584960937499995559e-01	5.849782706330156762e-02
5.493164062499996669e-01	7.146516383036920217e-02
5.784179687499995115e-01	7.452794426056225108e-02
5.296874999999995337e-01	6.400542287657819129e-02
4.971679687499995781e-01	6.054189044966037936e-02
4.778320312499995115e-01	5.643091901567644925e-02
3.916992187499994671e-01	4.789361895966119664e-02
5.404296874999996447e-01	6.337559283133128996e-02
5.742187499999995559e-01	6.871814656752563144e-02
