3.369140624999993894e-01	8.340444136704878997e-02
4.710937499999995337e-01	1.079556565446063848e-01
3.720703124999994449e-01	8.175384172958581608e-02
4.283203124999994671e-01	8.532451519550925123e-02
4.564453124999994782e-01	8.878554227028349899e-02
7.727539062499998446e-01	1.929289042799754161e-01
4.441406249999995115e-01	8.535459970009209862e-02
6.465820312499996891e-01	1.304300925410988299e-01
4.101562499999995004e-01	7.540068328872027992e-02
4.513671874999995448e-01	7.862686510510738525e-02
4.792968749999995115e-01	8.072511866947978953e-02
5.243164062499995337e-01	8.933111678609148565e-02
5.014648437499995559e-01	8.171985563005462749e-02
4.586914062499994893e-01	7.378255996066329647e-02
5.968749999999996003e-01	9.855980976955858175e-02
5.979492187499996225e-01	9.585057919754137734e-02
4.511718749999995559e-01	7.026276561660418918e-02
4.371093749999994671e-01	6.594837535462588773e-02
5.800781249999995559e-01	8.641627784619494712e-02
4.093749999999994893e-01	6.081524613217539899e-02
4.140624999999994449e-01	6.094212183389172144e-02
5.426757812499996003e-01	7.613882259743717795e-02
4.505859374999995337e-01	6.328575694410916441e-02
4.636718749999995115e-01	6.259565993640305026e-02
6.537109374999996447e-01	8.880684905412708496e-02
4.214843749999994671e-01	5.686753755646267033e-02
4.582031249999994893e-01	6.055185687725503363e-02
5.636718749999996003e-01	7.161274300603759357e-02
5.534179687499996003e-01	6.849587614312381556e-02
5.248046874999996447e-01	6.489651001924195972e-02
6.363281249999996891e-01	7.834948084710340044e-02
3.925781249999994449e-01	5.380322807389356643e-02
5.162109374999994671e-01	6.200970954543447156e-02
4.457031249999995337e-01	5.365582420955283122e-02
4.391601562499994893e-01	5.388281303976436010e-02
