7.844726562499998446e-01	2.739511148457820511e-01
3.361328124999994338e-01	8.635590765662791435e-02
4.513671874999995448e-01	1.080156858247181134e-01
3.898437499999994338e-01	9.108917904293616086e-02
4.547851562499994893e-01	1.016345870475009183e-01
5.182617187499996003e-01	1.191334411444600200e-01
4.703124999999995781e-01	1.002811210516130341e-01
3.958007812499995115e-01	7.784238931263354200e-02
4.791015624999995226e-01	9.748351104479738294e-02
4.389648437499994449e-01	8.245688883325875962e-02
4.493164062499994671e-01	8.346481612852751919e-02
6.197265624999996891e-01	1.308121319651107950e-01
4.693359374999995781e-01	8.506046519376522785e-02
4.453124999999995559e-01	7.585865063120816876e-02
5.946289062499997558e-01	1.157154736921745808e-01
6.487304687499996225e-01	1.300179681452639791e-01
5.136718749999995559e-01	8.744768264115757028e-02
5.045898437499994893e-01	8.121627355187087394e-02
5.293945312499995781e-01	8.709238696496220122e-02
5.089843749999994893e-01	7.906301687504442566e-02
4.875976562499995115e-01	7.383942146087486835e-02
4.300781249999994227e-01	6.108355214263840732e-02
4.333984374999995115e-01	6.099882529349855143e-02
4.773437499999995115e-01	6.901312944718364373e-02
5.495117187499996003e-01	8.420298509667499542e-02
5.513671874999996891e-01	8.360379902431927523e-02
4.701171874999995892e-01	6.406021811876229377e-02
4.587890624999995115e-01	6.148237807785130599e-02
4.547851562499994893e-01	5.990438812382091471e-02
4.438476562499995559e-01	5.629697195906512713e-02
6.697265624999997335e-01	1.104410835756741427e-01
6.375976562499997558e-01	9.796915410473534813e-02
5.045898437499994893e-01	6.573426299393404781e-02
5.551757812499995559e-01	7.487175442477987664e-02
5.387695312499997113e-01	7.103996274874402328e-02
