4.812499999999995115e-01	1.222144199853589797e-01
4.564453124999994782e-01	1.137244569147915080e-01
4.240234374999994893e-01	9.678397935183066791e-02
5.517578124999995559e-01	1.271544686117997980e-01
3.839843749999994893e-01	8.171404316762050091e-02
4.807617187499995115e-01	9.825530479161857789e-02
3.977539062499995115e-01	8.162442852977282171e-02
4.170898437499994671e-01	7.899557996846595653e-02
3.488281249999993783e-01	6.852818893994308547e-02
5.335937499999996447e-01	9.843046470803451520e-02
4.712890624999995226e-01	8.439271743480712684e-02
4.857421874999995892e-01	8.172636827859633413e-02
6.629882812499996447e-01	1.300798422673578314e-01
4.877929687499995559e-01	8.082034652276962050e-02
5.953124999999996891e-01	1.034544150438863747e-01
4.567382812499994893e-01	7.110553855742982043e-02
6.209960937499997558e-01	1.042603260802948961e-01
4.640624999999994893e-01	7.116784487597936637e-02
5.471679687499995115e-01	8.500660053332405319e-02
3.733398437499994005e-01	5.583527340470959693e-02
4.694335937499996003e-01	6.762908499435074661e-02
4.666992187499995337e-01	6.596350804414116697e-02
4.313476562499994893e-01	5.977629300883623847e-02
5.287109374999994227e-01	7.321705880926543397e-02
6.177734374999996891e-01	9.151958411059502030e-02
6.620117187499996447e-01	9.990031571449842218e-02
4.535156249999995337e-01	5.946309075273188693e-02
4.683593749999995781e-01	5.987796511255118193e-02
4.306640624999994449e-01	5.477985062042202424e-02
4.862304687499995337e-01	6.083912947127489285e-02
5.514648437499996003e-01	6.979054288937479311e-02
5.657226562499996225e-01	7.279014370838586545e-02
6.125976562499996225e-01	7.994026287070532533e-02
5.020507812499995781e-01	6.009814963518360365e-02
5.743164062499995781e-01	7.066550587309616827e-02
