5.361328124999995559e-01	1.460554989851375884e-01
5.710937499999997335e-01	1.488343012100764307e-01
6.503906249999996669e-01	1.656486193408836516e-01
3.484374999999994005e-01	9.186333064263603465e-02
6.450195312499997780e-01	1.512879115688810783e-01
3.740234374999994449e-01	9.292910172110578626e-02
3.768554687499994227e-01	8.970443509299369511e-02
5.770507812499996447e-01	1.187891864782048973e-01
4.809570312499995559e-01	1.001581361110461671e-01
4.504882812499995115e-01	9.211593245651528150e-02
5.028320312499996447e-01	9.894854870667425806e-02
5.044921874999994671e-01	9.762357340365881986e-02
5.025390624999996891e-01	9.220184699741054701e-02
4.520507812499995337e-01	8.678115442611382402e-02
4.365234374999995004e-01	7.661011442529916393e-02
5.356445312499996669e-01	8.813182914127766499e-02
6.349609374999996003e-01	1.019484734027912287e-01
4.705078124999995670e-01	8.097849553461995697e-02
5.791015624999995559e-01	9.051303175420073732e-02
4.013671874999995004e-01	7.684928165070287198e-02
6.190429687499996447e-01	9.179652736620026732e-02
4.591796874999995448e-01	7.654146270242177807e-02
5.479492187499995781e-01	8.108913972445817853e-02
3.955078124999995004e-01	7.316869684245563832e-02
5.013671874999996447e-01	7.211867415332412490e-02
5.339843749999996225e-01	7.389630116547260541e-02
5.266601562499996225e-01	7.391934678159355065e-02
5.024414062499996669e-01	6.925627091286154502e-02
6.008789062499996225e-01	7.962029122178046481e-02
5.080078124999996003e-01	7.016650514094456559e-02
5.292968749999995559e-01	6.989134627707137282e-02
3.725585937499994449e-01	6.874947175981832581e-02
4.428710937499995559e-01	6.510363452410281027e-02
5.233398437499995337e-01	6.726993869113431779e-02
4.062499999999994449e-01	6.377242524818337033e-02
