3.639648437499993783e-01	9.901902812821376798e-02
4.676757812499995337e-01	1.119896259472262373e-01
4.464843749999994893e-01	1.051789192370068404e-01
4.291992187499994449e-01	1.004867077708624934e-01
3.929687499999994782e-01	9.691142586948950366e-02
6.017578124999996003e-01	1.433421352736088117e-01
4.745117187499995337e-01	1.084557892792409051e-01
5.171874999999995781e-01	1.171139788563347744e-01
3.455078124999994560e-01	8.002214175849288458e-02
2.836914062499993339e-01	6.576168610186108876e-02
4.682617187499995559e-01	1.058939290931382587e-01
4.541015624999995004e-01	9.807884387706802820e-02
4.812499999999995115e-01	1.045866564978854135e-01
4.385742187499994671e-01	9.324616560974657853e-02
5.581054687499995559e-01	1.248507817574032869e-01
3.785156249999994671e-01	7.970801924314933895e-02
5.839843749999996669e-01	1.332097105636858847e-01
5.342773437499995781e-01	1.157666976498947925e-01
6.071289062499997113e-01	1.345745519817548863e-01
6.352539062499996669e-01	1.422868368414551832e-01
4.634765624999995226e-01	9.412136806959890689e-02
5.947265624999997780e-01	1.279817975063789470e-01
4.577148437499994893e-01	9.065664148540153455e-02
4.197265624999995115e-01	7.979434693580166049e-02
3.798828124999993894e-01	7.018812370801225109e-02
4.186523437499994893e-01	7.874201994530122262e-02
3.935546874999995004e-01	7.193798117392935509e-02
4.660156249999994893e-01	8.962146644008098240e-02
4.216796874999995115e-01	7.788929781847100942e-02
4.367187499999994893e-01	7.600549843917184245e-02
5.484374999999995781e-01	1.081096816140739159e-01
4.166015624999994671e-01	7.340051104731751264e-02
4.703124999999995781e-01	8.937411605558340244e-02
3.518554687499994005e-01	5.802467221665329883e-02
5.706054687499996225e-01	1.161162243282948120e-01
