5.893554687499996669e-01	1.510189496978129597e-01
5.366210937499996669e-01	1.252697422423352525e-01
4.129882812499995337e-01	8.279541609923819767e-02
5.503906249999995781e-01	1.202243434187914434e-01
4.912109374999995559e-01	9.860956670437885652e-02
4.318359374999994893e-01	8.345575015260228713e-02
5.494140624999996891e-01	1.062014185508866754e-01
3.925781249999994449e-01	6.994528851577934414e-02
5.659179687499995559e-01	1.036347257275570533e-01
5.130859374999994227e-01	8.818488477666822090e-02
5.585937499999995559e-01	9.543538143296902143e-02
5.101562499999994227e-01	8.351813750871665831e-02
4.854492187499995781e-01	7.788409930706366446e-02
2.799804687499992673e-01	6.587874125831952310e-02
3.809570312499994671e-01	6.471257778660904902e-02
5.078124999999995559e-01	7.636767231687134616e-02
6.582031249999996669e-01	1.079915057025368358e-01
4.411132812499994893e-01	6.549636476582960942e-02
4.544921874999994782e-01	6.483185165027297026e-02
4.357421874999995448e-01	6.262937905837508146e-02
5.744140624999996003e-01	8.211027530147409215e-02
4.922851562499995781e-01	6.698486296494070291e-02
4.601562499999995448e-01	6.241535936231322468e-02
5.383789062499996225e-01	7.277379624919455559e-02
5.629882812499995559e-01	7.353520402815255652e-02
4.475585937499995115e-01	5.759676815064918021e-02
4.207031249999995115e-01	5.548894864910918628e-02
5.540039062499996225e-01	6.959044998191186993e-02
5.395507812499996669e-01	6.789323304885999666e-02
4.149414062499994227e-01	5.263671430448700617e-02
5.481445312499996225e-01	6.567850279772349809e-02
5.827148437499996003e-01	7.070148753318793167e-02
3.978515624999994782e-01	5.079217740091037520e-02
5.271484374999995115e-01	6.140234030289620781e-02
4.921874999999995559e-01	5.596918671294496411e-02
