7.603515624999996891e-01	2.498235372591440517e-01
4.104492187499995115e-01	9.733324955402439249e-02
4.533203124999994893e-01	1.028083435449955729e-01
3.967773437499995115e-01	8.500354176789048921e-02
3.500976562499994449e-01	7.782002229902744428e-02
7.201171874999998668e-01	1.770292831757939167e-01
7.321289062499997113e-01	1.734246962330237563e-01
4.849609374999995781e-01	9.405415275974458866e-02
6.290039062499995781e-01	1.316150718934704644e-01
5.301757812499995337e-01	1.030532410806687532e-01
5.818359374999995115e-01	1.115560468035960012e-01
5.684570312499996891e-01	1.071798627214148730e-01
5.524414062499997113e-01	1.004312898181079355e-01
5.230468749999995781e-01	9.531395911801632259e-02
4.347656249999994893e-01	8.056497859937265804e-02
4.734374999999995115e-01	7.989444015284245804e-02
5.341796874999995559e-01	8.760330149759117113e-02
5.306640624999996447e-01	8.725766468359993921e-02
4.456054687499995115e-01	7.712217394864522013e-02
4.599609374999995559e-01	7.729818229279880604e-02
4.762695312499996003e-01	7.659447499199091569e-02
4.980468749999995559e-01	7.575713541984049892e-02
5.839843749999996669e-01	8.260486824772420023e-02
6.333007812499996669e-01	9.048697257771293190e-02
3.826171874999994560e-01	7.010580216663157838e-02
4.962890624999995448e-01	7.255684800882969410e-02
4.029296874999994671e-01	6.551985917547833993e-02
5.308593749999995781e-01	7.210987093007294180e-02
6.091796874999995115e-01	7.991063106281162676e-02
5.907226562499997558e-01	7.570584589187381863e-02
4.791015624999995226e-01	6.715298519173891478e-02
5.513671874999996891e-01	7.032110195160115595e-02
3.707031249999994671e-01	6.539677602495891362e-02
5.125976562499995337e-01	6.389986583968518263e-02
5.193359374999995115e-01	6.569982885433131581e-02
