4.286132812499995337e-01	9.548651882066884478e-02
6.165039062499996225e-01	1.501612758857079621e-01
3.374023437499994449e-01	6.934367801453032720e-02
4.350585937499995559e-01	8.574807665914779831e-02
6.325195312499997113e-01	1.411497865100028726e-01
4.233398437499994449e-01	7.954083091644841008e-02
5.092773437499994449e-01	9.404251283971756803e-02
4.896484374999995337e-01	8.795863227140481022e-02
6.448242187499997335e-01	1.254297827755258277e-01
5.355468749999996447e-01	9.257726185144186937e-02
6.105468749999996003e-01	1.060853201969351178e-01
5.221679687499996003e-01	8.661517878393239223e-02
4.660156249999994893e-01	7.305560186978952986e-02
5.081054687499995115e-01	7.882706618829068979e-02
5.435546874999996891e-01	8.316149801718042411e-02
6.211914062499998002e-01	9.946031785200008801e-02
3.862304687499994449e-01	6.051517503653103258e-02
4.479492187499994893e-01	6.483687044333841243e-02
4.041015624999994560e-01	5.839519368820486611e-02
8.412109374999998668e-01	1.586845152843086859e-01
4.762695312499996003e-01	6.555194150901709482e-02
4.980468749999995559e-01	6.712951754749316158e-02
5.905273437499997113e-01	8.329221176313326980e-02
5.489257812499995781e-01	7.313016966595452251e-02
4.794921874999995004e-01	6.176084422868437923e-02
4.317382812499994671e-01	5.529610926934056675e-02
3.819335937499994671e-01	5.045125114941496208e-02
4.808593749999995337e-01	5.857726706627655600e-02
4.725585937499995337e-01	5.765932076079708507e-02
4.301757812499994449e-01	5.264933202665776635e-02
5.289062499999994671e-01	6.457711838374068092e-02
4.540039062499995337e-01	5.383355626526051263e-02
4.974609374999995892e-01	5.826716383320575815e-02
4.414062499999995004e-01	5.071495066864077639e-02
4.114257812499995115e-01	4.786425826679814588e-02
