5.603515624999995115e-01	1.578770367356941429e-01
6.141601562499996447e-01	1.662336575567813779e-01
5.270507812499996003e-01	1.303821298680450935e-01
2.905273437499993339e-01	8.477176591248365700e-02
3.895507812499994227e-01	9.426897598704353509e-02
2.901367187499993561e-01	7.229795747659545357e-02
3.856445312499995337e-01	8.591486963774053187e-02
4.645507812499994893e-01	9.564364837132788288e-02
5.220703124999996891e-01	1.013224866927552037e-01
3.749023437499994227e-01	7.640267692321316140e-02
4.827148437499995115e-01	8.976976693152211029e-02
4.697265624999995559e-01	8.631417394634730011e-02
5.437499999999996225e-01	9.807007408091426848e-02
4.353515624999995115e-01	7.360298390065075913e-02
6.398437499999998224e-01	1.159004717007510593e-01
6.778320312499996891e-01	1.250038615626001826e-01
5.963867187499996003e-01	9.819305235197750559e-02
5.048828124999995559e-01	7.795428600808221309e-02
5.510742187499996225e-01	8.624109328661526408e-02
4.459960937499994893e-01	6.804524923139730619e-02
4.755859374999995559e-01	7.098681193167873105e-02
5.132812499999994671e-01	7.462833480383478102e-02
5.357421874999996891e-01	7.611269953618450546e-02
4.193359374999995337e-01	5.965001972185077217e-02
4.791992187499994893e-01	6.576434880124551463e-02
4.500976562499995337e-01	6.128243037397810428e-02
5.190429687499995559e-01	6.911813459585042230e-02
5.318359374999994671e-01	7.102390475536250747e-02
5.028320312499996447e-01	6.576504754835865718e-02
5.144531249999995115e-01	6.588551939220051168e-02
5.123046874999994671e-01	6.306277046362032679e-02
4.589843749999995559e-01	5.684131099465940945e-02
5.814453124999996447e-01	7.167404782133086905e-02
5.208984374999996447e-01	6.345415539841969821e-02
4.749999999999995337e-01	5.647537288991916204e-02
