8.384765624999999112e-01	3.248847024460630450e-01
4.641601562499995115e-01	1.168161628306158967e-01
6.043945312499996447e-01	1.606768336714995415e-01
6.167968749999996891e-01	1.603744197326605614e-01
4.560546874999995004e-01	9.765605516755360149e-02
5.788085937499994893e-01	1.317697847065774919e-01
4.661132812499995115e-01	9.522550642604032944e-02
2.398437499999993006e-01	5.432674910678691321e-02
4.043945312499994671e-01	7.554872736597703642e-02
5.360351562499996447e-01	1.089740857145295311e-01
4.122070312499994671e-01	7.307167856018717544e-02
4.975585937499995559e-01	9.498128955165334453e-02
4.309570312499995115e-01	7.626446776810361095e-02
5.882812499999996447e-01	1.164314165164084952e-01
3.376953124999994005e-01	5.359729866008496046e-02
7.556640624999997335e-01	1.808611158428359011e-01
5.541015624999996447e-01	1.026885219173778729e-01
6.304687499999996891e-01	1.239405052632630705e-01
4.005859374999994893e-01	6.206658535706609942e-02
4.395507812499994671e-01	6.762220173212191154e-02
4.276367187499994227e-01	6.486565943503470877e-02
6.912109374999997335e-01	1.366655267996554624e-01
4.131835937499994671e-01	5.914678753246808973e-02
4.725585937499995337e-01	7.101034152477919692e-02
3.571289062499993783e-01	4.904569058753657784e-02
5.298828124999994671e-01	8.274249273814617001e-02
4.901367187499995337e-01	7.049196477250697923e-02
5.439453124999995559e-01	8.249492709785784250e-02
6.196289062499996669e-01	1.041646399622076641e-01
4.855468749999996003e-01	6.640283590648493606e-02
4.873046874999995559e-01	6.714121948620482838e-02
4.180664062499994671e-01	5.302323719294947668e-02
4.249999999999994893e-01	5.423261799707520397e-02
5.585937499999995559e-01	8.150808500076868468e-02
4.949218749999996225e-01	6.536263770612782409e-02
