4.692382812499995559e-01	1.103960425972309312e-01
4.492187499999995004e-01	1.055920228078362499e-01
5.111328124999994227e-01	1.127773577914083225e-01
5.927734374999995559e-01	1.242682332673627904e-01
5.438476562499996447e-01	1.107994439855958108e-01
5.563476562499996003e-01	1.103247421450000432e-01
5.842773437499996225e-01	1.141531145061447095e-01
4.878906249999995781e-01	9.413297116006047460e-02
4.501953124999995004e-01	9.257007329450454847e-02
5.977539062499995781e-01	1.066861823485536626e-01
5.474609374999994671e-01	9.991527076512943251e-02
2.802734374999993339e-01	7.759157258700601079e-02
5.777343749999995781e-01	9.884881253669938750e-02
4.219726562499994671e-01	7.872307350281723681e-02
5.205078124999995559e-01	8.491771011584416107e-02
6.844726562499997558e-01	1.076166069421072985e-01
4.399414062499994449e-01	8.385734855847401525e-02
5.732421874999995559e-01	8.946304245861812221e-02
4.140624999999994449e-01	7.452539819741708926e-02
5.256835937499996225e-01	8.281161530264298520e-02
5.517578124999995559e-01	8.153348033508744930e-02
4.067382812499994449e-01	7.737182830085558016e-02
4.379882812499995559e-01	7.092382166089772344e-02
5.943359374999996891e-01	8.101910490126702780e-02
3.375976562499993783e-01	7.671792468597568582e-02
5.143554687499994893e-01	7.366998825778639515e-02
4.794921874999995004e-01	7.274485425923404858e-02
4.567382812499994893e-01	6.904610763020807562e-02
5.750976562499996447e-01	7.444928439367186346e-02
3.807617187499994227e-01	7.176641994000919345e-02
5.443359374999996447e-01	7.142741618079744004e-02
4.453124999999995559e-01	6.772546938013468409e-02
5.173828124999995115e-01	6.599529875816939617e-02
5.151367187499995559e-01	6.636426654600154074e-02
5.454101562499996669e-01	6.568864708339432201e-02
