2.874023437499994005e-01	8.461780374522689940e-02
5.600585937499994449e-01	1.387361830469761581e-01
5.814453124999996447e-01	1.360320513802988074e-01
6.354492187499997113e-01	1.508925472242927390e-01
3.458007812499994671e-01	8.144752593531337514e-02
2.950195312499994671e-01	7.259119780528412724e-02
5.573242187499996003e-01	1.179696017714875339e-01
4.758789062499995115e-01	9.293392336018223288e-02
3.830078124999994338e-01	7.120522116888658437e-02
4.831054687499994893e-01	8.928345189067098120e-02
5.201171874999996891e-01	9.677249417288806554e-02
5.155273437499995337e-01	9.259295181401108743e-02
6.596679687499995559e-01	1.253047327137519484e-01
4.850585937499996003e-01	7.949111899124465530e-02
5.049804687499994671e-01	8.337459788305028041e-02
3.885742187499994227e-01	6.157864451130701244e-02
5.313476562499995781e-01	8.620065589713769849e-02
4.676757812499995337e-01	7.118758345882758576e-02
4.548828124999994560e-01	6.757242515718885068e-02
5.222656249999996225e-01	7.934390941903612937e-02
4.841796874999995670e-01	7.069825069854504540e-02
4.804687499999995004e-01	6.830488428337469498e-02
3.617187499999994227e-01	5.158741483852707921e-02
5.380859374999995559e-01	7.788512113031856310e-02
6.040039062499996669e-01	9.057350702265271059e-02
5.030273437499995781e-01	6.893700241865705070e-02
4.814453124999995004e-01	6.396165381853687049e-02
4.057617187499994449e-01	5.148352795125459014e-02
5.145507812499995337e-01	6.829998109830222319e-02
5.286132812499995115e-01	6.950481629853901000e-02
5.381835937499995781e-01	6.972727588569117840e-02
5.139648437499995115e-01	6.351770163919050194e-02
4.209960937499994671e-01	5.076590370726032087e-02
4.978515624999995670e-01	6.075381078198624496e-02
5.874999999999996891e-01	7.655242834381026373e-02
