5.235351562499995781e-01	1.308911499489610053e-01
4.790039062499995559e-01	1.190421532886119099e-01
4.824218749999995559e-01	1.137212214747930772e-01
3.708984374999994560e-01	9.495900015648103820e-02
4.069335937499994893e-01	9.830760924642838183e-02
3.361328124999994338e-01	8.701031927293660651e-02
5.955078124999997335e-01	1.202184069397084776e-01
3.925781249999994449e-01	9.126856930735022244e-02
4.220703124999994893e-01	9.261212421653283733e-02
6.118164062499996669e-01	1.150566495009901768e-01
5.565429687499995337e-01	1.035443255916319860e-01
2.847656249999993561e-01	8.065931344125658320e-02
4.121093749999994449e-01	8.682592246361821309e-02
4.304687499999994560e-01	8.666951613100350171e-02
5.791992187499995781e-01	9.867147610711513028e-02
4.480468749999995115e-01	8.046671858542410460e-02
6.214843749999997558e-01	1.004348993585854610e-01
4.774414062499995337e-01	8.097500529383255818e-02
4.219726562499994671e-01	8.155040565647986295e-02
4.374023437499995337e-01	8.133496156592015525e-02
5.041015624999996003e-01	8.373078017012741681e-02
5.200195312499996669e-01	8.392294831010189970e-02
4.555664062499994449e-01	8.089096948942768595e-02
5.367187499999996891e-01	8.422980790156325837e-02
7.363281249999997780e-01	1.032071921889747695e-01
4.976562499999995781e-01	8.144691185449268178e-02
6.374023437499997113e-01	8.831991813320544393e-02
5.712890624999997780e-01	7.849115302234850600e-02
4.389648437499994449e-01	7.881387690212399155e-02
5.758789062499997113e-01	8.195891688668138775e-02
4.358398437499995115e-01	7.594244261705625221e-02
4.503906249999994893e-01	7.708472902216967348e-02
5.026367187499996003e-01	7.234656212025504518e-02
5.547851562499995781e-01	7.685820912866261900e-02
5.108398437499994671e-01	7.482641639529723221e-02
