5.570312499999996447e-01	1.376436443503283868e-01
4.256835937499995337e-01	1.150029535722063151e-01
4.995117187499995559e-01	1.167082674785098889e-01
4.086914062499994449e-01	1.023990103146564107e-01
8.114257812499997558e-01	2.061050300716034955e-01
3.543945312499994227e-01	9.329664144542310078e-02
4.760742187499995559e-01	9.547767056073104552e-02
4.996093749999995781e-01	1.003012950072289522e-01
3.331054687499993561e-01	8.093126263461375425e-02
6.117187499999996447e-01	1.203418071061996969e-01
5.259765624999996891e-01	9.498438591784463814e-02
4.820312499999995226e-01	8.353457772432766604e-02
5.415039062499996669e-01	9.489910780599777884e-02
3.745117187499994449e-01	7.220273601899748761e-02
5.409179687499996447e-01	8.866318711356319104e-02
4.541015624999995004e-01	7.221686559468017130e-02
5.710937499999997335e-01	9.055503745621290568e-02
3.541015624999994116e-01	6.500429208022398542e-02
5.647460937499996225e-01	8.652870528039517672e-02
6.332031249999996447e-01	9.921175561571748958e-02
5.255859374999996003e-01	7.744762200141744324e-02
5.111328124999994227e-01	7.345374918565476807e-02
4.802734374999995115e-01	6.760228064633932998e-02
5.782226562499995781e-01	8.039715522444408624e-02
6.036132812499996891e-01	8.407543689535354470e-02
5.107421874999995559e-01	6.892042620880541037e-02
6.601562499999995559e-01	9.249374460712127266e-02
4.817382812499995115e-01	6.231656118815830786e-02
5.032226562499996225e-01	6.402137458016417260e-02
4.894531249999994893e-01	6.118115581776773643e-02
5.446289062499997113e-01	6.856457702204556137e-02
5.052734374999994227e-01	6.170606564618445061e-02
5.358398437499996003e-01	6.405632355249873955e-02
5.976562499999995559e-01	7.392104504575847113e-02
4.694335937499996003e-01	5.568053938816087262e-02
