6.432617187499997113e-01	1.721393138318387805e-01
4.333984374999995115e-01	1.080838861191514011e-01
5.899414062499998002e-01	1.398945697674908173e-01
4.909179687499994893e-01	1.109888035868837192e-01
4.325195312499995337e-01	1.011388238061004391e-01
4.240234374999994893e-01	9.599302997976920382e-02
4.034179687499994671e-01	8.632738148447270665e-02
5.786132812499995559e-01	1.121847194406996456e-01
5.961914062499996669e-01	1.132290868291783437e-01
2.261718749999993006e-01	6.967630638618869943e-02
3.627929687499994449e-01	7.940285152268880542e-02
3.955078124999995004e-01	7.911221274267710157e-02
4.628906249999995559e-01	8.156914525184268128e-02
4.055664062499994005e-01	7.358185648684449631e-02
5.518554687499995781e-01	8.925927609144813923e-02
4.872070312499995337e-01	7.686121787582377018e-02
5.459960937499995781e-01	8.675725639021573954e-02
4.801757812499994893e-01	7.374347220090031463e-02
4.259765624999994893e-01	6.985289423076447568e-02
4.139648437499994227e-01	6.547879944288223508e-02
4.956054687499995559e-01	7.188826948420001806e-02
5.203124999999996225e-01	7.201798995561767280e-02
4.993164062499995115e-01	6.938769491527373157e-02
5.793945312499996225e-01	7.971348486245782849e-02
4.857421874999995892e-01	6.582064629513098564e-02
3.420898437499994005e-01	6.170533989216784448e-02
5.717773437499996669e-01	7.630737930643866074e-02
4.256835937499995337e-01	5.983724185811144236e-02
4.599609374999995559e-01	6.105975825132121948e-02
5.176757812499995781e-01	6.583741989562923169e-02
4.927734374999995781e-01	6.185235937492002817e-02
5.140624999999995337e-01	6.276953401145195233e-02
5.291992187499995337e-01	6.290207420238763669e-02
3.833984374999994671e-01	5.511941144076951127e-02
5.190429687499995559e-01	6.128518800272996642e-02
