7.193359374999996891e-01	2.221026653763416847e-01
3.858398437499994671e-01	9.516868282063281614e-02
4.284179687499994893e-01	1.003324817125032659e-01
6.200195312499997558e-01	1.510888168829826461e-01
4.161132812499994671e-01	9.158513872066205430e-02
7.762695312499998668e-01	1.983251482616619765e-01
5.503906249999995781e-01	1.128316812755407600e-01
3.855468749999995115e-01	7.890952425720421104e-02
7.205078124999997335e-01	1.562050034773534435e-01
5.072265624999996447e-01	9.443691918658889128e-02
5.767578124999996891e-01	1.040956743017961983e-01
7.385742187499998446e-01	1.459040192566661009e-01
5.583984374999995115e-01	9.769978779343502229e-02
5.028320312499996447e-01	8.695748724390059414e-02
5.324218749999996003e-01	8.792684883166160259e-02
5.217773437499996225e-01	8.544596876779790573e-02
5.541992187499995559e-01	8.771244277490976293e-02
5.660156249999995781e-01	8.965686880575379769e-02
5.003906249999995337e-01	7.495951581348600512e-02
4.984374999999995337e-01	7.552536913042930122e-02
5.230468749999995781e-01	7.780223331309678303e-02
5.386718749999996891e-01	7.732495936889036137e-02
4.900390624999995115e-01	6.956213677251879557e-02
5.265624999999996003e-01	7.447075210954209878e-02
4.419921874999995226e-01	6.273751590512417764e-02
4.967773437499996003e-01	6.870049098785799280e-02
4.243164062499994449e-01	6.026655025252046494e-02
5.617187499999996003e-01	7.345204281312676942e-02
4.296874999999994449e-01	5.790379559189556130e-02
4.566406249999994671e-01	5.969979560940558844e-02
3.307617187499993783e-01	5.545260909022548673e-02
5.996093749999996669e-01	7.433429889086110021e-02
4.714843749999995115e-01	5.828390988771641607e-02
4.483398437499994671e-01	5.638882027119140883e-02
4.244140624999994671e-01	5.341689868097738991e-02
