5.828124999999996225e-01	1.588648427587201484e-01
8.213867187499999112e-01	2.947897563865786164e-01
3.566406249999993783e-01	8.237980600533700848e-02
4.989257812499995337e-01	1.188758989928477977e-01
4.650390624999994893e-01	1.089652824236291145e-01
8.455078124999999556e-01	2.873202460151948467e-01
4.747070312499995781e-01	1.059743673072830461e-01
6.007812499999996003e-01	1.515601443239316115e-01
5.888671874999997780e-01	1.436301139505528901e-01
4.824218749999995559e-01	1.035368742492481092e-01
9.595703124999999112e-01	3.822709837447071934e-01
3.700195312499995337e-01	7.153018810250116877e-02
3.842773437499994449e-01	7.380259191783508643e-02
5.038085937499995337e-01	1.011210022015241183e-01
4.741210937499995559e-01	9.718787423979410867e-02
7.201171874999998668e-01	1.970313637102064086e-01
6.916015624999998224e-01	1.809458691147979026e-01
5.236328124999996003e-01	1.069194189651194171e-01
5.188476562499996225e-01	1.075361248373152001e-01
5.685546874999996003e-01	1.202113252246330144e-01
6.251953124999996003e-01	1.450292234063377261e-01
5.674804687499995781e-01	1.198517831042071324e-01
5.231445312499996003e-01	1.056069305149656551e-01
4.203124999999995337e-01	7.229148963688875051e-02
3.864257812499994893e-01	6.392011817340452484e-02
4.592773437499995115e-01	8.181890262064507591e-02
6.735351562499997113e-01	1.638265500980476963e-01
5.783203124999996003e-01	1.213689571950381935e-01
5.898437499999997780e-01	1.248189389756575035e-01
5.035156249999995781e-01	9.222214911056779429e-02
5.250976562499996003e-01	9.757002947438069007e-02
5.826171874999996891e-01	1.206476519296267036e-01
4.317382812499994671e-01	7.000109333123684385e-02
5.714843749999997113e-01	1.152865100171247270e-01
4.051757812499994227e-01	6.282809098006766901e-02
