4.157226562499994893e-01	9.834184480016022745e-02
5.394531249999996447e-01	1.258077822686600733e-01
4.280273437499995115e-01	9.334324804844883194e-02
3.401367187499994005e-01	7.275320569662199754e-02
6.638671874999997335e-01	1.613039488904732255e-01
5.188476562499996225e-01	1.036569139242212723e-01
3.640624999999994005e-01	7.041810459895714303e-02
5.660156249999995781e-01	1.174234393083700423e-01
5.909179687499996891e-01	1.198926376599478011e-01
5.801757812499995781e-01	1.149103673182143709e-01
6.457031249999997113e-01	1.353130566336857576e-01
5.007812499999995115e-01	8.779274771983461290e-02
7.060546874999997780e-01	1.508153442748556006e-01
4.069335937499994893e-01	6.490413369532056775e-02
4.910156249999995115e-01	7.992951210423387964e-02
5.339843749999996225e-01	8.948866169989563857e-02
6.265624999999996891e-01	1.121293120471188315e-01
5.404296874999996447e-01	8.561061296351686611e-02
7.125976562499997113e-01	1.383365785311497509e-01
5.791015624999995559e-01	9.242350862532974776e-02
6.919921874999996891e-01	1.248496939397693850e-01
5.641601562499996003e-01	8.617045795204060499e-02
5.145507812499995337e-01	7.303522332038209219e-02
5.224609374999995559e-01	7.491845896550611283e-02
5.578124999999996003e-01	8.098568097486485984e-02
5.812499999999996003e-01	8.634464987698731164e-02
5.496093749999996225e-01	7.820904940046696785e-02
6.417968749999997113e-01	9.866427643902314637e-02
4.418945312499995559e-01	5.462413141803564021e-02
4.458984374999995226e-01	5.555063622384837085e-02
5.035156249999995781e-01	6.455873930173385011e-02
4.856445312499996225e-01	6.082001775897979967e-02
4.315429687499994227e-01	5.157163688354000214e-02
4.800781249999994671e-01	5.894673847705125119e-02
4.778320312499995115e-01	5.814203331817640458e-02
