4.446289062499995115e-01	1.219981881656876099e-01
3.875976562499994227e-01	1.086227644794104663e-01
3.786132812499994893e-01	1.007004127572651703e-01
5.661132812499996003e-01	1.395470943008168263e-01
6.235351562499996669e-01	1.479607436790757735e-01
5.132812499999994671e-01	1.113751218081087263e-01
2.390624999999993172e-01	6.482971047273891618e-02
7.187499999999997780e-01	1.726970408344799812e-01
3.741210937499994671e-01	7.963344730095008039e-02
3.952148437499994893e-01	7.798914758257226298e-02
5.875976562499997113e-01	1.152447246841788037e-01
4.854492187499995781e-01	9.055687891916498755e-02
4.542968749999994893e-01	8.264628207074857513e-02
5.129882812499995115e-01	9.075848121034857385e-02
6.146484374999996447e-01	1.111075510041261566e-01
3.604492187499994671e-01	6.167817635930079867e-02
5.346679687499995559e-01	8.892760457078613401e-02
5.448242187499996447e-01	8.963307918945598307e-02
7.127929687499996447e-01	1.351099880187824065e-01
5.584960937499995337e-01	8.603283123784591369e-02
4.458007812499995559e-01	6.823802447971356877e-02
5.341796874999995559e-01	8.021014568054801730e-02
4.215820312499994893e-01	5.949508505721151641e-02
5.378906249999996225e-01	7.927306581582437006e-02
5.755859374999996447e-01	8.394735774512823712e-02
3.921874999999994671e-01	5.328548222630820341e-02
4.926757812499995559e-01	6.678937186535413573e-02
6.414062499999997335e-01	9.628081248201990350e-02
4.940429687499995337e-01	6.500513602435761817e-02
4.564453124999994782e-01	5.813322530138973626e-02
4.825195312499995781e-01	6.207491907809279535e-02
3.949218749999995337e-01	5.052191192635056838e-02
4.958984374999995670e-01	6.138498296132828547e-02
4.237304687499994227e-01	5.242731843073889647e-02
4.615234374999995226e-01	5.555065139820072190e-02
