7.194335937499997113e-01	2.023561511977436667e-01
5.065429687499994893e-01	1.219580377334033294e-01
4.036132812499995115e-01	9.435000053812436782e-02
5.859374999999996669e-01	1.316248771482633750e-01
3.875976562499994227e-01	8.226172927388911149e-02
7.124023437499996669e-01	1.621012790161228678e-01
4.437499999999995337e-01	8.866414183077704625e-02
7.583007812499997780e-01	1.638200004435299562e-01
6.049804687499995559e-01	1.143180592264741030e-01
4.120117187499994227e-01	7.770059367601420131e-02
5.639648437499995559e-01	1.010058342075615401e-01
5.345703124999996447e-01	9.334812617241733390e-02
5.820312499999995559e-01	9.970165325147466173e-02
4.156249999999994671e-01	7.157287202039284979e-02
5.251953124999995115e-01	8.185534521926390861e-02
5.781249999999995559e-01	9.018588621296236285e-02
4.124999999999994782e-01	6.956467272815423930e-02
4.271484374999994782e-01	6.815765387955514953e-02
5.054687499999994671e-01	7.430271449576335285e-02
5.758789062499997113e-01	8.419364643122355385e-02
4.924804687499995115e-01	7.199446931348033041e-02
5.556640624999995559e-01	7.855599377373588543e-02
5.823242187499996225e-01	8.218464833563111915e-02
2.453124999999993228e-01	6.544532157879720535e-02
5.196289062499995781e-01	6.968159501353986263e-02
4.813476562499995337e-01	6.414185486824530713e-02
3.991210937499994893e-01	5.855463464710874977e-02
3.848632812499994671e-01	5.542975836786308980e-02
4.866210937499995115e-01	6.303448296944635931e-02
5.303710937499995781e-01	6.573588988571529845e-02
4.869140624999995226e-01	6.093485189765740495e-02
5.812499999999996003e-01	7.126612386262952403e-02
5.071289062499996225e-01	6.160020039506331618e-02
4.635742187499994893e-01	5.693654508319905688e-02
5.647460937499996225e-01	6.620140335744668925e-02
