5.143554687499994893e-01	1.201150955399894610e-01
4.022460937499994227e-01	8.300855432054225769e-02
3.995117187499994671e-01	8.153136886374712233e-02
4.708984374999995448e-01	9.559574389661386340e-02
5.518554687499995781e-01	1.138374507103315642e-01
4.782226562499994893e-01	9.014167573702960845e-02
3.969726562499994449e-01	7.290500497991829476e-02
4.013671874999995004e-01	6.971102528634665063e-02
4.184570312499995559e-01	7.046225699526714736e-02
5.143554687499994893e-01	8.953402972820305450e-02
6.102539062499995337e-01	1.115543845184068933e-01
5.749999999999996225e-01	1.000978890797337845e-01
4.098632812499994893e-01	6.280207156220983522e-02
5.647460937499996225e-01	9.457648638353320647e-02
4.225585937499994893e-01	6.390149157323740670e-02
5.574218749999996225e-01	8.788675215281402386e-02
6.206054687499996669e-01	1.025100404054665737e-01
4.130859374999995004e-01	5.915098155159627391e-02
4.191406249999994893e-01	5.899374018895985755e-02
4.232421874999994782e-01	5.732810069322935576e-02
4.370117187499994449e-01	5.750826495508632591e-02
5.639648437499995559e-01	8.041675132210991672e-02
5.304687499999996003e-01	7.239296416493672115e-02
4.809570312499995559e-01	6.323853049734437515e-02
5.420898437499995781e-01	7.157007803641678156e-02
5.280273437499994893e-01	6.849094403212749316e-02
5.373046874999996003e-01	6.881072277695829409e-02
4.815429687499994671e-01	5.850203712623942148e-02
4.948242187499996003e-01	5.924434913818688725e-02
5.276367187499995115e-01	6.391516465976522510e-02
4.963867187499995115e-01	5.896291063280258149e-02
4.982421874999995448e-01	5.922495944253796524e-02
4.999999999999995559e-01	5.786107840545048203e-02
5.641601562499996003e-01	6.788953558298399527e-02
3.847656249999994449e-01	4.426888288895913792e-02
