5.434570312499996669e-01	1.134532603240213378e-01
5.663085937499995337e-01	1.175322527709193182e-01
3.945312499999915207e-02	nan
4.317382812499994671e-01	9.872091933325058410e-02
-1.473632812500010325e-01	9.540982434839560822e-02
5.863281249999996447e-01	1.124197492476414900e-01
4.584960937499995559e-01	9.007964481316665939e-02
3.621093749999994005e-01	8.909232966868710357e-02
2.210937499999993117e-01	8.490710100565691809e-02
3.711914062499994671e-01	8.220794058442644492e-02
4.911132812499995337e-01	8.534884198640353692e-02
2.351562499999993450e-01	7.871012435490282177e-02
7.459960937499997558e-01	1.329560457453012601e-01
4.626953124999995115e-01	8.407486643408201843e-02
4.577148437499994893e-01	8.099240553431617806e-02
6.189453124999997335e-01	9.891622620430307045e-02
4.247070312499995337e-01	7.891663126573786324e-02
5.849609374999995559e-01	8.812150692596701362e-02
-1.404296875000010103e-01	7.934591605543031556e-02
5.923828124999996891e-01	9.078942749156408698e-02
5.653320312499996447e-01	8.626114491395542316e-02
5.858398437499996447e-01	8.604196146670507750e-02
4.468749999999995226e-01	7.139732167877763103e-02
4.837890624999995337e-01	7.718767295948882057e-02
5.868164062499997558e-01	8.156287723538184486e-02
4.778320312499995115e-01	7.246383733155703499e-02
4.494140624999994893e-01	7.026456280890569506e-02
4.241210937499995115e-01	7.237369806390955840e-02
4.431640624999995115e-01	6.954456957363723546e-02
4.999999999999995559e-01	7.059860921676661127e-02
4.283203124999994671e-01	6.892566986715781274e-02
5.152343749999995781e-01	7.034425014870017423e-02
5.125976562499995337e-01	6.997953885552640751e-02
3.861328124999994782e-01	6.860174494935454559e-02
4.761718749999995781e-01	6.737570894708348745e-02
