3.380859374999994338e-01	9.626384239662032216e-02
4.229492187499994671e-01	1.033808183327926539e-01
3.158203124999993672e-01	8.079853135553397014e-02
4.516601562499995559e-01	1.042447922186698489e-01
4.736328124999995004e-01	1.029759902173401354e-01
5.680664062499997113e-01	1.244096434001649015e-01
4.524414062499995115e-01	8.959536768677107965e-02
4.644531249999994671e-01	8.585246505918671389e-02
4.473632812499995781e-01	8.561219611216089320e-02
6.204101562499997335e-01	1.265154769567274629e-01
5.657226562499996225e-01	1.063262226979906633e-01
3.539062499999994227e-01	6.695582986263184933e-02
4.504882812499995115e-01	7.757420557300430397e-02
4.289062499999994893e-01	7.223262694533315320e-02
4.433593749999995559e-01	7.187760765958400855e-02
4.742187499999995226e-01	7.647138590875035558e-02
5.079101562499995781e-01	7.956560560334324794e-02
3.932617187499994893e-01	6.039102614953698739e-02
5.014648437499995559e-01	7.581848938115985648e-02
3.988281249999994227e-01	5.840462953760718751e-02
4.683593749999995781e-01	6.727732526599400353e-02
5.269531249999995781e-01	7.717377570704138379e-02
4.498046874999995226e-01	6.270083235436522962e-02
4.846679687499995115e-01	6.678043058302869650e-02
5.399414062499997558e-01	7.619300318005370332e-02
4.023437499999994449e-01	5.269821273015020541e-02
4.288085937499994671e-01	5.592678520278047960e-02
4.776367187499994671e-01	6.147641654462331767e-02
6.020507812499996669e-01	8.460243740237130550e-02
6.259765624999997780e-01	8.717953497026245668e-02
4.230468749999994893e-01	5.265630918245731845e-02
6.421874999999996891e-01	8.888941942345360281e-02
5.679687499999996891e-01	7.198962084863813615e-02
4.323242187499994893e-01	5.176598510318249774e-02
5.370117187499996447e-01	6.604057088911384488e-02
