6.171874999999996669e-01	1.657953474628307278e-01
3.262695312499994671e-01	7.939231658166874539e-02
3.762695312499995115e-01	8.397059932386741199e-02
3.409179687499993561e-01	7.445547437335782448e-02
4.507812499999995226e-01	9.310667389751539624e-02
6.447265624999998224e-01	1.502479311783314342e-01
8.106445312499998002e-01	2.138598177789668708e-01
5.830078124999995559e-01	1.165289664215277410e-01
4.290039062499995115e-01	7.967116939713116130e-02
5.516601562499996447e-01	1.015347487996586390e-01
5.938476562499996891e-01	1.124506930474301752e-01
5.259765624999996891e-01	9.294783237538095655e-02
5.237304687499995115e-01	8.884806633234364204e-02
4.355468749999995559e-01	7.079727330444778033e-02
7.141601562499997335e-01	1.345690300133087214e-01
5.501953124999996447e-01	8.953353546995117263e-02
5.730468749999996225e-01	8.995082419704063248e-02
4.570312499999995004e-01	6.803302520284901234e-02
3.984374999999994449e-01	6.186671382093935495e-02
5.458007812499996447e-01	7.893135026336624283e-02
3.616210937499994005e-01	5.844887900324798741e-02
4.857421874999995892e-01	6.747962479513407164e-02
4.333007812499994893e-01	5.991809396708659696e-02
5.403320312499997335e-01	7.515146194919042344e-02
5.708007812499996669e-01	7.871191674483109246e-02
5.355468749999996447e-01	7.147487711722637360e-02
5.869140624999997780e-01	7.833972598680770394e-02
3.475585937499994227e-01	4.954146375548160869e-02
5.076171874999995115e-01	6.532351568529602692e-02
4.159179687499994227e-01	5.308467508919188782e-02
5.385742187499996669e-01	6.748095917245644504e-02
5.074218749999995781e-01	6.208183004398198923e-02
5.315429687499995115e-01	6.340743495521117268e-02
4.742187499999995226e-01	5.642324122331609376e-02
4.554687499999994782e-01	5.389561189482890147e-02
