4.892578124999995004e-01	1.183640358642057411e-01
4.011718749999995115e-01	9.096119400162600011e-02
4.653320312499995559e-01	9.999518520471077643e-02
4.400390624999994671e-01	9.366919872588330698e-02
4.520507812499995337e-01	8.871373122100012498e-02
6.482421874999997335e-01	1.401455368279509173e-01
4.509765624999995115e-01	8.580608885823559628e-02
3.839843749999994893e-01	7.286532548121175956e-02
4.990234374999995559e-01	9.074246142884853650e-02
6.009765624999996447e-01	1.102774374360789983e-01
5.994140624999997335e-01	1.064024581746379483e-01
4.107421874999995226e-01	7.176094325401619067e-02
5.832031249999996003e-01	9.671676855322389188e-02
3.962890624999994560e-01	6.684954745200945292e-02
4.956054687499995559e-01	7.552600190826136428e-02
4.735351562499995337e-01	7.087301596746997667e-02
5.135742187499995337e-01	7.749289769738273992e-02
4.279296874999994893e-01	6.317965495756192040e-02
4.759765624999995337e-01	6.889803491673818225e-02
4.132812499999994893e-01	5.974769550593502648e-02
6.784179687499996003e-01	1.079232731685503821e-01
4.169921874999995004e-01	5.904579809173710753e-02
6.170898437499996447e-01	8.896177095447745098e-02
4.889648437499994893e-01	6.511198990398518738e-02
4.634765624999995226e-01	6.129228945053932093e-02
4.889648437499994893e-01	6.156274477775446757e-02
5.327148437499995559e-01	6.835645022456889042e-02
5.083007812499995559e-01	6.382926457162550749e-02
4.779296874999995337e-01	5.930005274748287314e-02
4.523437499999994893e-01	5.514710273341975888e-02
5.023437499999996447e-01	6.015386540765459145e-02
4.302734374999994671e-01	5.121820106313538373e-02
4.518554687499994893e-01	5.193577086979175167e-02
4.479492187499994893e-01	5.213331174433431109e-02
4.587890624999995115e-01	5.230659023221193721e-02
