5.225585937499995781e-01	1.162516028836994564e-01
4.712890624999995226e-01	9.863759366314345245e-02
3.557617187499994005e-01	8.045387717975362174e-02
4.295898437499994227e-01	8.406671387330422185e-02
4.163085937499995115e-01	7.717404386457364651e-02
4.139648437499994227e-01	7.660641413519120313e-02
6.109374999999995781e-01	1.212589172847050173e-01
4.429687499999995226e-01	7.621582015620412265e-02
4.536132812499995559e-01	7.655124908199278932e-02
5.053710937499994449e-01	8.432865410113024596e-02
5.367187499999996891e-01	8.709487199650728373e-02
4.890624999999995115e-01	7.730274717250977534e-02
4.044921874999994338e-01	6.397344365796434063e-02
4.445312499999995448e-01	6.712607051472342656e-02
6.626953124999996891e-01	1.127924657637086742e-01
4.644531249999994671e-01	6.836024923319297675e-02
6.429687499999996447e-01	1.023517865908565028e-01
5.650390624999996891e-01	8.346186941254374325e-02
4.299804687499994005e-01	6.077027137906303167e-02
4.952148437499995781e-01	6.756783222183615489e-02
5.409179687499996447e-01	7.450649701865499908e-02
3.878906249999994893e-01	5.391867303244077259e-02
5.215820312499996891e-01	6.937327582637152490e-02
5.804687499999996447e-01	7.875871752378124646e-02
5.355468749999996447e-01	6.936123497227454637e-02
4.930664062499995337e-01	6.179964665328543938e-02
6.369140624999998224e-01	8.689651318549834746e-02
5.281249999999995115e-01	6.457842143010564251e-02
5.436523437499996003e-01	6.644231926884663908e-02
5.612304687499994893e-01	6.803172973883754582e-02
5.324218749999996003e-01	6.298999250665447691e-02
5.786132812499995559e-01	6.969284543357115447e-02
4.720703124999995337e-01	5.352209806980327139e-02
6.083984374999995559e-01	7.237432537773386132e-02
5.917968749999996669e-01	6.896046039183514886e-02
