4.334960937499995337e-01	1.065202017170763238e-01
4.664062499999995226e-01	1.081943086886289207e-01
5.463867187499995559e-01	1.278332048241364316e-01
9.362304687499998224e-01	3.091635514428081599e-01
5.277343749999995337e-01	1.138740329907853843e-01
7.745117187499998002e-01	1.956935087072142199e-01
6.295898437499996003e-01	1.357954145848689342e-01
5.625976562499995781e-01	1.112388185484351616e-01
2.556640624999992895e-01	6.184384824243386453e-02
4.755859374999995559e-01	8.821251709665249574e-02
4.492187499999995004e-01	8.001720849985190231e-02
4.777343749999994893e-01	8.239235355781453218e-02
5.289062499999994671e-01	9.007849835004462513e-02
4.335937499999995004e-01	7.248913500523923581e-02
4.688476562499995781e-01	7.464725022677061450e-02
5.178710937499996225e-01	8.360260074839710731e-02
5.694335937499995781e-01	9.035997294971585825e-02
4.900390624999995115e-01	7.345065860072604036e-02
6.101562499999995115e-01	9.830618763911953828e-02
4.229492187499994671e-01	6.137584216519020863e-02
4.678710937499995781e-01	6.717967850589601220e-02
7.468749999999997335e-01	1.321130389876805089e-01
4.720703124999995337e-01	6.647170695024574860e-02
6.541992187499996447e-01	1.034306867843487188e-01
5.225585937499995781e-01	7.243944804071024424e-02
4.477539062499995559e-01	5.883481067749589399e-02
5.919921874999996003e-01	8.348417762521821717e-02
4.689453124999995448e-01	6.092490568272992263e-02
4.812499999999995115e-01	6.168883298632552026e-02
6.042968749999996225e-01	8.318280135332291325e-02
5.040039062499995781e-01	6.373668521046416124e-02
5.604492187499995337e-01	7.061384532914721790e-02
4.317382812499994671e-01	5.188839970638745719e-02
4.680664062499995115e-01	5.507121545529484324e-02
4.245117187499994893e-01	4.935540896309760506e-02
