5.299804687499994893e-01	1.291074367333715778e-01
4.561523437499994671e-01	1.043903098187669576e-01
3.880859374999994782e-01	9.008775019431726483e-02
3.983398437499994227e-01	8.636950074082890005e-02
5.942382812499996669e-01	1.318479039937509034e-01
4.744140624999995115e-01	1.015348424089934642e-01
4.726562499999995559e-01	9.967081926454994523e-02
6.758789062499998002e-01	1.418488353212865594e-01
4.975585937499995559e-01	1.034403373817293637e-01
4.699218749999996003e-01	9.667741714871168346e-02
4.683593749999995781e-01	9.511676663708107382e-02
4.221679687499995115e-01	8.695749849110485930e-02
4.513671874999995448e-01	8.770036703001275746e-02
5.392578124999996003e-01	9.626038494115649047e-02
7.451171874999997780e-01	1.266880820299636501e-01
5.838867187499996447e-01	9.721315369319273592e-02
5.002929687499995115e-01	9.344672832595526946e-02
5.196289062499995781e-01	9.470539735466490527e-02
3.827148437499994227e-01	8.309297085833013130e-02
5.568359374999996003e-01	9.215109671482453468e-02
3.579101562499994449e-01	7.919346889849944449e-02
4.363281249999995115e-01	8.200728947786346812e-02
4.954101562499996225e-01	8.606103905719830749e-02
4.287109374999995004e-01	8.244543829194996010e-02
5.604492187499995337e-01	8.447901507011475186e-02
4.809570312499995559e-01	8.176429562323585254e-02
5.917968749999996669e-01	8.307292388777565151e-02
3.559570312499994449e-01	7.689203580315226438e-02
4.750976562499995559e-01	7.887648193946966702e-02
5.841796874999996003e-01	8.179219768299356152e-02
3.309570312499994227e-01	7.328028562704615168e-02
5.448242187499996447e-01	7.743400821212320650e-02
5.635742187499995781e-01	7.870938553798265125e-02
5.119140624999996003e-01	7.530256516367779540e-02
3.214843749999993783e-01	7.247353121690038036e-02
