3.395507812499993783e-01	8.701155620324657614e-02
5.935546874999997335e-01	1.316998772055335554e-01
4.564453124999994782e-01	9.519831158875666222e-02
5.022460937499996225e-01	1.009981065002277661e-01
5.926757812499996447e-01	1.203855509541018470e-01
3.991210937499994893e-01	8.909863366378818761e-02
4.192382812499995115e-01	8.909299658651781417e-02
5.282226562499995337e-01	1.004369563756393885e-01
5.020507812499995781e-01	9.015198891444202445e-02
4.478515624999995226e-01	8.688940728418610704e-02
4.459960937499994893e-01	8.539234127787451167e-02
4.442382812499995337e-01	8.398792877711554195e-02
5.628906249999995337e-01	9.340508508975542412e-02
5.769531249999996225e-01	9.310778533321334427e-02
4.966796874999995781e-01	8.701442500469275254e-02
5.508789062499995781e-01	8.862194923099490917e-02
4.016601562499995115e-01	7.896573286605676478e-02
4.100585937499995337e-01	8.063876780832031355e-02
4.822265624999995115e-01	7.349550743692020993e-02
2.861328124999993894e-01	8.467677725984182335e-02
4.133789062499995115e-01	7.465904325671846031e-02
4.119140624999994560e-01	7.363373172473446082e-02
6.051757812499996003e-01	8.496828773974909876e-02
4.775390624999995004e-01	7.465167028801794613e-02
4.434570312499995781e-01	7.039528982086092068e-02
4.777343749999994893e-01	7.146681558728133765e-02
4.919921874999995670e-01	7.100430243593830459e-02
5.981445312499996669e-01	7.764768157917657787e-02
5.246093749999996003e-01	7.208985586408607482e-02
4.218749999999995004e-01	7.053878827005674590e-02
5.498046874999995559e-01	7.074470758952899896e-02
5.869140624999997780e-01	7.370057338611324393e-02
5.453124999999996447e-01	7.098731198768348793e-02
4.528320312499994893e-01	6.631943158480213540e-02
2.984374999999993561e-01	7.655519927614778952e-02
