4.143554687499994005e-01	9.935691648097873252e-02
5.951171874999996447e-01	1.365816331909664172e-01
4.348632812499995115e-01	9.737599832645177367e-02
4.038085937499994449e-01	8.852611148216216197e-02
6.374999999999997335e-01	1.340112469749386304e-01
4.793945312499995337e-01	8.785494807649324445e-02
5.190429687499995559e-01	9.549351410315433386e-02
5.137695312499995781e-01	9.627724652861921473e-02
3.816406249999994005e-01	7.639893260949724707e-02
4.847656249999995337e-01	8.394555714770959853e-02
6.532226562499997558e-01	1.175876829264585061e-01
6.919921874999996891e-01	1.218095624549705575e-01
5.189453124999996447e-01	8.535990353616323967e-02
5.351562499999995559e-01	8.407184253078768543e-02
4.603515624999995337e-01	7.291748376557448397e-02
3.886718749999994449e-01	6.901103895342051986e-02
5.168945312499996225e-01	7.365241992345614164e-02
4.299804687499994005e-01	6.836225381454043293e-02
5.388671874999997335e-01	7.944498385483143854e-02
5.045898437499994893e-01	7.099739450618884617e-02
4.766601562499995781e-01	6.671658695742829770e-02
5.379882812499996447e-01	7.338549533599164620e-02
5.527343749999996669e-01	7.532192528983151780e-02
4.532226562499994671e-01	6.221577238457524223e-02
6.083007812499996447e-01	8.104033636529570095e-02
5.286132812499995115e-01	6.796933766823076706e-02
6.409179687499997335e-01	8.301906048823484707e-02
5.375976562499996669e-01	6.844022353468302844e-02
4.198242187499995337e-01	5.806557664528698426e-02
5.760742187499996447e-01	7.063974522071565787e-02
4.783203124999995115e-01	5.850535962453434768e-02
5.109374999999994893e-01	6.150890387534709708e-02
4.517578124999995226e-01	5.585785225912914820e-02
5.483398437499995559e-01	6.456055968793293631e-02
5.287109374999994227e-01	6.118555860541332464e-02
