4.848632812499995559e-01	9.998324094329255618e-02
4.339843749999995337e-01	9.603173580537219256e-02
4.167968749999995115e-01	9.121165632144716262e-02
3.894531249999994005e-01	8.106649012916601615e-02
4.436523437499995115e-01	9.317729119415490979e-02
5.910156249999997113e-01	1.228221222038524824e-01
5.384765624999996447e-01	1.091836881643495627e-01
5.091796874999994227e-01	9.973942974521723959e-02
7.007812499999996891e-01	1.522218395369691335e-01
4.933593749999996003e-01	9.338688565018643528e-02
4.507812499999995226e-01	8.054355414235903066e-02
5.807617187499996003e-01	1.130717269861223201e-01
4.826171874999995448e-01	8.229671272352453992e-02
6.643554687499996225e-01	1.322705247688738539e-01
5.112304687499994449e-01	8.665923136130401772e-02
4.260742187499995115e-01	6.924210895244278796e-02
6.219726562499997558e-01	1.180917281276528813e-01
4.966796874999995781e-01	8.252944059229902485e-02
4.225585937499994893e-01	6.415575390246740228e-02
5.720703124999997335e-01	9.629454719361189852e-02
5.591796874999994671e-01	9.337695446465664462e-02
4.092773437499994671e-01	6.065941066968551926e-02
3.676757812499994449e-01	5.397667643196286252e-02
4.458984374999995226e-01	6.751764930799770970e-02
5.083984374999994671e-01	7.829953511448731196e-02
4.458984374999995226e-01	6.353786808049217971e-02
5.276367187499995115e-01	8.328540492086175528e-02
5.394531249999996447e-01	8.389297530516633128e-02
4.518554687499994893e-01	6.271321784110364672e-02
4.539062499999995115e-01	6.530879904916840617e-02
5.565429687499995337e-01	8.754376615650541482e-02
4.450195312499996003e-01	6.126776194477055737e-02
5.234374999999995559e-01	7.486861999284233349e-02
5.154296874999995115e-01	7.629387596204766087e-02
4.931640624999995559e-01	6.796960121055546644e-02
