7.120117187499996891e-01	2.075363525990109870e-01
2.888671874999993450e-01	7.994486484166528351e-02
4.191406249999994893e-01	9.032236547217133149e-02
4.864257812499995781e-01	1.043037738098588768e-01
5.367187499999996891e-01	1.137587411126138176e-01
5.817382812499996003e-01	1.231249084419318018e-01
5.123046874999994671e-01	9.830722821035041414e-02
4.968749999999995670e-01	9.051466691616361082e-02
3.092773437499993783e-01	7.239505695692428910e-02
4.659179687499994671e-01	8.440275037915956347e-02
5.127929687499994671e-01	8.868392438017297374e-02
5.128906249999994893e-01	8.737988608470324825e-02
4.295898437499994227e-01	7.431260390209065703e-02
5.534179687499996003e-01	9.213888867180616837e-02
6.241210937499995781e-01	1.046394289678016926e-01
6.635742187499996669e-01	1.113149360265940913e-01
5.950195312499997335e-01	9.371708736472518508e-02
4.965820312499995559e-01	7.441930879473107607e-02
4.889648437499994893e-01	7.342316383850644446e-02
4.642578124999994782e-01	6.910915945301002172e-02
5.231445312499996003e-01	7.574580100880026756e-02
5.189453124999996447e-01	7.209813092648949262e-02
4.208007812499995337e-01	6.171942104273974578e-02
5.730468749999996225e-01	7.796486546242339943e-02
5.464843749999995781e-01	7.328009485839989678e-02
4.717773437499995781e-01	6.275309128891848331e-02
5.288085937499994449e-01	6.694519049991921877e-02
6.721679687499997335e-01	9.058003414141299614e-02
4.905273437499995115e-01	6.279444103969407387e-02
5.834960937499996669e-01	7.323085618786508155e-02
4.389648437499994449e-01	5.725105279197333086e-02
4.195312499999995226e-01	5.470624826349482217e-02
5.650390624999996891e-01	6.743785542312956405e-02
5.086914062499995337e-01	6.052894016081979828e-02
4.914062499999995448e-01	5.787096089480332772e-02
