5.995117187499996447e-01	1.560668987253394369e-01
5.085937499999995115e-01	1.222838741724974337e-01
7.494140624999998668e-01	2.012479116843642335e-01
4.356445312499995781e-01	9.629994873496604268e-02
4.769531249999995337e-01	1.019802735086012269e-01
4.230468749999994893e-01	8.755367459563137555e-02
6.380859374999996447e-01	1.342080190692703789e-01
3.495117187499994227e-01	7.803196657901684263e-02
6.006835937499995781e-01	1.114103077482306164e-01
5.458984374999995559e-01	9.941112453643272118e-02
4.666015624999995115e-01	8.388323729991295497e-02
5.779296874999995115e-01	1.016580618107569695e-01
5.900390624999998224e-01	1.012768464792514894e-01
5.268554687499995559e-01	8.772073504795645238e-02
6.344726562499997113e-01	1.037750649141950393e-01
3.400390624999993783e-01	7.110086048798269776e-02
4.444335937499995781e-01	7.213488866671873001e-02
4.367187499999994893e-01	7.037718989510613476e-02
3.922851562499994893e-01	6.728470760154696417e-02
4.303710937499994893e-01	6.750227420559753999e-02
4.195312499999995226e-01	6.579689695645149494e-02
5.126953124999995559e-01	7.320909592115229514e-02
4.909179687499994893e-01	6.925585149776755656e-02
4.887695312499995559e-01	6.863803311429204912e-02
4.757812499999995448e-01	6.505847817350163265e-02
4.873046874999995559e-01	6.651764341301079353e-02
5.696289062499996225e-01	7.316868601943025963e-02
4.800781249999994671e-01	6.057103445724158763e-02
6.039062499999996447e-01	7.640171846650653520e-02
5.502929687499995559e-01	6.688824583591923556e-02
4.657226562499995337e-01	5.945890521085141905e-02
4.405273437499994671e-01	5.646951677882953297e-02
5.129882812499995115e-01	6.163389185079917038e-02
4.391601562499994893e-01	5.473559808149951189e-02
4.808593749999995337e-01	5.829078103405672256e-02
