4.564453124999994782e-01	1.161781736422416444e-01
5.145507812499995337e-01	1.354099209521547609e-01
4.600585937499995781e-01	1.156441452976750134e-01
5.079101562499995781e-01	1.276082454289960699e-01
6.368164062499998002e-01	1.818466096049337344e-01
5.217773437499996225e-01	1.254959591688913079e-01
5.402343749999997113e-01	1.260424703800887003e-01
3.779296874999994449e-01	7.170100318815547658e-02
8.848632812499999112e-01	3.278230517665761679e-01
6.966796874999996447e-01	1.891004030075407460e-01
4.748046874999995448e-01	9.462999375307613870e-02
4.478515624999995226e-01	8.644492895757102668e-02
5.309570312499996003e-01	1.098436138907001591e-01
4.955078124999995892e-01	9.669592579548019762e-02
6.789062499999996003e-01	1.659784562640665984e-01
3.758789062499994227e-01	6.171920591287789748e-02
5.486328124999995115e-01	1.099665388761484064e-01
6.480468749999996891e-01	1.466792806249983816e-01
5.169921874999996447e-01	9.450424783555738673e-02
4.351562499999995226e-01	7.023584242728161953e-02
5.124023437499994893e-01	9.204637115478715714e-02
3.762695312499995115e-01	5.644844630312386563e-02
4.767578124999995448e-01	7.934252330192360925e-02
5.431640624999996003e-01	9.863234297757129954e-02
5.627929687499995115e-01	1.036669294434993116e-01
4.736328124999995004e-01	7.466760254245900785e-02
5.066406249999995115e-01	8.338593002313894609e-02
5.464843749999995781e-01	9.556865205809662867e-02
5.418945312499996447e-01	9.209420347784169625e-02
6.934570312499998002e-01	1.498607712882686627e-01
5.973632812499996003e-01	1.081818934613446720e-01
3.891601562499994449e-01	5.169964069081321723e-02
5.246093749999996003e-01	8.349709274564542927e-02
4.362304687499994893e-01	5.946465940499748998e-02
5.161132812499995559e-01	7.924509891851905241e-02
