4.607421874999995670e-01	1.069440514727415525e-01
5.176757812499995781e-01	1.249571412631848982e-01
4.745117187499995337e-01	1.070695562055186817e-01
3.628906249999994671e-01	7.362071198990174925e-02
6.538085937499996669e-01	1.644918736088300526e-01
6.039062499999996447e-01	1.363420175568773596e-01
7.231445312499997780e-01	1.861412803116264392e-01
4.508789062499994893e-01	8.438308326507805435e-02
3.716796874999994671e-01	6.587772679405390353e-02
5.170898437499995559e-01	9.453176382358946528e-02
6.462890624999997335e-01	1.396266193665089139e-01
4.440429687499994893e-01	7.550974436278601321e-02
4.115234374999994782e-01	6.821607172069163449e-02
4.141601562499994671e-01	6.590663728519860487e-02
2.330078124999993006e-01	4.237300842943551860e-02
5.197265624999996003e-01	8.869841091136768108e-02
5.165039062499995337e-01	8.449309439037198943e-02
4.596679687499994893e-01	7.252315815099000251e-02
5.225585937499995781e-01	8.684515522114061303e-02
4.703124999999995781e-01	7.199198223115989281e-02
3.884765624999994560e-01	5.531379162443100794e-02
5.804687499999996447e-01	9.925812906428828353e-02
4.753906249999995115e-01	7.015404563232632840e-02
4.988281249999995115e-01	7.493042898394931817e-02
4.320312499999994782e-01	5.883204105902534869e-02
5.862304687499996225e-01	9.611750770975419078e-02
4.451171874999995670e-01	6.004763738085468205e-02
5.962890624999996891e-01	9.582645880366848223e-02
3.951171874999995226e-01	4.921572951177922983e-02
3.392578124999993672e-01	4.146783285439116506e-02
4.608398437499995337e-01	6.089455442397905677e-02
4.282226562499994449e-01	5.401842481831996973e-02
5.358398437499996003e-01	7.418578059373762135e-02
6.356445312499997558e-01	1.016430874489877428e-01
4.848632812499995559e-01	6.139004315945342100e-02
