4.236328124999994560e-01	9.325687271697795377e-02
6.458007812499997335e-01	1.501868447183477007e-01
3.875976562499994227e-01	8.229256455793465541e-02
5.435546874999996891e-01	1.095221355394278562e-01
3.932617187499994893e-01	7.781067388260645701e-02
5.975585937499995337e-01	1.173495823964555707e-01
4.688476562499995781e-01	8.495368928554869470e-02
3.394531249999993561e-01	6.854984681873160790e-02
6.211914062499998002e-01	1.153969724777432759e-01
5.311523437499995337e-01	8.989192407315142741e-02
4.374999999999995004e-01	7.188376768803111938e-02
4.246093749999995115e-01	6.966944940502450834e-02
5.790039062499995337e-01	9.348524548984613047e-02
4.327148437499994671e-01	6.749826901877289953e-02
5.554687499999995115e-01	8.632617000259820705e-02
4.748046874999995448e-01	6.878452210584239113e-02
4.330078124999994782e-01	6.342651140426588952e-02
5.323242187499995781e-01	7.783832238028853823e-02
5.524414062499997113e-01	8.041758034193420557e-02
5.761718749999996669e-01	8.190512127609381188e-02
4.804687499999995004e-01	6.534896212150334560e-02
5.416992187499996003e-01	7.402963978196457073e-02
4.312499999999994671e-01	5.656880690413314955e-02
4.998046874999995670e-01	6.438158321695799935e-02
4.852539062499995337e-01	6.201052119752159530e-02
5.064453124999994671e-01	6.343932986538229624e-02
4.469726562499994893e-01	5.521666666719313166e-02
5.379882812499996447e-01	6.709969506407484352e-02
5.551757812499995559e-01	6.919791073265800507e-02
4.657226562499995337e-01	5.529946904279404302e-02
4.696289062499995337e-01	5.538340254472452762e-02
5.031249999999996003e-01	5.808508643839754848e-02
4.866210937499995115e-01	5.595200878336129002e-02
3.779296874999994449e-01	4.619554400781050729e-02
4.734374999999995115e-01	5.261827233339897575e-02
