5.525390624999997335e-01	1.409431501617029459e-01
5.649414062499996669e-01	1.430030697018893349e-01
3.274414062499994005e-01	7.189929856834387234e-02
6.672851562499997335e-01	1.695254543381730927e-01
3.731445312499994671e-01	8.055985114995560525e-02
6.091796874999995115e-01	1.403333391473298997e-01
4.374999999999995004e-01	8.789165700656813296e-02
5.096679687499994227e-01	1.090287267967891133e-01
5.596679687499994671e-01	1.169694477239406061e-01
5.291992187499995337e-01	1.090869833160114655e-01
3.181640624999994005e-01	7.023276450625669243e-02
5.203124999999996225e-01	1.010606966942332458e-01
4.895507812499995115e-01	9.672144347016749244e-02
4.291992187499994449e-01	8.464465659017032795e-02
6.199218749999997335e-01	1.145377230661247248e-01
3.690429687499994227e-01	7.634793749819447639e-02
5.378906249999996225e-01	1.006639559107303655e-01
4.131835937499994671e-01	8.183856878495386622e-02
6.412109374999996891e-01	1.027270797117966206e-01
4.934570312499996225e-01	8.872305527008685078e-02
3.468749999999994338e-01	7.199681797711686426e-02
4.483398437499994671e-01	8.328920072255904805e-02
5.042968749999995337e-01	8.730816084729541016e-02
4.089843749999995115e-01	7.814074179572323697e-02
5.803710937499996225e-01	8.905267122399458668e-02
6.455078124999997780e-01	9.380392127243712685e-02
5.890624999999997113e-01	9.096901056075482050e-02
2.919921874999993894e-01	6.504822885551379830e-02
6.605468749999996447e-01	9.284104783149998985e-02
4.150390624999994449e-01	7.405947671131486720e-02
2.066406249999993006e-01	6.370141460961707691e-02
2.055664062499993061e-01	6.227498554106093015e-02
5.342773437499995781e-01	8.121899826612281881e-02
5.893554687499996669e-01	8.062611906485744884e-02
3.891601562499994449e-01	6.668027300324563811e-02
