5.028320312499996447e-01	1.405531060255101883e-01
4.823242187499995337e-01	1.257144663618884883e-01
4.458007812499995559e-01	1.125002059135732646e-01
2.695312499999993894e-01	6.928505977019898399e-02
8.832031249999998668e-01	2.599366232750895400e-01
5.130859374999994227e-01	1.179716331471083041e-01
4.971679687499995781e-01	1.097625039492015342e-01
5.489257812499995781e-01	1.181711158740215983e-01
5.974609374999995115e-01	1.228268490622777404e-01
5.788085937499994893e-01	1.115432922132727211e-01
2.836914062499993339e-01	7.410248658950407963e-02
6.051757812499996003e-01	1.157957651029572904e-01
3.901367187499994449e-01	8.402865138322851424e-02
5.619140624999996447e-01	1.007103523813177165e-01
5.022460937499996225e-01	9.063378558104354110e-02
6.988281249999996891e-01	1.185823148593530690e-01
6.262695312499997335e-01	1.059548007785544727e-01
4.974609374999995892e-01	8.581027556022585712e-02
4.085937499999994782e-01	7.519564410245656305e-02
4.538085937499994893e-01	8.147204041083158654e-02
5.764648437499996225e-01	8.992265352382874943e-02
5.473632812499995559e-01	8.341341255461032222e-02
5.541992187499995559e-01	8.321073130334695478e-02
4.381835937499994893e-01	7.262450928044930643e-02
3.620117187499993783e-01	7.321190162729948603e-02
5.560546874999996447e-01	8.128476862034944572e-02
5.597656249999994893e-01	7.878408137466511030e-02
5.950195312499997335e-01	8.285897988341223153e-02
3.814453124999994116e-01	7.101274166559515266e-02
4.429687499999995226e-01	6.655020296939298530e-02
4.748046874999995448e-01	6.861681929663070167e-02
5.059570312499995781e-01	6.661820420546749055e-02
4.432617187499995337e-01	6.444005551911163865e-02
4.608398437499995337e-01	6.492049257690765685e-02
5.285156249999994893e-01	6.739200518689142383e-02
