3.015624999999994005e-01	8.098231594534403832e-02
3.800781249999993783e-01	8.576440109582351978e-02
6.660156249999996669e-01	1.587599407917768268e-01
4.794921874999995004e-01	9.649887522096727011e-02
4.034179687499994671e-01	7.884542514622734644e-02
7.732421874999997335e-01	1.875673203488473495e-01
4.327148437499994671e-01	8.214907109072720759e-02
3.303710937499994005e-01	6.397577947331946346e-02
6.979492187499997113e-01	1.405993284594355686e-01
5.163085937499994893e-01	9.063760549299267055e-02
5.312499999999995559e-01	9.185704579493360333e-02
3.931640624999994671e-01	6.692086369959611425e-02
4.299804687499994005e-01	6.987000132378522188e-02
4.320312499999994782e-01	6.644688406047243034e-02
5.827148437499996003e-01	9.340002196524334332e-02
5.301757812499995337e-01	7.833019385164090298e-02
5.185546874999995559e-01	7.728640649828870390e-02
5.098632812499994671e-01	7.450455915941339713e-02
4.579101562499995337e-01	6.470204474833798902e-02
5.708007812499996669e-01	8.388898377860112832e-02
5.506835937499995337e-01	7.757989568009375503e-02
5.222656249999996225e-01	7.155735045269492889e-02
4.442382812499995337e-01	5.948375689349413853e-02
5.619140624999996447e-01	7.691711406107445970e-02
4.163085937499995115e-01	5.441136490059021724e-02
4.981445312499995781e-01	6.435650254262754999e-02
6.146484374999996447e-01	8.302432522192430830e-02
4.922851562499995781e-01	6.153423943554569425e-02
5.537109374999995559e-01	6.915903526298226855e-02
5.168945312499996225e-01	6.279124732625450400e-02
4.893554687499994671e-01	5.881129320761679935e-02
4.485351562499995115e-01	5.245036269767561904e-02
4.601562499999995448e-01	5.397043435014975410e-02
4.454101562499995781e-01	5.107094284259901945e-02
4.763671874999995670e-01	5.458794757642689011e-02
