6.290039062499995781e-01	1.587884815560980656e-01
6.197265624999996891e-01	1.509961050791596149e-01
2.592773437499993339e-01	8.079327430733078408e-02
5.341796874999995559e-01	1.174610445116044954e-01
5.515624999999996225e-01	1.191489667340287217e-01
5.813476562499996225e-01	1.189113127601015424e-01
3.709960937499994227e-01	8.850561787426250437e-02
5.971679687499995559e-01	1.175822351282068967e-01
3.380859374999994338e-01	8.163409542505584149e-02
3.800781249999993783e-01	7.880496217537599768e-02
5.158203124999996003e-01	9.135222850458048216e-02
5.848632812499996447e-01	1.017456492929921380e-01
3.754882812499994449e-01	7.533474588325100862e-02
5.146484374999995559e-01	8.832376884850867693e-02
6.290039062499995781e-01	1.046046973915463474e-01
5.969726562499996225e-01	9.534324155428232361e-02
5.302734374999995559e-01	8.584126084741432183e-02
4.167968749999995115e-01	7.483698574175223772e-02
4.148437499999994560e-01	7.300820441008681883e-02
4.693359374999995781e-01	7.397996902331542557e-02
3.733398437499994005e-01	7.157450396734495179e-02
4.841796874999995670e-01	6.959638098615182622e-02
4.451171874999995670e-01	6.849960954692752013e-02
5.932617187499996669e-01	8.221129892253363491e-02
4.843749999999995559e-01	6.886767929228342078e-02
1.991210937499992839e-01	6.832814820127719457e-02
4.988281249999995115e-01	6.734843642866789049e-02
4.291992187499994449e-01	6.553858270944164233e-02
4.006835937499995115e-01	6.327543501110913238e-02
5.392578124999996003e-01	6.720378284708732053e-02
4.637695312499995337e-01	6.406284983335253091e-02
4.801757812499994893e-01	6.376804773579358709e-02
4.408203124999994782e-01	5.813844531061073545e-02
5.607421874999996003e-01	6.621712261489987039e-02
6.118164062499996669e-01	7.184708925331498297e-02
