3.872070312499994449e-01	9.976332871576308603e-02
3.036132812499994227e-01	8.057762430410447818e-02
6.703124999999997558e-01	1.773343811637957679e-01
4.174804687499994449e-01	9.295472995773487734e-02
5.638671874999996447e-01	1.279434634561199269e-01
3.672851562499994671e-01	8.210489149508048978e-02
5.319335937499994893e-01	1.106898196243789601e-01
4.356445312499995781e-01	8.615381642770737758e-02
4.158203124999994560e-01	7.895656925161183282e-02
6.442382812499997113e-01	1.283502174037641219e-01
4.059570312499994893e-01	7.602902639780510785e-02
3.888671874999994338e-01	7.117224159119649174e-02
5.920898437499996225e-01	1.056888842154743852e-01
5.908203124999997780e-01	1.028896828950793957e-01
4.545898437499994449e-01	7.701112017446584690e-02
7.024414062499998446e-01	1.246369990421823948e-01
7.095703124999996891e-01	1.220278744241817953e-01
4.380859374999995226e-01	7.144703514936828759e-02
4.333984374999995115e-01	6.804053168491791537e-02
5.801757812499995781e-01	8.865880475906574854e-02
5.523437499999996891e-01	8.199672514173328430e-02
6.545898437499996225e-01	9.925008712845340142e-02
4.091796874999995004e-01	6.510028284609307991e-02
5.249023437499995559e-01	7.546009901728646663e-02
3.713867187499994005e-01	5.933870323316059459e-02
4.822265624999995115e-01	6.773250613563040756e-02
5.635742187499995781e-01	7.587466387420052638e-02
5.275390624999996003e-01	7.045080239538642486e-02
5.060546874999996003e-01	6.552578976144741996e-02
5.611328124999994671e-01	7.162326307266368708e-02
4.104492187499995115e-01	5.909512737988641823e-02
5.364257812499996225e-01	6.608466166190080093e-02
5.345703124999996447e-01	6.593204325926824150e-02
5.041015624999996003e-01	6.229622585933401041e-02
5.420898437499995781e-01	6.432087311844114641e-02
