5.467773437499995337e-01	1.303365320875767563e-01
4.346679687499994671e-01	9.972716985602098072e-02
3.295898437499993339e-01	8.213707733145694800e-02
3.779296874999994449e-01	8.224910563687964915e-02
5.200195312499996669e-01	1.112088006394924833e-01
5.038085937499995337e-01	1.002107295922277236e-01
6.669921874999997780e-01	1.413444922712602803e-01
6.763671874999996891e-01	1.392925264623866566e-01
4.427734374999995337e-01	9.039170294659509830e-02
5.157226562499995781e-01	9.391763537534873751e-02
4.441406249999995115e-01	8.743998645556463889e-02
5.568359374999996003e-01	1.021177021513941380e-01
5.063476562499995559e-01	9.381846980303251704e-02
5.747070312499996669e-01	9.929333276641731654e-02
4.175781249999994671e-01	8.183556218979401442e-02
5.953124999999996891e-01	9.416783917745404076e-02
4.203124999999995337e-01	8.243982315996606358e-02
4.454101562499995781e-01	8.081592288021045845e-02
4.742187499999995226e-01	8.102822145335168702e-02
5.207031249999996003e-01	8.226343294031347730e-02
3.779296874999994449e-01	7.718862969071171864e-02
4.417968749999995337e-01	7.648850886575241093e-02
4.212890624999994782e-01	7.405101303280448022e-02
3.920898437499994449e-01	7.413926775465400076e-02
4.810546874999995226e-01	7.439060465793602417e-02
5.225585937499995781e-01	7.373260159120986756e-02
4.773437499999995115e-01	7.075052671544687644e-02
6.625976562499996669e-01	8.939532189860181777e-02
6.765624999999997335e-01	8.946835490988645778e-02
6.022460937499997113e-01	7.825780431196949216e-02
5.162109374999994671e-01	7.112560784969962357e-02
4.472656249999995559e-01	7.067751719551138012e-02
3.878906249999994893e-01	7.081382783894675514e-02
4.010742187499994893e-01	6.934301315038376989e-02
5.236328124999996003e-01	6.947567878859897683e-02
