3.424804687499993783e-01	8.780663450842635109e-02
4.984374999999995337e-01	1.223987899364746279e-01
4.145507812499994449e-01	9.321427673594065433e-02
6.436523437499996891e-01	1.608115955384559481e-01
5.898437499999997780e-01	1.376184804339599110e-01
7.617187499999997780e-01	1.976294474340012375e-01
5.824218749999996447e-01	1.223629106585871207e-01
5.471679687499995115e-01	1.083917232164802041e-01
4.994140624999995337e-01	9.905342639682179762e-02
4.833984374999995559e-01	8.982402347986867541e-02
5.054687499999994671e-01	9.481026462350453099e-02
5.722656249999996669e-01	1.006130482627838468e-01
4.373046874999995115e-01	7.760536012179689025e-02
3.456054687499994227e-01	7.162434208378659628e-02
6.018554687499996225e-01	1.011980799019879113e-01
5.374999999999996447e-01	8.601704424867807897e-02
3.890624999999994227e-01	6.970714168697637880e-02
3.338867187499994227e-01	6.428845973864083518e-02
4.667968749999995559e-01	7.183882033934103906e-02
3.014648437499993783e-01	6.343135778005237757e-02
4.182617187499995115e-01	6.541789802567599121e-02
5.154296874999995115e-01	7.624314600061912750e-02
6.245117187499996669e-01	9.273684685720182119e-02
6.302734374999996447e-01	9.061456705349649199e-02
4.685546874999995670e-01	6.584695279246981225e-02
4.966796874999995781e-01	6.771807521572652255e-02
3.399414062499993561e-01	5.808558647112213591e-02
5.821289062499995781e-01	7.758367323571614682e-02
4.110351562499995337e-01	5.849415712944614626e-02
4.349609374999995337e-01	5.856581600051505992e-02
3.578124999999994227e-01	5.528385115545601802e-02
5.929687499999996003e-01	7.512266407487078190e-02
4.957031249999995781e-01	6.264716810241253986e-02
4.514648437499995115e-01	5.615894051781979146e-02
4.825195312499995781e-01	5.793949271559235836e-02
