4.229492187499994671e-01	1.000134612487261487e-01
3.851562499999994782e-01	8.762889872580562067e-02
4.764648437499995337e-01	1.044698134144722013e-01
4.016601562499995115e-01	8.623141377349963221e-02
3.972656249999995115e-01	8.300127760224708384e-02
5.868164062499997558e-01	1.173667786849499767e-01
3.507812499999994338e-01	7.424832883106104175e-02
4.781249999999995226e-01	9.015180131576622236e-02
4.426757812499995115e-01	7.962135932414479700e-02
4.492187499999995004e-01	8.065968473842050068e-02
4.794921874999995004e-01	8.181212745938104547e-02
5.103515624999994671e-01	8.472312748443955321e-02
4.903320312499995781e-01	8.298357566477554403e-02
6.249999999999996669e-01	1.022336868138628424e-01
5.284179687499994671e-01	8.508393527012304836e-02
5.398437499999997335e-01	8.626033178424909187e-02
5.698242187499996669e-01	8.724782522244199645e-02
5.471679687499995115e-01	8.393179957460274176e-02
5.394531249999996447e-01	7.974608205626060320e-02
5.348632812499996003e-01	7.956692211673413451e-02
3.907226562499994671e-01	6.692675027942772414e-02
4.487304687499994449e-01	6.860398798172528956e-02
5.057617187499995337e-01	7.011319289657048925e-02
4.248046874999995004e-01	6.541433494691162309e-02
4.007812499999994782e-01	6.397412839176284949e-02
5.290039062499994893e-01	6.956916764642687157e-02
6.047851562499996225e-01	7.868221483284976170e-02
5.377929687499996003e-01	7.018747358356404453e-02
5.878906249999996669e-01	7.584709361572351816e-02
4.549804687499994227e-01	6.106023668690493261e-02
4.703124999999995781e-01	6.168182380608541043e-02
5.090820312499995115e-01	6.524180426446926639e-02
5.323242187499995781e-01	6.455080180708763771e-02
4.260742187499995115e-01	5.902855956657686309e-02
4.733398437499994893e-01	6.042728434425191641e-02
