7.437499999999998002e-01	1.914023055155740505e-01
5.063476562499995559e-01	1.107714758589861542e-01
6.791015624999996447e-01	1.496332750542705148e-01
3.417968749999913958e-02	1.337747998191986426e+03
4.859374999999995781e-01	9.538173934630736484e-02
6.448242187499997335e-01	1.327900051256047653e-01
5.199218749999996447e-01	9.922725281973023004e-02
5.764648437499996225e-01	1.032455175062023944e-01
4.040039062499994893e-01	7.929119356226227433e-02
4.861328124999995670e-01	8.512033371561436579e-02
4.232421874999994782e-01	7.608651589688350536e-02
5.127929687499994671e-01	8.423358470184920399e-02
5.204101562499996447e-01	8.341597240604932406e-02
4.895507812499995115e-01	7.554474322371100559e-02
6.254882812499996669e-01	9.978662850721832511e-02
5.522460937499996669e-01	8.540049389013432135e-02
5.206054687499995781e-01	7.650119737988626822e-02
5.283203124999995559e-01	7.681463574224905999e-02
5.299804687499994893e-01	7.601597694846480568e-02
4.927734374999995781e-01	6.721489773421319980e-02
5.315429687499995115e-01	7.249826140514285810e-02
4.984374999999995337e-01	6.666788922189242905e-02
4.349609374999995337e-01	5.980971615234982608e-02
4.974609374999995892e-01	6.447921218453413206e-02
6.019531249999996447e-01	7.949435473457072687e-02
4.631835937499995115e-01	5.910319560135775946e-02
4.238281249999994449e-01	5.583902995377824918e-02
5.929687499999996003e-01	7.622389181089202215e-02
2.592773437499993339e-01	6.883131359005098537e-02
4.111328124999995004e-01	5.388817383576922221e-02
5.317382812499995559e-01	6.363897741376424444e-02
4.967773437499996003e-01	5.928745629802821548e-02
5.763671874999996003e-01	6.796849139792013328e-02
5.037109374999995115e-01	5.905558897216606901e-02
5.618164062499996225e-01	6.499599486039153717e-02
