3.514648437499994227e-01	9.577387161524823778e-02
5.730468749999996225e-01	1.261938112911440701e-01
4.155273437499994449e-01	9.018762933045353092e-02
3.891601562499994449e-01	8.734771692032253232e-02
5.208984374999996447e-01	1.017889373946617299e-01
4.715820312499995337e-01	8.918692927453390762e-02
7.073242187499997335e-01	1.414942489267966286e-01
4.855468749999996003e-01	8.601370057889284881e-02
2.744140624999993339e-01	8.203794097176597688e-02
5.283203124999995559e-01	9.019300941689889495e-02
3.519531249999994227e-01	7.074422775471220226e-02
4.965820312499995559e-01	7.987926311907879440e-02
4.121093749999994449e-01	6.997180421741781842e-02
4.178710937499995337e-01	6.754670980307511674e-02
5.360351562499996447e-01	8.382514473008095823e-02
5.557617187499995781e-01	8.425544849278261694e-02
5.736328124999996447e-01	8.630900072467985462e-02
6.202148437499996891e-01	9.295073480736568139e-02
4.544921874999994782e-01	6.508778919544655484e-02
4.237304687499994227e-01	6.292528333961856790e-02
3.527343749999993783e-01	5.805472207695892839e-02
5.226562499999996003e-01	7.230144430142146361e-02
3.573242187499994227e-01	5.772933816831001680e-02
4.795898437499994671e-01	6.465805066598298567e-02
4.849609374999995781e-01	6.344435274886164877e-02
5.110351562499995115e-01	6.632631384874232428e-02
4.017578124999994782e-01	5.483651296957403609e-02
4.852539062499995337e-01	6.080984148079287416e-02
4.624999999999995226e-01	5.623341947101113264e-02
3.567382812499994005e-01	4.863910330630352025e-02
5.383789062499996225e-01	6.431098754001812745e-02
5.364257812499996225e-01	6.300258068644828957e-02
5.244140624999995559e-01	6.112386533924540205e-02
4.748046874999995448e-01	5.423167903707003246e-02
4.973632812499996225e-01	5.755957257819754869e-02
