5.063476562499995559e-01	1.462104735863655192e-01
7.343749999999997780e-01	2.499577002365913903e-01
4.443359374999995559e-01	1.100102522739835748e-01
3.999999999999994671e-01	9.611574805807134025e-02
6.135742187499996225e-01	1.575173559464368989e-01
5.306640624999996447e-01	1.214531007117830019e-01
4.656249999999995115e-01	9.886732006937168360e-02
4.725585937499995337e-01	9.786459372697899062e-02
6.234374999999996447e-01	1.379112248589566825e-01
3.085937499999993894e-01	6.617479409448773220e-02
4.881835937499995337e-01	9.277304752677172084e-02
5.487304687499995337e-01	1.025883298677332939e-01
3.134765624999993894e-01	6.118624992156827119e-02
4.750976562499995559e-01	8.429202490973090878e-02
5.189453124999996447e-01	8.904325873945552472e-02
6.872070312499998224e-01	1.403944426415605629e-01
5.262695312499996447e-01	8.901492111182621181e-02
5.028320312499996447e-01	8.149745972053507037e-02
5.074218749999995781e-01	8.066020277779865910e-02
6.283203124999996447e-01	1.107791128255018048e-01
4.180664062499994671e-01	6.109209373930053755e-02
5.043945312499995559e-01	7.446079133753474855e-02
4.277343749999994449e-01	6.115546465509973106e-02
4.807617187499995115e-01	6.832791190496254052e-02
6.894531249999997780e-01	1.188466834014383078e-01
4.741210937499995559e-01	6.542232325007646399e-02
5.197265624999996003e-01	7.144301205878562933e-02
6.646484374999996891e-01	1.056323908942375378e-01
5.303710937499995781e-01	7.108540977423696838e-02
5.837890624999997335e-01	8.199152788802586966e-02
5.237304687499995115e-01	6.869626581484636341e-02
5.370117187499996447e-01	6.968740405293517848e-02
4.681640624999995337e-01	5.800469928777062661e-02
4.288085937499994671e-01	5.184058141398045078e-02
4.703124999999995781e-01	5.673288204649686028e-02
