3.476562499999994449e-01	9.245493538565585645e-02
7.360351562499998224e-01	2.072841589373728144e-01
2.825195312499994005e-01	7.932175595007022462e-02
3.938476562499995115e-01	8.641576485603238988e-02
5.206054687499995781e-01	1.133096544299313363e-01
2.526367187499992673e-01	6.369666960208827944e-02
5.004882812499995559e-01	1.040623080409881079e-01
4.954101562499996225e-01	9.447398767627249172e-02
6.833007812499997113e-01	1.501373219885371035e-01
3.180664062499993783e-01	6.430410711089540321e-02
4.646484374999995115e-01	8.472785316289428714e-02
3.566406249999993783e-01	6.618902453016996257e-02
5.302734374999995559e-01	9.370767935995322206e-02
5.409179687499996447e-01	9.619993837747881082e-02
4.174804687499994449e-01	6.887087708538457143e-02
3.863281249999994671e-01	6.294368753133909589e-02
5.973632812499996003e-01	1.034460861425229583e-01
4.415039062499994671e-01	6.887499176829467440e-02
4.650390624999994893e-01	6.956512215931671961e-02
3.705078124999994782e-01	5.681399014606852010e-02
4.019531249999994671e-01	5.995552074922003150e-02
4.488281249999994671e-01	6.553571556198836690e-02
4.708984374999995448e-01	6.779613017535372765e-02
5.560546874999996447e-01	8.393883200796291300e-02
4.595703124999995226e-01	6.197734851605241763e-02
5.127929687499994671e-01	7.220054511882584292e-02
4.968749999999995670e-01	6.629459842621822363e-02
5.411132812499996891e-01	7.518585655107033749e-02
5.155273437499995337e-01	6.839287112311710770e-02
4.360351562499995559e-01	5.549169989774795780e-02
7.208984374999998224e-01	1.152489468080593327e-01
4.858398437499995559e-01	6.102018341948421687e-02
5.467773437499995337e-01	7.124089300963723503e-02
4.676757812499995337e-01	5.604529551679033467e-02
4.939453124999995670e-01	5.886938456794177377e-02
