4.256835937499995337e-01	1.045342732047579021e-01
4.338867187499995115e-01	9.997323799539654943e-02
3.193359374999994449e-01	8.638691598990583254e-02
4.824218749999995559e-01	9.967670962039541782e-02
3.518554687499994005e-01	8.902106954004498918e-02
4.510742187499995337e-01	8.964445000639757744e-02
5.492187499999996447e-01	1.075648077498587984e-01
3.794921874999994116e-01	8.951959483262890427e-02
5.710937499999997335e-01	1.041063059717986516e-01
4.934570312499996225e-01	9.212973645365890585e-02
3.499023437499994005e-01	8.637294643186400889e-02
6.086914062499996225e-01	1.082162684033993183e-01
4.182617187499995115e-01	8.122494100392829708e-02
3.036132812499994227e-01	8.428755890462130695e-02
4.842773437499995337e-01	8.564607315980006519e-02
5.378906249999996225e-01	9.104998381609534508e-02
5.780273437499995337e-01	9.284597319950993466e-02
5.012695312499996225e-01	8.540015917373142140e-02
3.788085937499994227e-01	8.283229762944734065e-02
4.966796874999995781e-01	8.273796066293513662e-02
5.320312499999995115e-01	8.298084719741830040e-02
4.656249999999995115e-01	7.929441942958101452e-02
4.181640624999994893e-01	8.172253175973005768e-02
3.680664062499994227e-01	7.676737614325100656e-02
5.640624999999995781e-01	7.836037889828018077e-02
5.037109374999995115e-01	7.896033371166555348e-02
5.179687499999996447e-01	8.009183248149555345e-02
4.712890624999995226e-01	7.672275629278881015e-02
2.586914062499993117e-01	7.934873668897041155e-02
5.502929687499995559e-01	7.553051330646276540e-02
5.903320312499997780e-01	7.892996995311277186e-02
4.639648437499994671e-01	7.565349124089537636e-02
5.847656249999996225e-01	7.727772738724927870e-02
5.779296874999995115e-01	7.525774140885412022e-02
5.047851562499995337e-01	7.293864235402960916e-02
