4.876953124999995337e-01	1.157327902362411814e-01
5.849609374999995559e-01	1.420172222111637239e-01
4.518554687499994893e-01	1.042770860146081946e-01
6.632812499999996003e-01	1.519191393914442467e-01
5.240234374999994671e-01	1.098640565370843231e-01
2.814453124999993228e-01	8.335177260328235915e-02
5.106445312499995337e-01	1.038951347268596975e-01
4.961914062499995781e-01	9.581042062460685960e-02
4.765624999999995559e-01	8.712594626887708305e-02
4.117187499999994671e-01	7.801143203876037546e-02
4.032226562499994227e-01	7.411009855341736674e-02
6.489257812499996669e-01	1.189237556210180347e-01
3.229492187499993783e-01	6.717803542745491574e-02
5.948242187499996891e-01	1.039221894499536836e-01
5.194335937499995337e-01	8.449313047510186026e-02
4.655273437499994893e-01	7.431388745733190360e-02
4.481445312499995337e-01	7.010961236688342813e-02
5.708984374999996891e-01	8.888183290502724154e-02
5.028320312499996447e-01	7.422222157193864023e-02
5.380859374999995559e-01	7.832612280151687867e-02
4.544921874999994782e-01	6.423369430590328277e-02
5.612304687499994893e-01	8.158876259013218835e-02
5.777343749999995781e-01	8.133391345035258235e-02
5.142578124999994671e-01	7.068483195913818906e-02
3.436523437499994227e-01	5.409967281375899911e-02
3.950195312499995559e-01	5.463537525165967218e-02
5.822265624999996003e-01	7.852598274044281235e-02
6.344726562499997113e-01	8.822701326480995865e-02
5.457031249999996225e-01	7.040461171640198523e-02
5.986328124999995559e-01	7.739624882729820299e-02
6.042968749999996225e-01	7.809997258322341762e-02
5.429687499999995559e-01	6.677589589153352934e-02
5.219726562499996669e-01	6.349139250338962925e-02
4.415039062499994671e-01	5.261911239284622344e-02
4.856445312499996225e-01	5.625201259694989631e-02
