3.952148437499994893e-01	1.134520580394476341e-01
4.865234374999995448e-01	1.387255872828691561e-01
5.369140624999997335e-01	1.373381342925823478e-01
6.082031249999996225e-01	1.659295133870752059e-01
5.657226562499996225e-01	1.443062839375482687e-01
5.137695312499995781e-01	1.191578423630241662e-01
6.129882812499996003e-01	1.420543095739445483e-01
4.437499999999995337e-01	9.039962185405142625e-02
4.216796874999995115e-01	8.793507252559805420e-02
3.198242187499994449e-01	6.999537540442933581e-02
5.093749999999994671e-01	9.914599232560274145e-02
5.261718749999996225e-01	9.696878614851844880e-02
5.554687499999995115e-01	1.033325271659602806e-01
3.736328124999994116e-01	6.863503611890371670e-02
4.730468749999995337e-01	7.886503055490431957e-02
5.202148437499996003e-01	8.455268758459512368e-02
4.153320312499995115e-01	6.859016137313238282e-02
4.279296874999994893e-01	6.636246689006081168e-02
5.250976562499996003e-01	8.387595521844602720e-02
4.766601562499995781e-01	7.174418877209046141e-02
5.731445312499996447e-01	8.791720691703856783e-02
5.954101562499997113e-01	9.136370133742191535e-02
4.171874999999994893e-01	6.200339434362611007e-02
4.822265624999995115e-01	6.846806969718481628e-02
4.715820312499995337e-01	6.699919316900124211e-02
5.116210937499995337e-01	6.983405775875418942e-02
6.081054687499996003e-01	8.713998261477695628e-02
4.624999999999995226e-01	6.068220755269694566e-02
4.620117187499994671e-01	5.925736325813145411e-02
4.740234374999995337e-01	6.044272165173824457e-02
5.619140624999996447e-01	7.267082668397563394e-02
4.470703124999995115e-01	5.594484722542751587e-02
5.192382812499996003e-01	6.434495630003053690e-02
5.260742187499996003e-01	6.363739425128075999e-02
4.954101562499996225e-01	5.914849746143621689e-02
