4.391601562499994893e-01	1.193339174936561831e-01
5.202148437499996003e-01	1.469138189737624889e-01
5.007812499999995115e-01	1.295766332947038690e-01
2.877929687499993783e-01	7.048881553887115237e-02
3.911132812499994449e-01	8.789351331170820736e-02
6.962890624999997780e-01	2.060501945765660092e-01
6.448242187499997335e-01	1.663817478163712726e-01
5.839843749999996669e-01	1.354431431568229871e-01
4.311523437499994449e-01	8.938048392273030551e-02
4.599609374999995559e-01	9.064582801674851698e-02
4.783203124999995115e-01	8.993965773008157083e-02
4.301757812499994449e-01	7.675775004744510299e-02
4.907226562499995559e-01	8.931087458245511035e-02
2.945312499999994116e-01	6.019156423435917391e-02
5.242187499999995115e-01	9.247262021139675270e-02
6.502929687499996447e-01	1.243073460952507925e-01
5.850585937499995781e-01	9.992820229874246896e-02
4.131835937499994671e-01	6.705910451101614045e-02
5.059570312499995781e-01	8.171128611249238449e-02
4.240234374999994893e-01	6.620718411088796773e-02
4.310546874999994782e-01	6.484403840904574834e-02
5.532226562499996669e-01	8.575258961711873518e-02
4.135742187499994449e-01	6.145788926925785378e-02
4.605468749999995781e-01	6.375964689697362353e-02
4.527343749999994671e-01	6.342667777814142704e-02
4.937499999999995781e-01	6.778717466746857212e-02
5.196289062499995781e-01	7.147523621648130265e-02
5.224609374999995559e-01	7.196972029346948574e-02
5.342773437499995781e-01	7.172916489688131725e-02
4.029296874999994671e-01	5.256972443283336460e-02
4.705078124999995670e-01	5.990559794466200627e-02
5.685546874999996003e-01	7.454268415857079333e-02
5.068359374999995559e-01	6.293503705106337498e-02
5.042968749999995337e-01	6.184469362515712665e-02
4.861328124999995670e-01	5.771194565451307629e-02
