2.950195312499994671e-01	7.959342226655928554e-02
3.784179687499994449e-01	8.705769664132148589e-02
4.361328124999995226e-01	9.310180262335757129e-02
4.638671874999995004e-01	9.381195435230170465e-02
5.192382812499996003e-01	9.934622225155996522e-02
4.756835937499995781e-01	8.905671826306221783e-02
4.086914062499994449e-01	7.503239313475240646e-02
6.202148437499996891e-01	1.221974596208885433e-01
5.345703124999996447e-01	9.488208817629192882e-02
4.396484374999994893e-01	7.613677190635130543e-02
3.601562499999994560e-01	6.319131267492580917e-02
6.261718749999997113e-01	1.118905015526370367e-01
4.764648437499995337e-01	7.663728179046115641e-02
3.571289062499993783e-01	6.071008454057122417e-02
5.790039062499995337e-01	9.377798985936459941e-02
5.057617187499995337e-01	7.657402706432854533e-02
5.340820312499996447e-01	8.120676824518902048e-02
5.030273437499995781e-01	7.271641551628894862e-02
4.579101562499995337e-01	6.481507319503661269e-02
4.400390624999994671e-01	5.996085244536731446e-02
6.031249999999996891e-01	8.817744917601552657e-02
5.522460937499996669e-01	7.701655444965394004e-02
4.533203124999994893e-01	6.003686278803268411e-02
4.965820312499995559e-01	6.516410098933608785e-02
4.575195312499995559e-01	5.844025373873502210e-02
5.189453124999996447e-01	6.549753020913998136e-02
4.561523437499994671e-01	5.725618021022978871e-02
3.764648437499994449e-01	5.056278672785093770e-02
4.721679687499995559e-01	5.793599521358805404e-02
4.849609374999995781e-01	5.793172155944769502e-02
5.407226562499997113e-01	6.491136646782222352e-02
4.321289062499994449e-01	5.176153642926818732e-02
5.124999999999995115e-01	6.002301588825086770e-02
5.206054687499995781e-01	5.988872827588474085e-02
5.180664062499996669e-01	5.888769124459768828e-02
