6.263671874999996447e-01	1.649069585056112952e-01
3.668945312499994893e-01	8.401373244119821060e-02
4.310546874999994782e-01	9.392075361620425000e-02
4.659179687499994671e-01	9.913669388273502192e-02
3.105468749999994449e-01	6.690317750549239217e-02
5.297851562499995559e-01	1.096685861417898561e-01
5.754882812499996225e-01	1.206064243638684252e-01
6.006835937499995781e-01	1.225972952897939755e-01
5.141601562499995559e-01	9.538914383523795781e-02
4.135742187499994449e-01	6.964684031561065025e-02
4.570312499999995004e-01	7.711067316423099449e-02
5.427734374999995115e-01	9.603430985787300700e-02
4.000976562499994893e-01	6.584921797567076795e-02
5.874023437499996669e-01	1.038332075826928214e-01
6.780273437499996225e-01	1.296763752583188767e-01
4.384765624999995004e-01	6.521887692424190031e-02
6.621093749999996669e-01	1.188787034646071605e-01
4.769531249999995337e-01	6.927022849673307447e-02
4.954101562499996225e-01	7.268745619816824322e-02
5.697265624999996447e-01	8.782218917686519799e-02
4.574218749999995337e-01	6.291079918149261596e-02
6.109374999999995781e-01	9.448874375992820374e-02
4.920898437499995337e-01	6.769313779245100804e-02
5.088867187499994671e-01	6.786246074337108636e-02
3.840820312499995115e-01	5.033078918706914567e-02
6.542968749999996669e-01	1.008492932929910685e-01
4.926757812499995559e-01	6.319354438612048708e-02
4.247070312499995337e-01	5.335821821492924000e-02
5.290039062499994893e-01	6.923536615999499599e-02
5.476562499999995115e-01	7.144774847293040854e-02
5.178710937499996225e-01	6.488891581151574883e-02
4.782226562499994893e-01	5.736602800363262145e-02
4.640624999999994893e-01	5.406974773929964367e-02
3.993164062499994227e-01	4.635319301639249240e-02
5.818359374999995115e-01	7.270734022255172235e-02
