7.730468749999998002e-01	2.435070374323831943e-01
5.235351562499995781e-01	1.242306425093043093e-01
4.592773437499995115e-01	1.022862042957253942e-01
4.881835937499995337e-01	1.026074021125647634e-01
5.865234374999996891e-01	1.279115478677704532e-01
3.576171874999994338e-01	7.241565691801474247e-02
3.904296874999994560e-01	7.461691695732909635e-02
5.524414062499997113e-01	1.116176590574644717e-01
4.359374999999995337e-01	7.540279627000788520e-02
4.172851562499995115e-01	7.473511583903784394e-02
3.948242187499995115e-01	6.899824673424359567e-02
5.254882812499995781e-01	9.628284118809520009e-02
7.538085937499997558e-01	1.726025950131533093e-01
7.206054687499997558e-01	1.507495027616530814e-01
4.375976562499994671e-01	6.987587248037945009e-02
5.767578124999996891e-01	1.003889598589435134e-01
5.121093749999995337e-01	8.074158344156234790e-02
4.833984374999995559e-01	7.320557400984768759e-02
4.590820312499995781e-01	6.900324538784267936e-02
4.354492187499995337e-01	6.027338778796576674e-02
4.833007812499995337e-01	7.090931845772685538e-02
3.997070312499995115e-01	5.608412903448523751e-02
5.132812499999994671e-01	7.415688341608134282e-02
4.731445312499995559e-01	6.516623135081159313e-02
6.126953124999996447e-01	9.566346360732271015e-02
4.938476562499996003e-01	6.632010367986487798e-02
4.611328124999995448e-01	5.985920803637014009e-02
4.406249999999994893e-01	5.565622741543300306e-02
4.593749999999995337e-01	5.938296255667632750e-02
5.116210937499995337e-01	6.677807750197359282e-02
4.658203124999995004e-01	5.804852587004529635e-02
4.757812499999995448e-01	5.960641277764931051e-02
5.259765624999996891e-01	6.852029683709837116e-02
4.737304687499994671e-01	5.651147263829960077e-02
5.436523437499996003e-01	7.021622295494772681e-02
