4.842773437499995337e-01	1.163279573123042338e-01
3.878906249999994893e-01	9.336989664257080990e-02
4.587890624999995115e-01	1.014449283931779799e-01
5.499999999999996003e-01	1.177862721290662273e-01
3.968749999999994782e-01	8.581052659951256267e-02
3.082031249999993561e-01	7.334522180522587420e-02
6.690429687499996891e-01	1.369127473395734818e-01
5.119140624999996003e-01	9.359436138252677506e-02
3.823242187499994449e-01	7.631713994629145403e-02
5.385742187499996669e-01	9.327447478105853340e-02
5.424804687499995559e-01	9.017197403503093844e-02
3.685546874999994782e-01	7.087043907549935018e-02
3.823242187499994449e-01	6.855293756200410427e-02
5.965820312499996447e-01	9.772708928213603985e-02
4.928710937499996003e-01	7.707566269683822913e-02
5.402343749999997113e-01	8.140943025952264434e-02
4.967773437499996003e-01	7.626659903177561428e-02
5.440429687499995781e-01	7.938581768155449081e-02
3.793945312499994449e-01	6.145208200299064755e-02
4.063476562499994671e-01	6.062359561526539653e-02
5.457031249999996225e-01	7.644351201838268939e-02
4.951171874999996114e-01	6.780351573227123840e-02
4.371093749999994671e-01	6.070499838861908443e-02
4.301757812499994449e-01	6.129765970775195166e-02
4.986328124999995226e-01	6.421250162294872554e-02
4.699218749999996003e-01	6.156136407496239776e-02
5.681640624999997335e-01	7.239356008148997712e-02
4.992187499999995448e-01	6.164451242720525581e-02
5.278320312499995559e-01	6.493308486365449717e-02
5.173828124999995115e-01	6.312391109717459259e-02
5.868164062499997558e-01	7.169685514659647485e-02
5.384765624999996447e-01	6.392964268299533570e-02
5.654296874999995559e-01	6.644281164449875043e-02
2.862304687499993561e-01	5.613169948618650790e-02
5.249023437499995559e-01	6.155064745850959834e-02
