5.161132812499995559e-01	1.175461650738030273e-01
5.932617187499996669e-01	1.392779819190276547e-01
4.442382812499995337e-01	9.470548105864547150e-02
4.522460937499994671e-01	9.578761273222925754e-02
6.353515624999996891e-01	1.334334991211686416e-01
2.168945312499993006e-01	7.430725532824308810e-02
5.779296874999995115e-01	1.099663251931901342e-01
4.224609374999995226e-01	8.465260668890421669e-02
3.595703124999994338e-01	7.513687462987560239e-02
4.975585937499995559e-01	8.747054323606981430e-02
3.666015624999994227e-01	7.306403688170949595e-02
4.764648437499995337e-01	8.256581235226556625e-02
3.823242187499994449e-01	6.853263110925614243e-02
4.708984374999995448e-01	7.663307485626545679e-02
4.568359374999995115e-01	7.141743594847123344e-02
4.520507812499995337e-01	6.738281982759529443e-02
4.835937499999995448e-01	7.128766892488494489e-02
6.143554687499995781e-01	9.277310044239873987e-02
5.994140624999997335e-01	8.831950818532476044e-02
3.738281249999994005e-01	6.490621882271609133e-02
5.784179687499995115e-01	8.372754172962854069e-02
5.518554687499995781e-01	7.737964177387761378e-02
4.134765624999994782e-01	6.226895633986710699e-02
5.604492187499995337e-01	7.650872712077087801e-02
5.539062499999996003e-01	7.362023491714789203e-02
4.729492187499995115e-01	6.485014564026825301e-02
4.715820312499995337e-01	6.214393615525812958e-02
4.408203124999994782e-01	6.111000061291155944e-02
4.297851562499994671e-01	5.838263462942366172e-02
5.201171874999996891e-01	6.328090905930530696e-02
5.018554687499995337e-01	6.222191622473253331e-02
4.980468749999995559e-01	6.116558942285273137e-02
5.601562499999994671e-01	6.562131969520000607e-02
5.734374999999996003e-01	6.666719936992025752e-02
4.399414062499994449e-01	5.523822169619495986e-02
