5.378906249999996225e-01	1.258947820181091359e-01
5.346679687499995559e-01	1.179847267195173605e-01
5.254882812499995781e-01	1.062438491300728566e-01
3.216796874999994227e-01	8.189202883658948384e-02
4.957031249999995781e-01	9.599091399401414593e-02
4.456054687499995115e-01	8.619928567427373456e-02
5.777343749999995781e-01	1.110700141414344561e-01
6.294921874999996891e-01	1.189452739297318928e-01
4.715820312499995337e-01	8.401640616947100848e-02
3.814453124999994116e-01	7.334269360096472290e-02
5.474609374999994671e-01	9.236255795490921905e-02
5.744140624999996003e-01	9.606212596997716624e-02
3.619140624999994116e-01	6.539981374197745279e-02
6.311523437499996225e-01	1.041480619907603211e-01
3.369140624999993894e-01	6.188140097808977197e-02
4.698242187499995781e-01	7.173594609531545874e-02
3.897460937499994671e-01	6.265838290505738872e-02
5.038085937499995337e-01	7.320284213651473415e-02
5.080078124999996003e-01	7.373486973871790084e-02
6.281249999999996003e-01	9.372745412779460994e-02
4.248046874999995004e-01	6.211869495594717072e-02
5.216796874999996003e-01	7.181257846938234046e-02
4.929687499999995670e-01	6.659096739307766855e-02
4.650390624999994893e-01	6.054389219678576323e-02
4.565429687499994449e-01	6.005149956112745824e-02
5.226562499999996003e-01	6.707449868313414276e-02
4.886718749999995337e-01	6.170916497579418541e-02
5.859374999999996669e-01	7.472978191750588584e-02
5.911132812499997335e-01	7.444212472311816098e-02
4.236328124999994560e-01	5.344135467627301322e-02
4.709960937499995115e-01	5.697904149253605471e-02
4.931640624999995559e-01	5.761054977935733262e-02
4.231445312499995115e-01	5.075126364274782503e-02
4.151367187499994671e-01	5.011865660041956577e-02
4.831054687499994893e-01	5.411123398819331354e-02
