4.728515624999995448e-01	1.056837075009423865e-01
5.565429687499995337e-01	1.207487280444312222e-01
3.944335937499995337e-01	8.418868665869974621e-02
5.318359374999994671e-01	1.107841287116179546e-01
5.918945312499996891e-01	1.226155103574316924e-01
6.285156249999995781e-01	1.290268182487336601e-01
3.958984374999994782e-01	7.474474702182382080e-02
4.725585937499995337e-01	8.671918211341370086e-02
2.618164062499993561e-01	6.930272337739765143e-02
7.124999999999996891e-01	1.450549347656970578e-01
6.495117187499996891e-01	1.201385623288502569e-01
5.752929687499995781e-01	9.921387217558060023e-02
4.420898437499994893e-01	7.232277614689942846e-02
5.424804687499995559e-01	8.585401383161236910e-02
4.521484374999995004e-01	6.996787828214809379e-02
5.699218749999996891e-01	8.852131320803326153e-02
5.832031249999996003e-01	8.722439606583051730e-02
4.918945312499996003e-01	7.158620950116617587e-02
5.587890624999996003e-01	8.059970371296450165e-02
4.976562499999995781e-01	7.000299550675002924e-02
4.409179687499994449e-01	6.127813066941230347e-02
7.049804687499996447e-01	1.056789254196467825e-01
5.020507812499995781e-01	6.903224630179752297e-02
4.669921874999995448e-01	6.246255671500628576e-02
5.696289062499996225e-01	7.323176733477826383e-02
5.268554687499995559e-01	6.777892728008144685e-02
4.838867187499995559e-01	6.189235467442705946e-02
4.194335937499995559e-01	5.688919690505666454e-02
5.168945312499996225e-01	6.382571891428176492e-02
3.975585937499994671e-01	5.265749881077447930e-02
4.939453124999995670e-01	5.967441914363717792e-02
4.871093749999995115e-01	5.834032524478253295e-02
3.704101562499995115e-01	5.127387530460154191e-02
4.500976562499995337e-01	5.329815990579478413e-02
5.109374999999994893e-01	5.925980709269110941e-02
