5.416992187499996003e-01	1.421357265679628334e-01
4.630859374999995448e-01	1.096308797463303175e-01
5.876953124999997335e-01	1.587588251243114423e-01
6.930664062499997113e-01	2.068870476139664794e-01
5.777343749999995781e-01	1.440809454772538079e-01
5.411132812499996891e-01	1.284695153178049831e-01
4.608398437499995337e-01	9.964360321703247259e-02
6.776367187499996447e-01	1.902805373699293090e-01
4.833984374999995559e-01	1.011778680540593306e-01
6.627929687499996003e-01	1.728926414829113911e-01
4.551757812499994671e-01	8.857404361456065744e-02
4.821289062499994893e-01	9.676051660210768790e-02
5.958984374999996003e-01	1.342330920564089314e-01
5.480468749999996003e-01	1.183001016734680361e-01
4.382812499999995115e-01	7.893630838676292394e-02
5.599609374999994227e-01	1.205204650603117350e-01
4.240234374999994893e-01	7.425968292996791564e-02
3.422851562499994449e-01	5.415650220683890931e-02
4.339843749999995337e-01	7.607991346861608939e-02
5.685546874999996003e-01	1.191861586860553102e-01
4.645507812499994893e-01	8.324087998273922706e-02
4.988281249999995115e-01	9.152643242666844148e-02
5.222656249999996225e-01	9.861179135660258499e-02
6.070312499999996891e-01	1.297471869756430529e-01
3.988281249999994227e-01	6.170227752364389195e-02
5.702148437499996447e-01	1.125019044522243411e-01
4.090820312499995337e-01	6.303097725608305946e-02
4.227539062499995337e-01	6.596832659940142507e-02
4.097656249999994671e-01	6.244686718552358573e-02
5.214843749999996669e-01	9.285351032020947026e-02
4.666015624999995115e-01	7.599357992149671781e-02
4.189453124999995004e-01	6.188430750173475048e-02
4.733398437499994893e-01	7.623368217574438832e-02
4.333007812499994893e-01	6.578799920554780079e-02
5.413085937499996225e-01	9.708119881713354882e-02
