4.918945312499996003e-01	1.129750617187882528e-01
5.770507812499996447e-01	1.344636079973995924e-01
4.517578124999995226e-01	1.049939508283275758e-01
5.160156249999995337e-01	1.136405452456017151e-01
5.924804687499996003e-01	1.273259611081947462e-01
4.708984374999995448e-01	1.040497116991259130e-01
6.135742187499996225e-01	1.194449548308685188e-01
5.388671874999997335e-01	1.107894668739880517e-01
4.473632812499995781e-01	9.966286108751251649e-02
5.397460937499997113e-01	1.078054270642502949e-01
3.256835937499994449e-01	8.664893773818664602e-02
5.008789062499995337e-01	9.654231619241375462e-02
4.690429687499995115e-01	9.334610756684212640e-02
4.725585937499995337e-01	8.912362254480801771e-02
5.047851562499995337e-01	9.410528703240143844e-02
4.141601562499994671e-01	8.959912895294336321e-02
3.112304687499993783e-01	8.596150493774772083e-02
5.681640624999997335e-01	8.886137064323040846e-02
4.386718749999994893e-01	8.412328862135556862e-02
5.025390624999996891e-01	8.550475664456771985e-02
4.251953124999994782e-01	8.416298383274506412e-02
5.468749999999995559e-01	8.594726256205088843e-02
5.411132812499996891e-01	8.175276273054457588e-02
6.032226562499997113e-01	8.448202267264279253e-02
5.450195312499996891e-01	8.222194347209769993e-02
5.554687499999995115e-01	8.318855404660298325e-02
4.875976562499995115e-01	8.238135635533792855e-02
4.872070312499995337e-01	7.804018235992095376e-02
2.658203124999993228e-01	8.293553211922698176e-02
5.114257812499994893e-01	7.857784068291395752e-02
5.283203124999995559e-01	7.550635690177054382e-02
4.439453124999995226e-01	7.620607021090161637e-02
2.637695312499993561e-01	8.035406560092248074e-02
4.927734374999995781e-01	7.307484851711908147e-02
4.521484374999995004e-01	7.374130192991243393e-02
