5.567382812499995781e-01	1.420938506016905245e-01
2.993164062499993339e-01	7.568582229241438419e-02
4.671874999999995337e-01	1.054485834417659973e-01
3.066406249999993339e-01	7.044291684101473827e-02
5.712890624999997780e-01	1.311043119840645532e-01
3.191406249999994005e-01	6.885890337087795243e-02
4.880859374999995670e-01	1.016224858638443002e-01
5.268554687499995559e-01	1.068634143631461558e-01
5.166015624999995559e-01	9.945161285258113937e-02
6.181640624999997780e-01	1.257560619995353457e-01
6.095703124999996003e-01	1.170287961640949781e-01
6.349609374999996003e-01	1.214640643949153331e-01
3.734374999999994227e-01	6.589786446088329031e-02
5.744140624999996003e-01	1.017084859079258330e-01
6.787109374999995559e-01	1.292066650447779297e-01
5.192382812499996003e-01	8.345185685070997950e-02
5.124023437499994893e-01	7.979067787665644618e-02
4.890624999999995115e-01	7.583856412340045372e-02
4.861328124999995670e-01	7.203644302868603133e-02
4.905273437499995115e-01	7.131987230702382941e-02
4.935546874999995892e-01	7.092745456638326063e-02
4.960937499999995559e-01	7.106755315397431105e-02
4.528320312499994893e-01	6.209883096424434479e-02
6.022460937499997113e-01	9.087968500699848684e-02
5.363281249999996003e-01	7.449073567061462176e-02
3.775390624999994116e-01	5.077230883731460864e-02
4.455078124999995448e-01	5.754561253564706436e-02
4.692382812499995559e-01	6.056114700523640426e-02
5.088867187499994671e-01	6.516411387061449290e-02
4.388671874999994782e-01	5.434837599393740892e-02
5.621093749999995781e-01	7.275421755933247914e-02
4.873046874999995559e-01	5.996238906340693037e-02
4.166992187499994893e-01	4.984682641443778650e-02
5.002929687499995115e-01	6.120659866245483499e-02
5.054687499999994671e-01	6.092683964068350277e-02
