3.666992187499994449e-01	8.887345898760297402e-02
3.287109374999994116e-01	7.808778550385646333e-02
6.468749999999996447e-01	1.590197814058360304e-01
3.451171874999994782e-01	7.692443020262168529e-02
7.262695312499998224e-01	1.879577389508192975e-01
3.916015624999994449e-01	7.745135703972300112e-02
5.722656249999996669e-01	1.187706501852118374e-01
4.688476562499995781e-01	8.813507884829387129e-02
3.774414062499994449e-01	7.145514439207899249e-02
5.253906249999995559e-01	9.406903489840447163e-02
7.025390624999998668e-01	1.433503113535719298e-01
4.668945312499995781e-01	8.011248723897657076e-02
5.799804687499995337e-01	1.003849393589979211e-01
5.233398437499995337e-01	8.638035239035792012e-02
5.275390624999996003e-01	8.454476284612089110e-02
4.717773437499995781e-01	7.184802735150561115e-02
5.017578124999995115e-01	7.374533679589159729e-02
5.087890624999995559e-01	7.707898145050261218e-02
5.617187499999996003e-01	8.224794473321828114e-02
4.737304687499994671e-01	6.956893703650254834e-02
3.985351562499994671e-01	5.887120440414005812e-02
4.941406249999995559e-01	6.836543772051663359e-02
4.904296874999995448e-01	6.806705651977051907e-02
5.822265624999996003e-01	8.168504004549236031e-02
5.476562499999995115e-01	7.285010380243359118e-02
5.328124999999995781e-01	7.048582429348936029e-02
5.232421874999995115e-01	6.682029658797926375e-02
4.123046874999994893e-01	5.487625922154667352e-02
4.066406249999994227e-01	5.208593354308400231e-02
3.792968749999994227e-01	5.005642540583474936e-02
5.070312499999996003e-01	6.175797987304214309e-02
4.927734374999995781e-01	5.854159761716808824e-02
5.450195312499996891e-01	6.553323124057809645e-02
4.637695312499995337e-01	5.410927491881933893e-02
4.220703124999994893e-01	4.918125369243304956e-02
