5.400390624999997780e-01	1.552269110183891465e-01
4.527343749999994671e-01	1.128287040295363752e-01
3.714843749999994227e-01	8.467423690773637213e-02
3.212890624999993894e-01	7.065175061825147707e-02
6.847656249999997113e-01	2.094733231348371028e-01
4.374999999999995004e-01	9.503380356926151296e-02
4.259765624999994893e-01	8.762905484280560098e-02
4.586914062499994893e-01	9.330511340555167066e-02
4.597656249999995115e-01	8.992537801240170492e-02
4.081054687499994227e-01	7.434211835730278328e-02
5.667968749999996447e-01	1.218757338575789245e-01
4.242187499999994782e-01	7.428561885090537165e-02
5.091796874999994227e-01	9.587833629392018830e-02
5.810546874999995559e-01	1.165927212848035105e-01
4.096679687499994449e-01	6.716870890308278275e-02
4.146484374999994671e-01	6.702113490571701138e-02
5.832031249999996003e-01	1.106720955547330909e-01
4.670898437499995115e-01	7.484527209455903163e-02
4.999023437499995337e-01	8.107657291593399485e-02
5.337890624999996891e-01	8.912523152206468235e-02
7.150390624999998224e-01	1.501749655021404894e-01
4.666992187499995337e-01	6.995404082716209782e-02
5.120117187499995115e-01	7.884879982784454011e-02
5.757812499999996891e-01	9.285007197288065728e-02
4.264648437499994893e-01	5.835291816479080962e-02
5.085937499999995115e-01	7.261566337646392644e-02
4.384765624999995004e-01	5.894284633248368654e-02
5.214843749999996669e-01	7.334652873616212543e-02
4.846679687499995115e-01	6.529377856149211345e-02
6.296874999999996225e-01	1.017933448077611713e-01
4.493164062499994671e-01	5.680518313406123648e-02
4.542968749999994893e-01	5.808449604088699453e-02
4.687499999999995559e-01	5.934137544170466766e-02
4.117187499999994671e-01	4.920636491626004250e-02
4.849609374999995781e-01	6.055698570319097834e-02
