6.108398437499995559e-01	1.543372467197289821e-01
5.374999999999996447e-01	1.249099268584276806e-01
5.287109374999994227e-01	1.151726799410287549e-01
2.005859374999993117e-01	7.084755463095071537e-02
7.142578124999996447e-01	1.658290576716265063e-01
4.228515624999995004e-01	9.074549539513492025e-02
4.655273437499994893e-01	9.197649296242293993e-02
6.210937499999997780e-01	1.217552708515245163e-01
4.781249999999995226e-01	9.020963870298043252e-02
6.204101562499997335e-01	1.133697263775423070e-01
4.287109374999995004e-01	7.941631028062305642e-02
5.380859374999995559e-01	9.320405006326847042e-02
6.416992187499996891e-01	1.097588647688151620e-01
5.193359374999995115e-01	8.403671159824738224e-02
4.152343749999994893e-01	7.446489974956556346e-02
5.286132812499995115e-01	8.183060403674395633e-02
4.976562499999995781e-01	7.810970884518704527e-02
4.807617187499995115e-01	7.254588147743691595e-02
5.347656249999995781e-01	7.836533855990907016e-02
4.427734374999995337e-01	6.776879624311479833e-02
3.604492187499994671e-01	6.471167854247733553e-02
5.175781249999995559e-01	7.290078172911669541e-02
4.878906249999995781e-01	6.711431883068176563e-02
5.569335937499996225e-01	7.306936789562268331e-02
4.624999999999995226e-01	6.100744962405743599e-02
5.658203124999996447e-01	7.414388871754944155e-02
5.012695312499996225e-01	6.431821723445965699e-02
5.625976562499995781e-01	7.087029502965927485e-02
5.954101562499997113e-01	7.486049612100688366e-02
5.319335937499994893e-01	6.592411148766193218e-02
4.802734374999995115e-01	6.073705050431157937e-02
4.533203124999994893e-01	5.792840473214608266e-02
5.017578124999995115e-01	5.988940827046871501e-02
5.986328124999995559e-01	7.088733069809582954e-02
4.583984374999995337e-01	5.579167076120214452e-02
