6.521484374999997335e-01	1.593326609280929229e-01
5.754882812499996225e-01	1.298077192805117686e-01
6.042968749999996225e-01	1.292939543096370825e-01
5.110351562499995115e-01	1.104415698947466690e-01
5.682617187499996447e-01	1.151741847168643029e-01
3.313476562499994005e-01	9.649683876904248392e-02
3.678710937499994893e-01	9.036386541359099633e-02
5.874999999999996891e-01	1.059595080694998165e-01
3.942382812499994893e-01	8.701759247331861125e-02
3.274414062499994005e-01	8.245635502087038382e-02
5.995117187499996447e-01	1.044280661295663160e-01
5.026367187499996003e-01	8.156522592320022969e-02
4.618164062499995337e-01	8.195541350539577163e-02
6.436523437499996891e-01	1.039935990939941102e-01
5.310546874999995115e-01	8.448076054299996640e-02
4.361328124999995226e-01	7.124504661074179679e-02
4.553710937499995115e-01	7.646890177037554692e-02
5.162109374999994671e-01	7.843231342261849925e-02
5.012695312499996225e-01	7.427087626574614687e-02
6.069335937499996669e-01	8.543705843183121984e-02
5.236328124999996003e-01	7.478054114937281172e-02
5.218749999999996447e-01	7.344498371666238756e-02
5.224609374999995559e-01	7.208431996996512992e-02
4.390624999999994671e-01	6.599731398194086385e-02
3.791015624999994338e-01	6.720540905247074370e-02
4.897460937499995559e-01	6.678067324390569992e-02
4.960937499999995559e-01	6.617114669025095375e-02
5.050781249999994893e-01	6.535396599700292464e-02
4.717773437499995781e-01	6.267586704318886537e-02
4.980468749999995559e-01	6.328215719586495480e-02
4.669921874999995448e-01	6.120845777661262227e-02
5.679687499999996891e-01	6.819469909582194511e-02
5.562499999999995781e-01	6.594118390403590213e-02
5.002929687499995115e-01	6.118365116352916105e-02
3.980468749999994671e-01	5.733443472477828956e-02
