4.073242187499994671e-01	8.492880833179118627e-02
6.480468749999996891e-01	1.529170050607913389e-01
5.237304687499995115e-01	1.074729518372402465e-01
2.982421874999993672e-01	6.913447916615016176e-02
4.185546874999995226e-01	7.801165864163313313e-02
3.374023437499994449e-01	6.678737853033585303e-02
4.034179687499994671e-01	7.385592103933279196e-02
4.892578124999995004e-01	8.594073966167486978e-02
4.243164062499994449e-01	7.349040491693503707e-02
3.783203124999994227e-01	6.273150436038703315e-02
3.740234374999994449e-01	6.069954613035061924e-02
4.630859374999995448e-01	7.242428460143500446e-02
5.473632812499995559e-01	8.977466112390627972e-02
5.174804687499995337e-01	8.240638382562059938e-02
5.192382812499996003e-01	8.059591055444774443e-02
5.162109374999994671e-01	7.812575771689173054e-02
3.782226562499994005e-01	5.374152629383256025e-02
5.615234374999995559e-01	8.596053635634343104e-02
4.760742187499995559e-01	6.734989365178428722e-02
5.215820312499996891e-01	7.400953618635934539e-02
5.677734374999996447e-01	8.115659356152460369e-02
4.716796874999995559e-01	6.333355365137287307e-02
3.768554687499994227e-01	4.998821852518989944e-02
4.361328124999995226e-01	5.436005049689584395e-02
4.827148437499995115e-01	6.230097283646541390e-02
4.933593749999996003e-01	6.162134607184483609e-02
5.440429687499995781e-01	7.038460182428045442e-02
5.269531249999995781e-01	6.609972600837871193e-02
5.664062499999995559e-01	7.308997598830459241e-02
5.755859374999996447e-01	7.398814797905926832e-02
4.471679687499995337e-01	5.238392423874112247e-02
4.708984374999995448e-01	5.450545007280370446e-02
4.317382812499994671e-01	4.974737012573140355e-02
4.404296874999995004e-01	4.976562634952797631e-02
4.659179687499994671e-01	5.193700741785460540e-02
