5.846679687499996003e-01	1.381596322651910125e-01
5.056640624999995115e-01	1.098616611450414365e-01
4.180664062499994671e-01	9.103424743851547263e-02
5.757812499999996891e-01	1.207328895947041431e-01
4.539062499999995115e-01	8.873318946845885902e-02
4.334960937499995337e-01	8.032198263568809948e-02
4.929687499999995670e-01	8.694300892115579271e-02
5.487304687499995337e-01	9.794647927965539902e-02
5.481445312499996225e-01	9.351148067579144463e-02
6.533203124999997780e-01	1.195289933895642420e-01
4.052734374999994449e-01	6.968055487857270636e-02
5.819335937499995337e-01	9.813201835626858549e-02
4.028320312499994449e-01	6.395841864218010375e-02
5.502929687499995559e-01	8.656748317745963095e-02
5.701171874999997335e-01	8.964840189048518815e-02
6.123046874999995559e-01	9.584598456570241065e-02
4.661132812499995115e-01	6.923956821842221221e-02
5.772460937499995781e-01	8.502962078566411730e-02
5.749023437499996003e-01	8.138656370768737602e-02
4.766601562499995781e-01	6.687035769284324638e-02
5.150390624999996447e-01	7.094909684567302088e-02
5.228515624999996447e-01	7.035554980849977047e-02
4.931640624999995559e-01	6.543016108814624088e-02
4.501953124999995004e-01	5.855804230922563580e-02
4.283203124999994671e-01	5.376257985974955411e-02
3.653320312499994671e-01	5.317292427312624720e-02
5.736328124999996447e-01	7.199485319657832061e-02
4.188476562499995337e-01	5.265772366260144943e-02
5.405273437499996669e-01	6.667650820203126216e-02
5.357421874999996891e-01	6.450759438874259510e-02
5.918945312499996891e-01	7.309427485557604132e-02
4.447265624999995337e-01	5.202117113604869114e-02
5.291992187499995337e-01	6.123121166368292179e-02
6.395507812499997558e-01	7.934446735017192109e-02
3.986328124999994338e-01	4.810750058642965926e-02
