6.021484374999996891e-01	1.383797344252586381e-01
4.024414062499994671e-01	9.515921589847757545e-02
5.850585937499995781e-01	1.226805463012135139e-01
6.697265624999997335e-01	1.478347145460182921e-01
5.885742187499997113e-01	1.173619531560828322e-01
3.283203124999993783e-01	8.206737077935805091e-02
5.143554687499994893e-01	9.843325652937028047e-02
5.083984374999994671e-01	9.411656117926610332e-02
6.241210937499995781e-01	1.109277918369519500e-01
5.629882812499995559e-01	9.816594206880691065e-02
4.786132812499995781e-01	8.449910589887994761e-02
5.058593749999995559e-01	8.500142480334482720e-02
5.559570312499996225e-01	9.133154515415189967e-02
4.473632812499995781e-01	7.559126708285825169e-02
5.147460937499995781e-01	7.980998236874380092e-02
5.350585937499995337e-01	7.878351866119384650e-02
4.089843749999995115e-01	7.003589997757950214e-02
4.730468749999995337e-01	6.963269999816017186e-02
5.381835937499995781e-01	7.623276122429610557e-02
6.094726562499995781e-01	8.623842812621272669e-02
4.166992187499994893e-01	6.270028995332711796e-02
4.405273437499994671e-01	6.519218253828718002e-02
4.336914062499994671e-01	6.239273757847556279e-02
4.816406249999994893e-01	6.417108182649403081e-02
5.193359374999995115e-01	6.752223747024201084e-02
4.908203124999995226e-01	6.363248939748794575e-02
3.049804687499992895e-01	6.297448009804652858e-02
4.512695312499995781e-01	5.886543714860090898e-02
5.374999999999996447e-01	6.580135849380450153e-02
5.297851562499995559e-01	6.319343105280091077e-02
5.493164062499996669e-01	6.608770937127143863e-02
5.553710937499994893e-01	6.550034986581426688e-02
5.457031249999996225e-01	6.325188025359868016e-02
4.018554687499994449e-01	5.353328822570046358e-02
4.759765624999995337e-01	5.545637811845623155e-02
