5.262695312499996447e-01	1.370855582870813827e-01
4.745117187499995337e-01	1.204787286839128502e-01
7.392578124999997780e-01	1.963939885685366260e-01
4.695312499999995670e-01	1.016624264698974267e-01
5.103515624999994671e-01	1.125225321933138595e-01
4.035156249999994893e-01	8.984530012457575543e-02
5.057617187499995337e-01	9.836700373857006074e-02
4.282226562499994449e-01	8.391699050713231911e-02
6.927734374999996447e-01	1.487325256950696173e-01
5.503906249999995781e-01	1.041165075799029838e-01
5.321289062499995337e-01	9.412428964778402074e-02
4.028320312499994449e-01	7.343234551044236502e-02
5.381835937499995781e-01	9.143036191302827964e-02
4.716796874999995559e-01	7.783736299732668673e-02
4.295898437499994227e-01	7.120762879897406250e-02
5.199218749999996447e-01	8.390676203170226166e-02
5.090820312499995115e-01	7.928576509762137736e-02
5.713867187499996891e-01	8.878825219288857817e-02
4.927734374999995781e-01	7.319153466069285019e-02
4.932617187499995781e-01	6.991899808714026332e-02
4.939453124999995670e-01	6.945618937876803234e-02
4.781249999999995226e-01	6.749962959982165611e-02
4.953124999999996003e-01	6.743837363651282446e-02
5.079101562499995781e-01	6.931128281608736619e-02
5.426757812499996003e-01	7.247725860887074822e-02
5.818359374999995115e-01	7.851996336286541645e-02
5.226562499999996003e-01	6.666797391234965953e-02
5.166992187499995781e-01	6.591421797818687589e-02
4.933593749999996003e-01	6.135174668748335364e-02
5.111328124999994227e-01	6.402965129451075599e-02
4.818359374999995337e-01	5.840107162118432504e-02
5.403320312499997335e-01	6.629315601269784863e-02
4.356445312499995781e-01	5.291810011023457411e-02
3.757812499999994560e-01	4.934049009631067545e-02
5.193359374999995115e-01	5.942643885676740512e-02
