3.105468749999994449e-01	8.566729020526256400e-02
6.379882812499997335e-01	1.612283320984402857e-01
7.840820312499998668e-01	2.185650300966892889e-01
4.329101562499995115e-01	9.761201312372744243e-02
4.891601562499995337e-01	1.053122468879646306e-01
6.193359374999996003e-01	1.328934373976979610e-01
3.846679687499994227e-01	7.938266127948863382e-02
4.962890624999995448e-01	9.599861697280283324e-02
6.665039062499996669e-01	1.429729750442584602e-01
4.055664062499994005e-01	7.511880200324420886e-02
5.128906249999994893e-01	9.284739843036904361e-02
3.976562499999994893e-01	6.986735925877972375e-02
4.561523437499994671e-01	7.767576185509279807e-02
5.229492187499995559e-01	8.986625735525559378e-02
4.298828124999994338e-01	6.946409268841399753e-02
4.273437499999994671e-01	6.778732880477077172e-02
5.747070312499996669e-01	9.795901226967800024e-02
4.318359374999994893e-01	6.634337193162447022e-02
4.697265624999995559e-01	7.053219134728581918e-02
4.885742187499995115e-01	7.272874273087635844e-02
5.198242187499996225e-01	7.654848815515082061e-02
4.262695312499995559e-01	6.079534526239141479e-02
5.283203124999995559e-01	7.689978822411026871e-02
5.300781249999995115e-01	7.769151248505747065e-02
4.373046874999995115e-01	5.978862338767695905e-02
7.004882812499997335e-01	1.201193388813551616e-01
5.084960937499994893e-01	6.913317263780337230e-02
5.243164062499995337e-01	7.155167361556651062e-02
5.203124999999996225e-01	6.972975556097465999e-02
5.495117187499996003e-01	7.414461349672345214e-02
4.703124999999995781e-01	5.919779916433322992e-02
5.779296874999995115e-01	7.843906468157721412e-02
4.102539062499994671e-01	4.914901403461437862e-02
4.538085937499994893e-01	5.510348824258502753e-02
4.222656249999995337e-01	4.955276286083643705e-02
