4.158203124999994560e-01	9.721491334296707143e-02
5.466796874999995115e-01	1.204201169359477991e-01
4.856445312499996225e-01	1.061465621421715383e-01
6.095703124999996003e-01	1.396675121348330273e-01
4.473632812499995781e-01	8.811218189844922943e-02
5.446289062499997113e-01	1.087192311603986938e-01
4.791015624999995226e-01	8.896373443906167855e-02
5.383789062499996225e-01	1.009217217849045084e-01
6.486328124999996003e-01	1.376030127956432147e-01
4.673828124999995226e-01	8.181532957952150631e-02
4.847656249999995337e-01	8.455997241158519362e-02
4.449218749999995781e-01	7.515576209275827424e-02
4.661132812499995115e-01	7.829942370528071571e-02
3.870117187499994005e-01	6.023873718930156801e-02
4.741210937499995559e-01	7.700852269312065401e-02
3.462890624999994116e-01	5.355633699940500619e-02
4.464843749999994893e-01	6.908041058135684642e-02
3.338867187499994227e-01	4.937661684875137985e-02
4.240234374999994893e-01	6.320227920988950865e-02
5.322265624999995559e-01	8.573703811462213276e-02
3.999999999999994671e-01	5.542707083545612978e-02
4.747070312499995781e-01	7.102903326906295778e-02
5.109374999999994893e-01	7.523114115793776147e-02
4.542968749999994893e-01	6.474650628216677140e-02
6.845703124999997780e-01	1.250002659267818450e-01
4.272460937499994449e-01	5.664973881141343454e-02
5.396484374999996891e-01	7.966024406555592685e-02
5.163085937499994893e-01	7.357192803702722328e-02
4.400390624999994671e-01	5.559327171140989593e-02
7.231445312499997780e-01	1.317973728213238660e-01
3.950195312499995559e-01	4.879444411535788229e-02
3.695312499999994782e-01	4.512008048248714043e-02
5.404296874999996447e-01	7.480638360747784987e-02
5.643554687499995337e-01	7.939313874426062734e-02
4.898437499999995226e-01	6.269323549544485175e-02
