5.690429687499996003e-01	1.416454746241815610e-01
5.412109374999996003e-01	1.268476039622020157e-01
4.611328124999995448e-01	1.038327899745936922e-01
5.082031249999995337e-01	1.039884934712307363e-01
4.709960937499995115e-01	9.710530229730875151e-02
5.138671874999996003e-01	9.756382221830638135e-02
5.476562499999995115e-01	9.992135128132093036e-02
4.090820312499995337e-01	7.871210173644202501e-02
4.481445312499995337e-01	7.864644689927957621e-02
3.776367187499993783e-01	7.516505606548716523e-02
4.724609374999995670e-01	8.076634018388181846e-02
3.777343749999994005e-01	6.849841810392803820e-02
4.057617187499994449e-01	6.932336060651614340e-02
5.143554687499994893e-01	8.256337777744938988e-02
5.478515624999995559e-01	8.477516293139486514e-02
4.950195312499996447e-01	7.434156508009621966e-02
5.805664062499996669e-01	8.957783481848924367e-02
5.768554687499996003e-01	8.561074008029834204e-02
4.476562499999995337e-01	6.415699202681160451e-02
4.275390624999994560e-01	6.382547321924439410e-02
4.672851562499995559e-01	6.658772786782329867e-02
4.075195312499995115e-01	5.839250253094040860e-02
5.105468749999995115e-01	6.738108479233760606e-02
4.629882812499995781e-01	6.271127438569321089e-02
4.251953124999994782e-01	5.713583412595758804e-02
5.495117187499996003e-01	7.187856373748462147e-02
5.834960937499996669e-01	7.505490958500884990e-02
4.478515624999995226e-01	5.666074786828774468e-02
4.928710937499996003e-01	5.978220203854844178e-02
5.784179687499995115e-01	7.171676451829342436e-02
4.671874999999995337e-01	5.697759170532099016e-02
6.024414062499997558e-01	7.395673120885923324e-02
4.410156249999994671e-01	5.267222670284144037e-02
5.396484374999996891e-01	6.180968981419594777e-02
5.789062499999995115e-01	6.697376414309086368e-02
