3.163085937499994227e-01	8.360692640830708067e-02
6.768554687499996891e-01	1.745187874323622934e-01
6.190429687499996447e-01	1.420171436562643885e-01
5.843749999999996447e-01	1.257295725411811393e-01
3.708007812499994893e-01	8.436634121767316863e-02
5.287109374999994227e-01	1.063006178283332631e-01
6.745117187499997113e-01	1.428663406644540834e-01
5.520507812499996225e-01	1.027664399312821081e-01
5.759765624999997335e-01	1.040805396506843117e-01
4.258789062499994671e-01	7.868677643299870628e-02
4.869140624999995226e-01	8.355692990337344750e-02
3.662109374999994449e-01	6.816026513108174034e-02
6.953124999999997780e-01	1.242290491143442227e-01
3.563476562499994227e-01	6.697923600169723712e-02
4.582031249999994893e-01	7.362827483676469276e-02
5.271484374999995115e-01	8.281860538807404859e-02
3.692382812499994671e-01	6.323229079053187263e-02
4.734374999999995115e-01	7.167342827473620337e-02
5.031249999999996003e-01	7.281782827534943880e-02
3.988281249999994227e-01	6.131571456780203488e-02
5.590820312499995559e-01	7.965976412446247601e-02
5.365234374999996447e-01	7.468044978052013061e-02
5.749999999999996225e-01	7.803059292694433657e-02
6.515624999999997113e-01	9.194150830110887906e-02
4.758789062499995115e-01	6.444129617013469313e-02
5.166992187499995781e-01	6.631343110180860922e-02
6.539062499999996891e-01	8.899440698847806142e-02
4.514648437499995115e-01	5.918615830799618671e-02
4.044921874999994338e-01	5.395064209295675345e-02
4.386718749999994893e-01	5.576290276996873074e-02
3.982421874999994560e-01	5.230268320803720117e-02
5.065429687499994893e-01	6.074251373316900265e-02
4.064453124999994338e-01	5.137273774815260402e-02
5.994140624999997335e-01	7.227799469033334423e-02
4.479492187499994893e-01	5.266736962182371612e-02
