4.991210937499995781e-01	1.095204329431948426e-01
3.234374999999993783e-01	8.763327834280711104e-02
3.903320312499994893e-01	8.408437502911361716e-02
5.683593749999996669e-01	1.128926598427422573e-01
3.124999999999913958e-02	nan
4.536132812499995559e-01	9.081760692510409960e-02
6.838867187499997335e-01	1.408847791285829931e-01
4.910156249999995115e-01	8.988321223917530856e-02
4.524414062499995115e-01	7.724236163592583526e-02
3.328124999999994005e-01	6.824905850444308586e-02
6.072265624999997335e-01	1.094721211561838631e-01
3.748046874999994560e-01	6.737234591254047389e-02
6.153320312499996891e-01	1.072633557784195002e-01
5.151367187499995559e-01	8.119499983724953740e-02
5.740234374999995115e-01	9.058640386959748714e-02
4.627929687499995337e-01	7.127880461257540823e-02
4.333984374999995115e-01	6.599048677254708284e-02
4.428710937499995559e-01	6.569252205117857846e-02
4.770507812499995559e-01	6.968960226624743015e-02
5.766601562499996669e-01	8.656775881365588732e-02
3.867187499999994449e-01	5.455206456494372108e-02
5.334960937499996225e-01	7.428711495055435876e-02
5.590820312499995559e-01	7.930117821453069871e-02
5.492187499999996447e-01	7.565604336688444564e-02
5.884765624999996891e-01	8.214907758766487600e-02
4.491210937499995337e-01	5.804359978062917369e-02
4.876953124999995337e-01	6.249609850650743315e-02
3.208984374999994116e-01	4.581908183744511087e-02
4.720703124999995337e-01	5.845284977075543981e-02
5.915039062499997113e-01	7.859458053495013696e-02
4.100585937499995337e-01	5.048812242356471441e-02
4.250976562499995115e-01	5.092762338974138325e-02
4.000976562499994893e-01	4.800253216625632174e-02
5.758789062499997113e-01	7.076140802879091196e-02
4.333984374999995115e-01	5.069293384701342720e-02
