2.758789062499993339e-01	7.555208063991139533e-02
7.202148437499997780e-01	2.051612798824209716e-01
4.319335937499995115e-01	9.858602629921343896e-02
8.297851562499998224e-01	2.371209721688098959e-01
4.776367187499994671e-01	1.081037050546912320e-01
5.024414062499996669e-01	1.081202942384192900e-01
3.867187499999994449e-01	9.079898710633348136e-02
3.208984374999994116e-01	7.856028866523237508e-02
3.483398437499993783e-01	8.158202294968704138e-02
3.287109374999994116e-01	7.642774946585612073e-02
6.445312499999997780e-01	1.280220333664648380e-01
4.919921874999995670e-01	9.602357305900595386e-02
6.160156249999996225e-01	1.164599562614498790e-01
5.929687499999996003e-01	1.080979824327227001e-01
4.975585937499995559e-01	9.106373091021691124e-02
5.535156249999996225e-01	1.012937629816967749e-01
5.632812499999995115e-01	1.034263813853668751e-01
4.142578124999994338e-01	8.301873875151531690e-02
5.439453124999995559e-01	9.808200866471483703e-02
6.170898437499996447e-01	1.040119270730218565e-01
5.042968749999995337e-01	9.060996524182415857e-02
4.245117187499994893e-01	8.565679752629290489e-02
4.176757812499994893e-01	8.376287886349381706e-02
4.781249999999995226e-01	8.756713062959964322e-02
3.670898437499994227e-01	7.527739326177421142e-02
4.684570312499996003e-01	8.347759992943649954e-02
4.523437499999994893e-01	7.958110426684360250e-02
5.045898437499994893e-01	7.972302035671184617e-02
4.925781249999995337e-01	8.173039265875707560e-02
4.464843749999994893e-01	7.963742546485637341e-02
5.534179687499996003e-01	7.965396479650425909e-02
4.446289062499995115e-01	7.888879445548023506e-02
4.690429687499995115e-01	7.709763682044296074e-02
5.576171874999995559e-01	7.927233115042092715e-02
4.572265624999994893e-01	7.506888235296922673e-02
