5.295898437499995115e-01	1.136366288905389932e-01
3.496093749999994449e-01	8.418477825285607119e-02
3.405273437499993783e-01	7.978596306718054032e-02
4.708007812499995781e-01	9.125860815807958215e-02
4.141601562499994671e-01	7.885032584146454970e-02
6.695312499999996891e-01	1.357888627905608214e-01
4.727539062499995781e-01	8.252705860973186258e-02
5.560546874999996447e-01	9.720040513759345413e-02
5.563476562499996003e-01	9.697084507587426516e-02
4.833984374999995559e-01	8.009440391718568308e-02
3.223632812499994671e-01	6.798745327233206293e-02
3.817382812499994227e-01	6.484697375153213039e-02
4.041015624999994560e-01	6.581597905100999846e-02
5.052734374999994227e-01	7.652014327421843842e-02
5.038085937499995337e-01	7.519329275251591949e-02
5.103515624999994671e-01	7.386305971437351348e-02
5.483398437499995559e-01	8.027676968465191631e-02
5.404296874999996447e-01	7.768831635576721462e-02
4.359374999999995337e-01	6.261943442381706637e-02
4.187499999999995115e-01	5.867305636867846397e-02
4.489257812499994893e-01	6.065762685894098005e-02
3.680664062499994227e-01	5.464281145381182092e-02
4.595703124999995226e-01	6.135062041952013545e-02
4.657226562499995337e-01	6.065190245487640797e-02
4.036132812499995115e-01	5.338539771878406809e-02
5.341796874999995559e-01	6.695589003197070788e-02
5.068359374999995559e-01	6.292764825828472963e-02
4.126953124999994671e-01	5.219550338635284975e-02
4.852539062499995337e-01	5.800551216467744048e-02
6.369140624999998224e-01	8.107122812725568728e-02
5.077148437499995337e-01	5.967370331498104974e-02
5.063476562499995559e-01	5.871682133644449270e-02
4.844726562499995781e-01	5.609365891107213203e-02
4.106445312499995559e-01	4.845956241434479228e-02
4.932617187499995781e-01	5.541577710174503540e-02
