4.687499999999995559e-01	1.224028194692957927e-01
5.211914062499997113e-01	1.272909983920361143e-01
4.537109374999995226e-01	1.045073530861402034e-01
3.334960937499994449e-01	7.499337358363132588e-02
5.663085937499995337e-01	1.272657332900248017e-01
2.920898437499993561e-01	7.208919067182982532e-02
4.865234374999995448e-01	9.890469229398937689e-02
6.941406249999997335e-01	1.595184729938809443e-01
5.348632812499996003e-01	1.013890715705606932e-01
4.432617187499995337e-01	8.445520634843302343e-02
5.146484374999995559e-01	9.311593346360197421e-02
4.305664062499994227e-01	7.770746392390918966e-02
5.443359374999996447e-01	9.580219905164755190e-02
4.455078124999995448e-01	7.351630519105971373e-02
3.983398437499994227e-01	6.679646000559633090e-02
6.107421874999996447e-01	1.046083560103592547e-01
4.855468749999996003e-01	7.716227454161098120e-02
5.476562499999995115e-01	8.619698327536655380e-02
4.784179687499995337e-01	7.166222432434835032e-02
4.586914062499994893e-01	6.829072806304617438e-02
4.994140624999995337e-01	7.085688873216967887e-02
5.469726562499995781e-01	7.911613946451018231e-02
4.818359374999995337e-01	6.678317222471633063e-02
2.972656249999994227e-01	5.245069895879459626e-02
3.866210937499994227e-01	5.366621895146642812e-02
4.698242187499995781e-01	6.306500839986960150e-02
5.319335937499994893e-01	7.072863674086721231e-02
6.821289062499996669e-01	1.006582669126119822e-01
4.163085937499995115e-01	5.377638070044452739e-02
5.475585937499994893e-01	7.006264841718598535e-02
5.870117187499996891e-01	7.626383162142123806e-02
3.955078124999995004e-01	4.978427061985508939e-02
6.659179687499996447e-01	9.165958491115785978e-02
5.374999999999996447e-01	6.551298948151568213e-02
3.737304687499993783e-01	4.754930119030074259e-02
