5.479492187499995781e-01	1.260012461985053067e-01
5.344726562499996225e-01	1.209631615959336909e-01
6.581054687499996447e-01	1.520219232751954530e-01
4.296874999999994449e-01	9.354369114348605463e-02
4.322265624999994671e-01	8.710621258815662293e-02
3.876953124999994449e-01	8.780540816529124049e-02
4.253906249999994671e-01	8.894417473845618594e-02
4.840820312499996003e-01	9.939280310439910227e-02
4.829101562499995559e-01	9.816350271470769551e-02
3.858398437499994671e-01	8.546533694458575969e-02
4.136718749999994671e-01	8.744969745327595134e-02
5.514648437499996003e-01	9.853820708546116858e-02
5.002929687499995115e-01	9.328706184827781356e-02
7.230468749999997558e-01	1.240964282189008089e-01
4.616210937499994893e-01	8.822991321309688051e-02
5.318359374999994671e-01	9.455689101029135513e-02
3.246093749999994227e-01	7.816029148387251824e-02
4.755859374999995559e-01	8.642273780023806973e-02
3.809570312499994671e-01	8.078404559274532382e-02
6.441406249999996891e-01	9.777165606101186068e-02
5.737304687499995559e-01	8.999472321408806541e-02
4.625976562499994893e-01	8.411684975297702149e-02
5.445312499999996891e-01	8.642888440189287758e-02
4.913085937499995781e-01	8.286975998092817319e-02
5.704101562499996891e-01	8.399093410124987280e-02
5.606445312499995781e-01	8.264818790630631962e-02
4.502929687499994671e-01	8.042141274818354058e-02
4.465820312499995115e-01	7.554160007356423845e-02
5.308593749999995781e-01	8.077708135875015516e-02
3.232421874999993894e-01	7.639077783730441329e-02
4.653320312499995559e-01	7.659458500744671661e-02
4.448242187499995559e-01	7.351277534161099192e-02
3.481445312499994449e-01	7.145410949009403656e-02
5.221679687499996003e-01	7.493082987652111004e-02
2.923828124999993672e-01	7.237397335065391679e-02
