4.589843749999995559e-01	1.041024189766879132e-01
4.454101562499995781e-01	9.657023064453047756e-02
5.330078124999995115e-01	1.112843313428005937e-01
5.526367187499996447e-01	1.122068480657055917e-01
5.255859374999996003e-01	1.028971835252754374e-01
6.089843749999995781e-01	1.232322914190962238e-01
4.545898437499994449e-01	7.942573596116349333e-02
4.595703124999995226e-01	7.900606001667170863e-02
4.192382812499995115e-01	7.118974549730759660e-02
2.569335937499993561e-01	6.473797438086048572e-02
5.037109374999995115e-01	8.428380407232304028e-02
4.627929687499995337e-01	7.437291756018045430e-02
6.073242187499996447e-01	1.051430816289876113e-01
5.480468749999996003e-01	8.936499475879147725e-02
4.709960937499995115e-01	7.079654186073260080e-02
4.940429687499995337e-01	7.224553546777237600e-02
5.622070312499996003e-01	8.651362548840055289e-02
4.819335937499995559e-01	6.909690662072501266e-02
6.274414062499996669e-01	9.877397541926803692e-02
5.165039062499995337e-01	7.175438566240752158e-02
4.934570312499996225e-01	6.764551739974014599e-02
4.182617187499995115e-01	5.556623276425576990e-02
4.870117187499994893e-01	6.446528651090931150e-02
4.233398437499994449e-01	5.532865054874016447e-02
5.710937499999997335e-01	7.789355903369780953e-02
5.391601562499996891e-01	7.008213750441462386e-02
5.658203124999996447e-01	7.405871733521347811e-02
4.749023437499995115e-01	5.899358862722402924e-02
5.271484374999995115e-01	6.565422398169813711e-02
6.523437499999997780e-01	8.965764529056409471e-02
5.338867187499996003e-01	6.492812369186193311e-02
4.491210937499995337e-01	5.203998992368903675e-02
4.447265624999995337e-01	5.150378198040957839e-02
4.109374999999995115e-01	4.718878597537053132e-02
4.612304687499995115e-01	5.300490499634689934e-02
