4.960937499999995559e-01	1.204705455014106752e-01
6.089843749999995781e-01	1.492257180527084559e-01
5.451171874999996003e-01	1.214225038429283809e-01
5.267578124999996447e-01	1.073505620965068408e-01
5.041015624999996003e-01	1.024109220122316199e-01
3.588867187499994449e-01	8.033650460926096415e-02
4.439453124999995226e-01	8.467132088191524353e-02
6.767578124999997780e-01	1.406342169563485622e-01
4.297851562499994671e-01	8.125044192907608653e-02
5.640624999999995781e-01	1.017793319063312329e-01
4.699218749999996003e-01	8.008916813698779835e-02
4.871093749999995115e-01	8.064410528262988542e-02
4.598632812499995337e-01	7.561523095957010943e-02
5.420898437499995781e-01	8.513922321828901185e-02
5.921874999999996447e-01	9.605863503098553691e-02
4.852539062499995337e-01	7.441358762366150070e-02
5.007812499999995115e-01	7.447619623277482170e-02
4.218749999999995004e-01	6.402784872886692347e-02
5.007812499999995115e-01	7.269328305495066644e-02
4.103515624999994893e-01	6.219509379999937221e-02
5.043945312499995559e-01	6.985437190532996221e-02
4.603515624999995337e-01	6.391131971046493110e-02
3.884765624999994560e-01	5.624481116066424452e-02
4.194335937499995559e-01	5.859557608271173668e-02
6.223632812499997335e-01	8.607267674183258221e-02
5.333984374999996003e-01	6.792452087617621703e-02
5.871093749999997113e-01	7.618009670020192692e-02
4.283203124999994671e-01	5.661073839418195169e-02
4.732421874999995226e-01	5.897798164657409165e-02
4.749999999999995337e-01	5.772423774733759227e-02
4.853515624999995559e-01	5.849157846114204362e-02
5.325195312499996225e-01	6.253078599027604711e-02
4.252929687499994449e-01	5.216629330313864860e-02
4.783203124999995115e-01	5.574148219075233252e-02
4.865234374999995448e-01	5.571138228794118158e-02
