4.927734374999995781e-01	1.184080965684900094e-01
3.464843749999994005e-01	8.593509011087566152e-02
3.488281249999993783e-01	8.404388724446154590e-02
2.597656249999993339e-01	6.759622943674835349e-02
7.092773437499996225e-01	1.859269231600000072e-01
3.493164062499993783e-01	7.843977570982919867e-02
5.732421874999995559e-01	1.271139228112120600e-01
3.526367187499993561e-01	7.370496098891721193e-02
4.969726562499995337e-01	9.899761795326703084e-02
4.731445312499995559e-01	9.202078880571297470e-02
4.797851562499995115e-01	8.690051288637397342e-02
6.387695312499998002e-01	1.373541565144438259e-01
5.208984374999996447e-01	9.351098228538311241e-02
5.051757812499995115e-01	9.091018856813308513e-02
5.620117187499995559e-01	1.025180156612343907e-01
4.736328124999995004e-01	7.965021449064735304e-02
4.870117187499994893e-01	8.030198279649539139e-02
6.249999999999996669e-01	1.159322420369761630e-01
6.920898437499997113e-01	1.347884278682518200e-01
4.750976562499995559e-01	7.114663711419141889e-02
5.613281249999995115e-01	9.150677279651725504e-02
5.462890624999996447e-01	8.544138224152104943e-02
4.914062499999995448e-01	7.315423128747999826e-02
4.215820312499994893e-01	5.845691268602851154e-02
5.644531249999995559e-01	8.844471523943742142e-02
4.324218749999995115e-01	5.940947651374701988e-02
5.045898437499994893e-01	7.182161759517018129e-02
5.038085937499995337e-01	6.974871458319213680e-02
3.833007812499994449e-01	4.731618181809345292e-02
4.323242187499994893e-01	5.545047026876760710e-02
5.590820312499995559e-01	8.028342978545134623e-02
5.697265624999996447e-01	8.354294308135186420e-02
5.709960937499997113e-01	8.154402638715251006e-02
4.700195312499996225e-01	5.773825918688807457e-02
5.239257812499995559e-01	7.005268448970479456e-02
