4.498046874999995226e-01	1.080773069185811952e-01
5.158203124999996003e-01	1.173931995107025811e-01
5.609374999999995337e-01	1.247001905086851103e-01
5.483398437499995559e-01	1.162007405717984804e-01
4.211914062499995115e-01	8.411489993047811808e-02
5.038085937499995337e-01	9.717566448573522475e-02
5.307617187499995559e-01	9.867341180129195199e-02
4.281249999999994782e-01	7.860024811230183206e-02
4.928710937499996003e-01	8.483855800685810578e-02
7.163085937499996669e-01	1.539242653481686929e-01
3.626953124999994227e-01	6.378362032501341816e-02
4.731445312499995559e-01	7.849030106925646011e-02
4.146484374999994671e-01	6.764796475244598539e-02
4.618164062499995337e-01	7.292752895557752524e-02
6.568359374999996891e-01	1.189791774999232471e-01
4.976562499999995781e-01	7.648536805953236317e-02
4.721679687499995559e-01	7.036504642583900349e-02
3.794921874999994116e-01	5.627215959356297870e-02
5.374023437499996225e-01	8.023599520563258480e-02
4.445312499999995448e-01	6.214591108953963078e-02
4.393554687499994227e-01	6.120976265241716979e-02
5.221679687499996003e-01	7.377036263166840413e-02
5.258789062499996669e-01	7.432501767728899589e-02
5.475585937499994893e-01	7.524399252360020052e-02
5.368164062499997113e-01	7.288704229634133946e-02
3.556640624999993783e-01	4.847623546822352886e-02
6.497070312499997335e-01	9.569107230488931026e-02
4.519531249999995115e-01	5.640820436612043604e-02
4.483398437499994671e-01	5.585011152216728253e-02
5.373046874999996003e-01	6.847705236850373800e-02
5.400390624999997780e-01	6.939650573373461195e-02
4.235351562499994893e-01	5.029884639999432361e-02
4.400390624999994671e-01	5.200871719204795685e-02
3.950195312499995559e-01	4.554457037676797049e-02
5.616210937499995781e-01	6.999531021922850149e-02
