3.373046874999994227e-01	8.467479123076429581e-02
4.050781249999994005e-01	8.673942729360205328e-02
4.755859374999995559e-01	1.008053893612866347e-01
5.357421874999996891e-01	1.065639784424468051e-01
6.800781249999996447e-01	1.519922505180066885e-01
5.584960937499995337e-01	1.050729041012814502e-01
3.965820312499994671e-01	7.404659694163166772e-02
4.876953124999995337e-01	8.864413916007478356e-02
5.979492187499996225e-01	1.068022586957275560e-01
4.409179687499994449e-01	7.523285787362732346e-02
4.390624999999994671e-01	7.329501085566773877e-02
4.155273437499994449e-01	6.737449230815817369e-02
5.230468749999995781e-01	8.374509391764349553e-02
4.159179687499994227e-01	6.681596908002152002e-02
5.207031249999996003e-01	7.850495642361438042e-02
3.337890624999994005e-01	5.527612560670835257e-02
5.329101562499996003e-01	7.961903108957986419e-02
6.072265624999997335e-01	9.353778037533537482e-02
5.988281249999996003e-01	9.170932620769096932e-02
4.931640624999995559e-01	6.762485761399016082e-02
4.281249999999994782e-01	5.928136412199822014e-02
4.205078124999995226e-01	5.464026346995946165e-02
4.559570312499995337e-01	5.998395658863601987e-02
5.672851562499996447e-01	7.710494335278561540e-02
3.953124999999995115e-01	5.256582784740959635e-02
6.079101562499996669e-01	8.382862488004268198e-02
4.671874999999995337e-01	5.812323681261136882e-02
5.196289062499995781e-01	6.514571483909782634e-02
4.328124999999994893e-01	5.198624226306638313e-02
5.886718749999997335e-01	7.552633403208701413e-02
4.687499999999995559e-01	5.564151980990605234e-02
4.364257812499995337e-01	5.187213134434930095e-02
5.415039062499996669e-01	6.526158184874700230e-02
5.613281249999995115e-01	6.650073477604148686e-02
4.881835937499995337e-01	5.595568859506219739e-02
