4.503906249999994893e-01	1.142261985119118889e-01
6.031249999999996891e-01	1.492131434089174202e-01
5.137695312499995781e-01	1.173537431377743856e-01
4.447265624999995337e-01	9.566459763543201655e-02
6.408203124999998224e-01	1.458247893687147911e-01
6.340820312499997335e-01	1.353721478009216883e-01
4.169921874999995004e-01	8.116467614611962145e-02
4.732421874999995226e-01	9.156743221746660444e-02
4.872070312499995337e-01	9.162901388716564177e-02
4.958984374999995670e-01	8.984855471896187329e-02
6.136718749999996447e-01	1.150788945334720453e-01
5.508789062499995781e-01	9.951183877991501281e-02
5.280273437499994893e-01	9.145600601085145109e-02
3.923828124999994560e-01	6.490172755957784867e-02
4.133789062499995115e-01	6.651369738011835009e-02
8.494140624999999556e-01	1.945214872832076447e-01
5.069335937499995781e-01	8.076223626295764291e-02
6.260742187499996891e-01	1.070270374020600157e-01
5.401367187499996891e-01	8.349042729320424461e-02
5.808593749999996225e-01	9.070245806617886764e-02
5.401367187499996891e-01	7.953278330846801081e-02
4.126953124999994671e-01	5.899200303281496721e-02
6.178710937499997113e-01	9.791092513282922960e-02
5.071289062499996225e-01	7.067345539183127190e-02
4.730468749999995337e-01	6.360555472812116917e-02
4.933593749999996003e-01	6.506364874137679499e-02
4.787109374999995448e-01	6.369358643307088119e-02
5.230468749999995781e-01	7.085834930560117040e-02
5.101562499999994227e-01	6.553840223196269466e-02
5.145507812499995337e-01	6.659405919230326765e-02
5.474609374999994671e-01	7.224553463540786535e-02
4.755859374999995559e-01	5.756088361847493812e-02
4.024414062499994671e-01	4.785380773533192550e-02
5.640624999999995781e-01	7.257376540109723717e-02
5.452148437499996225e-01	6.826290518834797483e-02
