3.136718749999993783e-01	8.897614431685897662e-02
3.474609374999994560e-01	8.880338052012723415e-02
4.448242187499995559e-01	9.951245480419602940e-02
4.255859374999995115e-01	9.161926802580983020e-02
1.834960937499992839e-01	6.070378826556122043e-02
5.602539062499994893e-01	1.198465472840753998e-01
4.485351562499995115e-01	8.992097080568320355e-02
3.294921874999993672e-01	6.673455632529454173e-02
5.770507812499996447e-01	1.142774544221749761e-01
4.416015624999994893e-01	8.135156656543773845e-02
5.179687499999996447e-01	9.406447851096001733e-02
5.411132812499996891e-01	9.323194281815491702e-02
5.137695312499995781e-01	8.706295745801033437e-02
5.152343749999995781e-01	8.630465048231925063e-02
5.475585937499994893e-01	8.802702331468220676e-02
4.579101562499995337e-01	7.105696935621179378e-02
5.906249999999997335e-01	9.500980782637054312e-02
4.286132812499995337e-01	6.709585626125952329e-02
4.934570312499996225e-01	7.397678581697157696e-02
5.258789062499996669e-01	7.596184235401366724e-02
4.846679687499995115e-01	7.008791810196955685e-02
4.797851562499995115e-01	6.680211854359441315e-02
6.326171874999997335e-01	9.422157936166759840e-02
3.990234374999994671e-01	5.617659548630960648e-02
5.130859374999994227e-01	6.854774538340407952e-02
4.778320312499995115e-01	6.269404390792292225e-02
3.893554687499993783e-01	5.443448729182327750e-02
5.171874999999995781e-01	6.734717321244761135e-02
4.931640624999995559e-01	6.260323783198862291e-02
5.673828124999995559e-01	7.238922036955133810e-02
5.705078124999996003e-01	7.153271214945666756e-02
5.932617187499996669e-01	7.427021377307047034e-02
5.600585937499994449e-01	6.719978250517721907e-02
6.328124999999996669e-01	7.949861451450966621e-02
5.077148437499995337e-01	5.888167312476254300e-02
