4.041992187499994227e-01	1.070063869693970438e-01
6.522460937499997558e-01	1.713516241353902070e-01
4.144531249999994227e-01	1.017297777652771545e-01
7.756835937499998446e-01	2.053427218479642602e-01
4.625976562499994893e-01	1.051881883804952345e-01
4.933593749999996003e-01	1.019107027486480799e-01
5.034179687499995559e-01	1.004749957266764249e-01
5.359374999999996225e-01	1.047364264896046282e-01
4.348632812499995115e-01	8.711346070302516953e-02
6.940429687499997113e-01	1.370530276616500343e-01
5.501953124999996447e-01	1.015632053765087861e-01
3.709960937499994227e-01	7.902746954733678997e-02
5.785156249999995337e-01	1.000608196430066710e-01
4.663085937499995559e-01	8.278039259803351979e-02
5.314453124999996003e-01	8.964866537027571525e-02
5.309570312499996003e-01	8.505242033503379595e-02
5.273437499999995559e-01	8.397440458083138548e-02
4.760742187499995559e-01	7.635200435642755523e-02
4.328124999999994893e-01	7.047071512170653695e-02
4.308593749999994893e-01	7.022580312771502242e-02
5.208007812499996225e-01	7.511672990893600299e-02
4.467773437499995559e-01	6.657914099795111951e-02
4.333007812499994893e-01	6.659259577280779441e-02
3.440429687499994005e-01	6.139857540721519596e-02
5.891601562499997335e-01	7.986672367597244526e-02
4.906249999999995337e-01	6.670929631673448712e-02
5.691406249999996225e-01	7.461584196471003627e-02
5.083984374999994671e-01	6.650720000621512806e-02
5.492187499999996447e-01	6.908297635316260066e-02
5.443359374999996447e-01	6.792693543878414175e-02
3.825195312499994893e-01	5.985577029003514432e-02
5.158203124999996003e-01	6.368491732032678654e-02
4.948242187499996003e-01	6.013909088401323683e-02
5.221679687499996003e-01	6.196729957220942220e-02
4.888671874999995226e-01	5.784349555131462761e-02
