3.851562499999994782e-01	9.994017499277661754e-02
5.624023437499995337e-01	1.315691416068052733e-01
4.509765624999995115e-01	1.008052461758664753e-01
5.432617187499996225e-01	1.171770257640214613e-01
3.280273437499994227e-01	8.553701106757148620e-02
5.894531249999996891e-01	1.225469572334862423e-01
3.191406249999994005e-01	8.067746357787106137e-02
4.841796874999995670e-01	8.873442403635019293e-02
4.453124999999995559e-01	8.096256396165033009e-02
4.854492187499995781e-01	8.666755862034153379e-02
6.774414062499997113e-01	1.261767242719525894e-01
5.432617187499996225e-01	9.371616939078367126e-02
5.007812499999995115e-01	8.330765051800807786e-02
4.112304687499994671e-01	7.173555441720466663e-02
4.973632812499996225e-01	7.894133341943820881e-02
4.369140624999994782e-01	7.081318284230643523e-02
3.930664062499994449e-01	6.557722274755323211e-02
6.196289062499996669e-01	9.587721478889996152e-02
4.020507812499994893e-01	6.510549235480286856e-02
4.601562499999995448e-01	6.521674329463575392e-02
5.573242187499996003e-01	7.959688912909385072e-02
5.151367187499995559e-01	7.226084953022225699e-02
4.166992187499994893e-01	6.066116813753451298e-02
4.627929687499995337e-01	6.421504226014211614e-02
5.563476562499996003e-01	7.357882776648301537e-02
4.592773437499995115e-01	6.201119614923774476e-02
5.075195312499996003e-01	6.503724906506580528e-02
4.495117187499995115e-01	5.863920672418344859e-02
5.304687499999996003e-01	6.576430381799509839e-02
4.424804687499994671e-01	5.493612351373283742e-02
5.479492187499995781e-01	6.576142070194708478e-02
4.925781249999995337e-01	5.949713415450051668e-02
4.662109374999995337e-01	5.663795335365362504e-02
4.677734374999995559e-01	5.533932730257505594e-02
4.555664062499994449e-01	5.358293995277094851e-02
