3.464843749999994005e-01	9.404625048090495265e-02
6.471679687499996003e-01	1.785830631290855341e-01
7.228515624999998224e-01	2.001044937505112586e-01
4.144531249999994227e-01	1.001891405154038406e-01
5.976562499999995559e-01	1.368293261303718811e-01
4.856445312499996225e-01	1.045183463806503704e-01
5.971679687499995559e-01	1.269897358843394553e-01
6.828124999999997113e-01	1.465877943701693886e-01
2.976562499999994005e-01	7.817118644689423357e-02
3.542968749999994005e-01	7.365075046112756763e-02
4.169921874999995004e-01	7.484571498007486223e-02
6.126953124999996447e-01	1.116368575305403260e-01
7.154296874999996891e-01	1.365569360993514891e-01
4.996093749999995781e-01	8.766309002409969353e-02
4.214843749999994671e-01	7.126051488006089618e-02
4.241210937499995115e-01	7.609651996006334962e-02
4.572265624999994893e-01	7.476740552235722204e-02
4.998046874999995670e-01	7.404730303161237426e-02
4.701171874999995892e-01	7.346835454036115820e-02
3.882812499999994671e-01	6.484349282149183546e-02
5.104492187499994893e-01	7.686213562086728623e-02
5.472656249999995337e-01	8.028043856404246115e-02
6.385742187499997558e-01	9.452317028274777322e-02
5.007812499999995115e-01	7.091906183707033517e-02
3.999999999999994671e-01	6.126953867037971541e-02
4.391601562499994893e-01	6.435700122988508021e-02
4.235351562499994893e-01	6.067543671781178843e-02
5.155273437499995337e-01	6.873337019255128244e-02
4.810546874999995226e-01	6.186983831740430761e-02
4.515624999999995337e-01	5.936171186513219955e-02
5.300781249999995115e-01	6.748581245731069544e-02
4.997070312499996003e-01	6.212505237263162700e-02
3.362304687499994005e-01	5.443211608793513401e-02
5.074218749999995781e-01	6.290090235443659972e-02
5.038085937499995337e-01	6.128700426475248986e-02
