5.678710937499996669e-01	1.361571704545466444e-01
5.689453124999996891e-01	1.297755167412494026e-01
2.955078124999994116e-01	9.222282198444778367e-02
5.585937499999995559e-01	1.232308602973128664e-01
2.255859374999993339e-01	7.144047352880428248e-02
5.036132812499996003e-01	1.035608207355211696e-01
5.001953124999996003e-01	1.008384441463328340e-01
4.655273437499994893e-01	8.910832774637372777e-02
4.631835937499995115e-01	8.794954825172518476e-02
4.018554687499994449e-01	7.478486867742109578e-02
4.082031249999994449e-01	7.366569464251533639e-02
5.620117187499995559e-01	1.022314390936294864e-01
3.660156249999994005e-01	6.592709249100754676e-02
5.157226562499995781e-01	8.731289037498235484e-02
6.159179687499996003e-01	1.097344226729326799e-01
4.458007812499995559e-01	7.081084425229455803e-02
4.603515624999995337e-01	7.232962953583643717e-02
5.040039062499995781e-01	7.741244722451882943e-02
4.386718749999994893e-01	6.513692408210310092e-02
6.164062499999996003e-01	9.824575814265451568e-02
5.151367187499995559e-01	7.460720981420455866e-02
3.883789062499994893e-01	5.605661912001486114e-02
4.303710937499994893e-01	5.973636250916239399e-02
4.906249999999995337e-01	6.866849242098566064e-02
4.316406249999994449e-01	5.854495659098393756e-02
4.950195312499996447e-01	6.751232940944749961e-02
4.096679687499994449e-01	5.244598154418408931e-02
5.576171874999995559e-01	7.770915943985889918e-02
5.943359374999996891e-01	8.248457795942730486e-02
6.591796874999995559e-01	9.846940952201661823e-02
5.802734374999996003e-01	7.785147284406736257e-02
4.934570312499996225e-01	6.120607586171279008e-02
5.367187499999996891e-01	6.704272889228703181e-02
4.746093749999995559e-01	5.661377305906726415e-02
5.689453124999996891e-01	7.218125703425795625e-02
