5.184570312499996447e-01	1.491119807853601986e-01
4.364257812499995337e-01	1.171818438380147348e-01
7.105468749999996891e-01	2.081642717873860571e-01
4.409179687499994449e-01	1.074735793274057133e-01
5.041015624999996003e-01	1.175441665948994130e-01
7.101562499999996003e-01	1.795866841485067311e-01
7.080078124999997780e-01	1.688641919166136152e-01
5.856445312499997113e-01	1.221047376301401255e-01
5.140624999999995337e-01	9.924223064609555278e-02
6.333984374999996891e-01	1.285941826315407932e-01
2.993164062499993339e-01	7.279167920250284585e-02
6.039062499999996447e-01	1.128959199904120969e-01
6.074218749999996669e-01	1.126088675095151120e-01
5.328124999999995781e-01	9.203449795169396652e-02
3.060546874999993672e-01	6.623776047566018454e-02
5.144531249999995115e-01	8.700036448141026946e-02
5.574218749999996225e-01	9.182781060414346719e-02
4.249023437499994671e-01	6.797447979412289676e-02
4.877929687499995559e-01	7.615205716340908704e-02
5.320312499999995115e-01	8.216907186276667385e-02
4.237304687499994227e-01	6.387442446340237112e-02
4.107421874999995226e-01	6.173809477884714680e-02
4.679687499999995448e-01	6.623371650617990158e-02
4.147460937499994893e-01	5.921086449696778137e-02
4.762695312499996003e-01	6.657326786834798227e-02
4.472656249999995559e-01	6.145908493085547319e-02
4.222656249999995337e-01	5.811923556912656358e-02
5.195312499999995559e-01	7.189520539552886336e-02
4.038085937499994449e-01	5.379516891449571958e-02
5.246093749999996003e-01	7.128951584478805670e-02
4.925781249999995337e-01	6.421383429735889881e-02
4.671874999999995337e-01	5.967937537457626562e-02
4.434570312499995781e-01	5.463502242990823932e-02
4.557617187499994893e-01	5.621496409868592670e-02
5.319335937499994893e-01	6.632788725037383482e-02
