3.614257812499994671e-01	8.851299364891399013e-02
3.196289062499994005e-01	7.873897080653900760e-02
5.100585937499994005e-01	1.102104678959155704e-01
3.918945312499995115e-01	8.220664729930016179e-02
4.325195312499995337e-01	8.475532374419378345e-02
4.520507812499995337e-01	8.544233333785562767e-02
5.773437499999996003e-01	1.121419789339020284e-01
4.897460937499995559e-01	8.583880540377777923e-02
4.282226562499994449e-01	7.391390171310992241e-02
4.823242187499995337e-01	7.996646708364177347e-02
5.164062499999995115e-01	8.820383649085687672e-02
5.279296874999994671e-01	8.715868143733127016e-02
6.940429687499997113e-01	1.325794867474641148e-01
5.860351562499996891e-01	9.766414038511680995e-02
4.459960937499994893e-01	6.743455793230603013e-02
4.770507812499995559e-01	7.078463690160566313e-02
4.299804687499994005e-01	6.259198156303794058e-02
5.755859374999996447e-01	8.507256969755874754e-02
4.744140624999995115e-01	6.741912403287296518e-02
3.618164062499994449e-01	5.400475298946369462e-02
4.835937499999995448e-01	6.709809673967494226e-02
5.580078124999996447e-01	7.881372145890283565e-02
5.020507812499995781e-01	6.770389260279351118e-02
4.711914062499995559e-01	6.207338608001046476e-02
4.416015624999994893e-01	5.650809712917840427e-02
5.013671874999996447e-01	6.396664608377530814e-02
4.704101562499996003e-01	5.899938703602636975e-02
4.255859374999995115e-01	5.253326751786568938e-02
4.200195312499995781e-01	5.117085136433643933e-02
4.874999999999995448e-01	5.873904756269186095e-02
4.916992187499995559e-01	5.918127216817407193e-02
4.207031249999995115e-01	4.947493049081403554e-02
4.316406249999994449e-01	5.053742904935498714e-02
4.270507812499995115e-01	4.907591263441481860e-02
4.852539062499995337e-01	5.581118797038681079e-02
