6.383789062499997113e-01	1.452528696442479395e-01
3.666015624999994227e-01	9.006075002411241537e-02
5.149414062499996225e-01	1.084469815578557594e-01
6.869140624999998668e-01	1.511334892311855527e-01
5.019531249999995559e-01	9.712957216536459437e-02
4.659179687499994671e-01	9.200642313973034225e-02
4.779296874999995337e-01	9.078574415957170463e-02
4.863281249999995559e-01	8.934157950302214213e-02
4.618164062499995337e-01	8.616864325578950379e-02
4.087890624999994671e-01	7.674359993086994625e-02
5.554687499999995115e-01	1.023446552221284056e-01
4.335937499999995004e-01	7.796178969814598902e-02
4.092773437499994671e-01	7.329558702346958277e-02
4.075195312499995115e-01	7.023162980901238861e-02
4.078124999999994671e-01	7.082169834941508257e-02
6.072265624999997335e-01	1.147422363962243147e-01
6.673828124999996447e-01	1.316821188532865672e-01
5.246093749999996003e-01	9.002761256283697833e-02
6.524414062499998002e-01	1.235756758333910604e-01
5.067382812499995337e-01	8.375054365525849698e-02
5.029296874999995559e-01	8.274279073822049524e-02
6.139648437499996003e-01	1.060680261449847561e-01
6.083984374999995559e-01	1.061851916304277915e-01
5.889648437499996891e-01	9.879982613711982276e-02
4.499999999999995115e-01	6.635543886780038980e-02
3.961914062499994893e-01	5.628862714868552303e-02
4.818359374999995337e-01	7.178259972318803972e-02
5.372070312499996891e-01	8.411623623412384232e-02
5.210937499999996891e-01	7.768946302162764439e-02
4.938476562499996003e-01	7.299983304202198320e-02
4.079101562499994893e-01	5.516973318896682688e-02
4.123046874999994893e-01	5.597358276968882052e-02
3.887695312499994671e-01	5.130678468401621284e-02
5.803710937499996225e-01	9.124058794411861462e-02
4.827148437499995115e-01	6.728382123936077486e-02
