4.824218749999995559e-01	1.131878490896927464e-01
5.583007812499996003e-01	1.216787826669772643e-01
4.903320312499995781e-01	1.065444342412507767e-01
3.469726562499994005e-01	8.074758684296806655e-02
6.251953124999996003e-01	1.303012383292967979e-01
4.845703124999995448e-01	9.042990870969970507e-02
4.249999999999994893e-01	7.814579524332271321e-02
4.904296874999995448e-01	8.877518006869446199e-02
5.370117187499996447e-01	9.548281381635553844e-02
4.766601562499995781e-01	8.219695142612711003e-02
4.467773437499995559e-01	7.632243358681152501e-02
5.225585937499995781e-01	8.493628544449827178e-02
6.083007812499996447e-01	1.002031026661101415e-01
5.525390624999997335e-01	8.829268678460509834e-02
5.453124999999996447e-01	8.399628311391192648e-02
5.051757812499995115e-01	7.550510609914767857e-02
3.838867187499994671e-01	6.044328778812810277e-02
4.637695312499995337e-01	6.807037695873043026e-02
5.143554687499994893e-01	7.275417281556915972e-02
3.804687499999994116e-01	5.857219202976291644e-02
5.697265624999996447e-01	7.958441316272474308e-02
4.351562499999995226e-01	5.908355076926766203e-02
3.620117187499993783e-01	5.454485665560050711e-02
4.212890624999994782e-01	5.642265980325697483e-02
4.453124999999995559e-01	5.769025746140298005e-02
4.057617187499994449e-01	5.328033556778150742e-02
5.347656249999995781e-01	6.821045682919928133e-02
5.943359374999996891e-01	7.791600941292045612e-02
4.373046874999995115e-01	5.423197260171182948e-02
4.478515624999995226e-01	5.385351116446054909e-02
5.691406249999996225e-01	6.944512468787826520e-02
5.285156249999994893e-01	6.324656596973120271e-02
5.525390624999997335e-01	6.626879628211644613e-02
5.152343749999995781e-01	5.837525196422221202e-02
5.408203124999997335e-01	6.250830698171565281e-02
