8.224609374999998224e-01	2.306389119731490911e-01
3.757812499999994560e-01	9.307887168918273224e-02
3.655273437499994005e-01	8.754190811556142315e-02
3.279296874999994005e-01	8.007125591936298248e-02
5.214843749999996669e-01	1.055113014105364677e-01
4.412109374999995115e-01	8.615231515146687391e-02
5.539062499999996003e-01	1.061322990169593916e-01
3.767578124999994560e-01	7.519852917068149678e-02
4.181640624999994893e-01	7.626326965898419519e-02
6.194335937499996225e-01	1.109597313816132053e-01
6.671874999999997113e-01	1.222381862059602892e-01
3.750976562499994671e-01	6.890431693707378680e-02
5.167968749999996003e-01	8.453516152415001261e-02
4.625976562499994893e-01	7.416558075035425968e-02
4.210937499999994893e-01	6.760080086080656747e-02
3.872070312499994449e-01	6.327477202947380530e-02
4.261718749999995337e-01	6.465204982134310774e-02
3.494140624999994005e-01	5.791698407130700665e-02
4.025390624999994338e-01	6.037621597625839054e-02
4.829101562499995559e-01	6.734738994811989565e-02
4.565429687499994449e-01	6.433962659500742920e-02
6.056640624999996003e-01	8.688743957428762821e-02
5.427734374999995115e-01	7.444179416049945264e-02
5.657226562499996225e-01	7.699637807875658879e-02
4.486328124999994782e-01	5.945907190972989087e-02
6.038085937499996225e-01	8.062600285559370916e-02
4.213867187499994449e-01	5.593806642199932594e-02
4.817382812499995115e-01	6.049138797563359538e-02
4.271484374999994782e-01	5.492798628497258528e-02
4.083007812499994671e-01	5.246594695393141938e-02
3.586914062499994005e-01	4.950523629373008994e-02
4.754882812499995337e-01	5.705434681227417731e-02
4.194335937499995559e-01	5.178173946207927786e-02
5.191406249999995781e-01	6.100095647192881054e-02
5.419921874999995559e-01	6.285971431934028741e-02
