4.345703124999995004e-01	9.272278177213931494e-02
5.961914062499996669e-01	1.205735210275096086e-01
7.034179687499997335e-01	1.543776330419270593e-01
5.514648437499996003e-01	1.049709332301038273e-01
4.519531249999995115e-01	9.289831850455920748e-02
3.929687499999994782e-01	8.779017057025308157e-02
5.184570312499996447e-01	9.638367842320279266e-02
3.276367187499993339e-01	8.459048513820532911e-02
4.955078124999995892e-01	8.880968302329883546e-02
4.205078124999995226e-01	8.190946409379594451e-02
7.260742187499997780e-01	1.291534195321669132e-01
3.950195312499995559e-01	7.849813723204432381e-02
5.332031249999914790e-02	2.628214032838806169e+00
4.587890624999995115e-01	7.703950716078535044e-02
5.223632812499996447e-01	8.489707924985809284e-02
5.547851562499995781e-01	8.861588103964014584e-02
5.622070312499996003e-01	8.797598905189316087e-02
4.169921874999995004e-01	7.746006438652347503e-02
4.825195312499995781e-01	7.717630778335836383e-02
5.229492187499995559e-01	8.200800311316437663e-02
5.143554687499994893e-01	8.040567103089796275e-02
5.058593749999995559e-01	7.718419839163662144e-02
5.811523437499995781e-01	8.340716074370611854e-02
5.425781249999995781e-01	7.908833580623783610e-02
5.535156249999996225e-01	7.849904351548593617e-02
5.332031249999995559e-01	7.874506678844722662e-02
4.778320312499995115e-01	7.505717522000726616e-02
6.409179687499997335e-01	8.284246331220007642e-02
5.760742187499996447e-01	7.953845256706067179e-02
4.688476562499995781e-01	7.269741974592701383e-02
4.436523437499995115e-01	7.232429025621596452e-02
4.730468749999995337e-01	7.217422110134467939e-02
4.459960937499994893e-01	7.084663465938151328e-02
5.139648437499995115e-01	6.967136108468989508e-02
6.257812499999997335e-01	7.649653830486959072e-02
