5.155273437499995337e-01	1.410574382141724370e-01
4.488281249999994671e-01	1.142254500839152559e-01
5.398437499999997335e-01	1.362284156418869796e-01
5.130859374999994227e-01	1.133307960017173044e-01
4.547851562499994893e-01	9.948434531537234116e-02
3.262695312499994671e-01	6.981175646650233935e-02
4.366210937499994671e-01	8.999558111416285089e-02
2.365234374999993228e-01	5.260609519810973550e-02
4.832031249999995115e-01	9.812156355997078694e-02
4.328124999999994893e-01	8.381937870850904304e-02
4.596679687499994893e-01	8.772896032189046733e-02
4.191406249999994893e-01	7.578368590179986042e-02
4.291992187499994449e-01	7.194492777132426020e-02
4.301757812499994449e-01	7.489910897242996191e-02
4.218749999999995004e-01	6.700806089068186977e-02
4.966796874999995781e-01	8.783188725385555895e-02
6.899414062499998890e-01	1.465278925944034916e-01
5.543945312499996003e-01	9.671789924069425226e-02
3.782226562499994005e-01	5.811647471550297761e-02
4.637695312499995337e-01	7.300745872221946209e-02
4.865234374999995448e-01	7.484345152755961239e-02
4.587890624999995115e-01	6.913586937966735568e-02
3.933593749999995115e-01	5.604237087665331352e-02
5.459960937499995781e-01	8.632518619646049884e-02
7.320312499999996891e-01	1.440857663598460459e-01
4.517578124999995226e-01	6.376377546894893000e-02
5.151367187499995559e-01	7.345844422087892400e-02
4.850585937499996003e-01	6.637334835514585585e-02
3.631835937499994227e-01	4.707181148532102455e-02
3.706054687499994449e-01	4.626817049670572946e-02
3.832031249999994227e-01	4.859886429626054938e-02
4.617187499999995115e-01	6.089695461012090832e-02
5.721679687499996447e-01	8.374628261024714970e-02
4.681640624999995337e-01	6.040814197757263249e-02
4.991210937499995781e-01	6.552280818661998518e-02
