8.422851562499998890e-01	2.442095166725696820e-01
5.236328124999996003e-01	1.120648278664346520e-01
2.456054687499993339e-01	8.485893492561534523e-02
4.369140624999994782e-01	8.936734457361056316e-02
4.716796874999995559e-01	9.119050146226319320e-02
5.712890624999997780e-01	1.116980539251797161e-01
4.801757812499994893e-01	8.934070162956865568e-02
3.605468749999994893e-01	6.918313185304526824e-02
4.537109374999995226e-01	7.836757780708346333e-02
4.495117187499995115e-01	7.714191519712362832e-02
4.643554687499994449e-01	7.797061785768935605e-02
4.710937499999995337e-01	7.308427682279636239e-02
5.337890624999996891e-01	8.625468515269248126e-02
5.151367187499995559e-01	7.818964187354407458e-02
3.413085937499994449e-01	5.868377109328815067e-02
5.256835937499996225e-01	7.963389694065491076e-02
4.813476562499995337e-01	7.100899035849347896e-02
5.211914062499997113e-01	7.366259413909428955e-02
5.061523437499995115e-01	7.204120303967412320e-02
4.739257812499995115e-01	6.631269195853371767e-02
5.085937499999995115e-01	6.942105969776986296e-02
4.831054687499994893e-01	6.416320119771128094e-02
5.009765624999995559e-01	6.597907784065767944e-02
5.573242187499996003e-01	7.340875901919136082e-02
5.728515624999996891e-01	7.483992925367216609e-02
5.170898437499995559e-01	6.537251302795946128e-02
5.120117187499995115e-01	6.206488749759671297e-02
5.041992187499995115e-01	6.205867672308539723e-02
5.084960937499994893e-01	6.128539237097941489e-02
4.392578124999994560e-01	5.335679887129714943e-02
6.111328124999995115e-01	7.537247704194782738e-02
5.458007812499996447e-01	6.384978817489000980e-02
5.292968749999995559e-01	6.123410722066637696e-02
5.501953124999996447e-01	6.272927472963071849e-02
5.827148437499996003e-01	6.736429862777934541e-02
