5.537109374999995559e-01	1.513977948391320993e-01
3.688476562499994893e-01	9.626534097775699128e-02
6.640624999999996669e-01	1.963573878972894871e-01
4.836914062499995115e-01	1.159223224350331288e-01
4.601562499999995448e-01	1.070073310256624138e-01
4.944335937499996225e-01	1.171289111161614993e-01
6.410156249999997558e-01	1.669026175284760438e-01
3.884765624999994560e-01	8.101122687537409828e-02
6.040039062499996669e-01	1.473313449672133957e-01
4.854492187499995781e-01	1.009346119801808883e-01
8.006835937499997558e-01	2.423038214513283661e-01
5.874023437499996669e-01	1.290747223620524187e-01
4.216796874999995115e-01	7.676500685916720634e-02
5.468749999999995559e-01	1.104750819488326957e-01
4.377929687499995115e-01	7.785414320594992443e-02
5.708007812499996669e-01	1.174524387500600064e-01
6.546874999999996447e-01	1.462919058348230439e-01
5.021484374999996003e-01	9.084137025974441115e-02
4.291992187499994449e-01	7.051774987452176513e-02
4.249999999999994893e-01	7.027145075650199912e-02
4.953124999999996003e-01	8.639644792539317997e-02
5.134765624999995115e-01	9.167189423005150939e-02
5.050781249999994893e-01	8.833315591597637462e-02
5.361328124999995559e-01	9.565619952847381757e-02
4.363281249999995115e-01	6.796699493908670009e-02
4.361328124999995226e-01	6.708486748198384808e-02
6.012695312499997113e-01	1.154978181863189901e-01
5.786132812499995559e-01	1.046893491065397086e-01
4.583007812499995115e-01	6.905429123439428551e-02
5.351562499999995559e-01	8.939229164866355215e-02
5.125976562499995337e-01	8.234928947888670026e-02
5.514648437499996003e-01	9.072777795551326130e-02
4.051757812499994227e-01	5.413829503413924993e-02
5.023437499999996447e-01	7.674741688298643283e-02
6.285156249999995781e-01	1.154627397552831503e-01
