5.675781249999996003e-01	1.437024725064283415e-01
4.427734374999995337e-01	1.051409763865698149e-01
3.973632812499995337e-01	9.269292169647716517e-02
4.443359374999995559e-01	9.630074472457110513e-02
4.729492187499995115e-01	9.470814752822624694e-02
5.989257812499996225e-01	1.238318654555499998e-01
5.255859374999996003e-01	9.787786723044843151e-02
7.007812499999996891e-01	1.475224396432194551e-01
5.034179687499995559e-01	8.894635477564662163e-02
3.993164062499994227e-01	7.382245621387369117e-02
3.931640624999994671e-01	7.155217404959188232e-02
4.068359374999994671e-01	7.102559153617329923e-02
5.910156249999997113e-01	9.614187448037957162e-02
4.976562499999995781e-01	7.859434266879185282e-02
5.429687499999995559e-01	8.679861038223420089e-02
5.480468749999996003e-01	8.427588048078531180e-02
5.760742187499996447e-01	8.882336800663553911e-02
6.808593749999997113e-01	1.118059238397222932e-01
5.207031249999996003e-01	7.646740758980050123e-02
5.262695312499996447e-01	7.581082056078013165e-02
4.791992187499994893e-01	6.661842032687470549e-02
4.691406249999995337e-01	6.576995911179736587e-02
5.346679687499995559e-01	7.307571802483038559e-02
4.372070312499994893e-01	5.863604832329279842e-02
5.144531249999995115e-01	6.717896559940868262e-02
4.417968749999995337e-01	5.850463530151095437e-02
4.273437499999994671e-01	5.716597511506153750e-02
5.124999999999995115e-01	6.464762121705605602e-02
4.866210937499995115e-01	6.008017329175820848e-02
5.279296874999994671e-01	6.426491656240078398e-02
5.120117187499995115e-01	6.217368106921217219e-02
5.698242187499996669e-01	6.940102836763931138e-02
4.838867187499995559e-01	5.707782599498695264e-02
4.697265624999995559e-01	5.456504224232379407e-02
4.956054687499995559e-01	5.594605871962973070e-02
