7.007812499999996891e-01	1.950716623307659492e-01
5.556640624999995559e-01	1.371088867682088153e-01
5.010742187499995781e-01	1.155322438727177103e-01
4.201171874999995448e-01	9.502258336815283535e-02
4.985351562499995559e-01	1.036096157531121720e-01
5.115234374999995115e-01	1.051448057485603882e-01
4.491210937499995337e-01	9.036853693911826857e-02
4.462890624999995004e-01	8.738131490101405663e-02
5.042968749999995337e-01	9.217411497818778221e-02
4.635742187499994893e-01	8.542691390785549233e-02
4.224609374999995226e-01	7.634755509314855582e-02
5.953124999999996891e-01	1.091736711980708097e-01
4.901367187499995337e-01	8.365148577105085970e-02
4.199218749999995559e-01	6.930611404532835418e-02
5.223632812499996447e-01	8.664059242819065199e-02
6.233398437499996225e-01	1.066860978212632177e-01
4.910156249999995115e-01	7.722015656977428144e-02
5.102539062499994449e-01	7.847382863206718573e-02
5.278320312499995559e-01	7.971352211423091139e-02
3.966796874999994893e-01	5.654318463904219744e-02
3.960937499999994671e-01	5.665967414593171131e-02
7.979492187499998002e-01	1.529177241006984267e-01
4.887695312499995559e-01	6.859888753189770372e-02
4.453124999999995559e-01	5.925388357738262113e-02
4.997070312499996003e-01	6.706577287923934372e-02
6.001953124999996891e-01	8.578911803871537567e-02
5.018554687499995337e-01	6.733516294747782238e-02
5.064453124999994671e-01	6.751634197023510808e-02
4.415039062499994671e-01	5.487131152529332173e-02
5.384765624999996447e-01	7.045082360785512310e-02
5.619140624999996447e-01	7.319411632181128946e-02
5.269531249999995781e-01	6.631156890548201011e-02
4.918945312499996003e-01	5.997713534959171061e-02
5.100585937499994005e-01	6.157259772055627411e-02
4.907226562499995559e-01	5.861701326826931208e-02
