6.083007812499996447e-01	1.759282416537132354e-01
5.224609374999995559e-01	1.293604698400021291e-01
4.619140624999995004e-01	1.078943871951469624e-01
4.758789062499995115e-01	1.064787378240269755e-01
4.673828124999995226e-01	1.005864370633171162e-01
6.630859374999995559e-01	1.478349607535336674e-01
4.182617187499995115e-01	8.745175551072749409e-02
3.419921874999994338e-01	7.337183704917703275e-02
6.863281249999997335e-01	1.445841856794956581e-01
4.546874999999994671e-01	8.653290856844843282e-02
6.458007812499997335e-01	1.228179593304927764e-01
6.203124999999997113e-01	1.125207982570997772e-01
4.569335937499995337e-01	8.011185490184256908e-02
6.336914062499997558e-01	1.097887711413379624e-01
5.307617187499995559e-01	8.925630280814680906e-02
6.833007812499997113e-01	1.168874144881307947e-01
5.649414062499996669e-01	9.090857891443278327e-02
4.374999999999995004e-01	7.165552965890761850e-02
6.641601562499996891e-01	1.036033120049058148e-01
4.154296874999994782e-01	7.032284286344987756e-02
4.673828124999995226e-01	7.252798787588984886e-02
4.484374999999994893e-01	6.963865588556907016e-02
5.887695312499997558e-01	8.175110219202140482e-02
4.824218749999995559e-01	6.710934309283478338e-02
4.712890624999995226e-01	6.756024483571160255e-02
5.131835937499994449e-01	6.921489712210647516e-02
4.625976562499994893e-01	6.447262344164388093e-02
3.562499999999994005e-01	6.177417617639268527e-02
5.069335937499995781e-01	6.701176345189015227e-02
4.488281249999994671e-01	6.050309470003889523e-02
6.223632812499997335e-01	7.998199356174803820e-02
5.116210937499995337e-01	6.283830410135918254e-02
6.276367187499996003e-01	7.774108237972926494e-02
5.111328124999994227e-01	6.392602226822320655e-02
3.774414062499994449e-01	5.763231528116507379e-02
