4.995117187499995559e-01	1.390427354638583690e-01
5.006835937499994893e-01	1.270893316128537398e-01
7.224609374999997335e-01	2.347077231713461942e-01
4.330078124999994782e-01	9.556001741637855373e-02
3.467773437499994671e-01	7.184123680887501140e-02
5.583984374999995115e-01	1.343488093150906337e-01
4.549804687499994227e-01	9.329168025494817551e-02
4.031249999999994560e-01	7.674136012964512255e-02
4.699218749999996003e-01	9.261183658346591741e-02
4.187499999999995115e-01	7.149563307574219317e-02
5.997070312499996891e-01	1.316949831348517563e-01
6.509765624999996891e-01	1.474335144510597051e-01
3.939453124999994782e-01	6.445302466935078078e-02
5.097656249999994449e-01	9.227925919045770753e-02
3.615234374999994338e-01	5.771019942939766695e-02
3.836914062499994227e-01	6.044361106553425289e-02
4.121093749999994449e-01	6.270881673924894040e-02
4.512695312499995781e-01	6.853162159052876568e-02
4.162109374999994893e-01	6.179527127522286417e-02
5.154296874999995115e-01	8.334544573723055849e-02
3.598632812499994449e-01	5.042531259981874320e-02
6.001953124999996891e-01	1.075314643245560142e-01
6.320312499999996003e-01	1.156981583616858017e-01
5.782226562499995781e-01	9.578380183033440021e-02
4.300781249999994227e-01	5.940980256892743061e-02
4.381835937499994893e-01	5.876098730992070085e-02
4.976562499999995781e-01	7.169452174928241106e-02
4.645507812499994893e-01	6.358792678822097755e-02
6.564453124999996003e-01	1.122959268942226030e-01
5.549804687499995115e-01	8.038478086345654527e-02
3.232421874999993894e-01	3.981213583098232311e-02
4.837890624999995337e-01	6.411009977503960566e-02
6.523437499999997780e-01	1.039316004935542798e-01
4.806640624999994893e-01	6.156293258901671811e-02
4.003906249999994449e-01	4.790308790929456717e-02
