6.921874999999997335e-01	2.115975686997542682e-01
4.048828124999994116e-01	1.006212542788849779e-01
5.896484374999997335e-01	1.503969553348579180e-01
5.088867187499994671e-01	1.162879546159869965e-01
6.684570312499997780e-01	1.633484927223642913e-01
6.059570312499996669e-01	1.345089499008658984e-01
4.993164062499995115e-01	1.019023592805449185e-01
6.621093749999996669e-01	1.420231001789161451e-01
3.929687499999994782e-01	7.736898226533814316e-02
3.590820312499994893e-01	7.022541240151849995e-02
6.497070312499997335e-01	1.309813570117376313e-01
5.191406249999995781e-01	9.107218419724241731e-02
4.709960937499995115e-01	7.917247215750587708e-02
4.282226562499994449e-01	7.052072339636654419e-02
4.656249999999995115e-01	7.688542267435766187e-02
5.092773437499994449e-01	8.393003985932286082e-02
4.343749999999995115e-01	6.720967241208676557e-02
4.656249999999995115e-01	7.158891869381341089e-02
4.940429687499995337e-01	7.561160194320119821e-02
4.836914062499995115e-01	7.159487827500163326e-02
4.487304687499994449e-01	6.474655973801003717e-02
5.922851562499996669e-01	8.932491612523631164e-02
5.159179687499995115e-01	7.379900054258599351e-02
5.288085937499994449e-01	7.436800007579077998e-02
4.548828124999994560e-01	6.201704361726637776e-02
5.548828124999996003e-01	7.829018158559659935e-02
5.291015624999995115e-01	7.030382214969303767e-02
6.006835937499995781e-01	8.511018001304182512e-02
4.694335937499996003e-01	6.016125169900914810e-02
4.014648437499994671e-01	5.072716634306319999e-02
5.487304687499995337e-01	7.178937290779419111e-02
5.775390624999996447e-01	7.602807500815819686e-02
5.051757812499995115e-01	6.132605624298553826e-02
4.251953124999994782e-01	5.138362804739082801e-02
5.691406249999996225e-01	7.183055154760706329e-02
