5.130859374999994227e-01	1.178632889494208857e-01
5.408203124999997335e-01	1.180409886382583762e-01
6.039062499999996447e-01	1.326870324667639711e-01
6.073242187499996447e-01	1.268798131821856356e-01
4.282226562499994449e-01	8.870391514721913395e-02
4.964843749999995337e-01	9.137233409495769398e-02
4.656249999999995115e-01	8.614977043441232607e-02
6.311523437499996225e-01	1.172976748553712506e-01
5.365234374999996447e-01	9.439059289846714329e-02
3.882812499999994671e-01	7.600507964368148628e-02
3.973632812499995337e-01	7.027688991175645716e-02
4.353515624999995115e-01	7.419857096288523524e-02
4.610351562499995781e-01	7.532809113311096649e-02
4.809570312499995559e-01	7.451050747536629160e-02
4.210937499999994893e-01	6.557217447992741421e-02
5.377929687499996003e-01	8.226288178602952916e-02
6.190429687499996447e-01	9.545951045447399752e-02
4.809570312499995559e-01	6.999904517446195462e-02
5.453124999999996447e-01	7.751553147716859493e-02
3.592773437499994227e-01	5.863283793704270747e-02
4.178710937499995337e-01	5.894597523303850978e-02
5.753906249999996003e-01	8.021196127586659175e-02
5.040039062499995781e-01	6.649971534614557145e-02
4.886718749999995337e-01	6.507450790829721887e-02
6.167968749999996891e-01	8.205737993285924792e-02
5.845703124999996891e-01	7.619368432971616867e-02
3.568359374999994227e-01	5.357920487997198250e-02
4.303710937499994893e-01	5.508066055231231051e-02
5.552734374999994671e-01	6.887883797876448444e-02
4.906249999999995337e-01	5.995343248380390760e-02
5.351562499999995559e-01	6.350952476110963141e-02
4.897460937499995559e-01	5.721071086053428068e-02
4.999999999999995559e-01	5.901955979841268934e-02
3.970703124999994671e-01	4.899148728771098027e-02
5.032226562499996225e-01	5.795282023177247832e-02
