3.194335937499994671e-01	8.662479791645713578e-02
3.898437499999994338e-01	9.518475383093709385e-02
5.961914062499996669e-01	1.431794368057189570e-01
6.738281249999996669e-01	1.664001237314451931e-01
4.266601562499995337e-01	9.085553194832166057e-02
5.549804687499995115e-01	1.123201230428607783e-01
4.378906249999995337e-01	8.050890070624537598e-02
5.654296874999995559e-01	1.134217521909663129e-01
4.972656249999996003e-01	9.209170063049655630e-02
4.780273437499995559e-01	8.655781936913854724e-02
6.998046874999996891e-01	1.458353910660930286e-01
3.925781249999994449e-01	6.737693153256929524e-02
4.291015624999994782e-01	6.912693525625630830e-02
4.535156249999995337e-01	7.322195309626718107e-02
4.849609374999995781e-01	7.862520470962895691e-02
4.621093749999994893e-01	7.281039383319785896e-02
5.285156249999994893e-01	8.394191296261822866e-02
5.458007812499996447e-01	8.776663237717398369e-02
5.200195312499996669e-01	8.020244129287858181e-02
5.499023437499995781e-01	8.396597866728235104e-02
6.240234374999995559e-01	1.016672084617665645e-01
5.003906249999995337e-01	7.117502166674515018e-02
5.052734374999994227e-01	7.132517191996823325e-02
5.416015624999996891e-01	7.768188006794987666e-02
5.598632812499995115e-01	8.041665363615108086e-02
5.857421874999997335e-01	8.350662651545372184e-02
5.833007812499996225e-01	8.201279273824862992e-02
4.472656249999995559e-01	5.701170081370064702e-02
5.567382812499995781e-01	7.475654954511994077e-02
5.463867187499995559e-01	7.181722681567463684e-02
4.821289062499994893e-01	5.883670963541713650e-02
4.784179687499995337e-01	5.854271510079613744e-02
4.882812499999995559e-01	5.963448086556328437e-02
4.767578124999995448e-01	5.634244738721599227e-02
4.418945312499995559e-01	5.211932680373652926e-02
