5.516601562499996447e-01	1.519027150518411640e-01
4.154296874999994782e-01	1.043860874446907588e-01
5.067382812499995337e-01	1.271248984548407068e-01
5.921874999999996447e-01	1.468424843715720740e-01
1.804687499999992895e-01	5.622102804044423752e-02
3.595703124999994338e-01	8.305909087662501078e-02
3.826171874999994560e-01	8.639634034661347606e-02
5.505859374999995115e-01	1.143053266393473794e-01
3.809570312499994671e-01	8.455353710767146702e-02
4.711914062499995559e-01	9.824781711838455334e-02
5.722656249999996669e-01	1.105956164340507059e-01
5.833984374999996447e-01	1.113038628268789576e-01
4.681640624999995337e-01	9.513264047711524063e-02
3.777343749999994005e-01	8.108876851240023886e-02
5.059570312499995781e-01	9.287517747746845687e-02
5.525390624999997335e-01	9.551334740575964655e-02
5.004882812499995559e-01	8.634765529432031350e-02
3.755859374999994671e-01	7.885747551997153437e-02
5.486328124999995115e-01	9.441215910765034247e-02
6.391601562499997780e-01	1.022221699659311700e-01
6.075195312499996891e-01	9.600048595455583367e-02
3.737304687499993783e-01	7.717541955735870984e-02
4.581054687499994671e-01	8.150395861605673475e-02
5.567382812499995781e-01	8.865150985218822610e-02
4.944335937499996225e-01	7.810383757753019962e-02
6.141601562499996447e-01	8.892525951767817072e-02
5.561523437499995559e-01	8.364188881345656357e-02
5.035156249999995781e-01	7.977903977272483849e-02
6.191406249999996669e-01	8.634107264542975613e-02
4.829101562499995559e-01	7.719008699870807955e-02
4.605468749999995781e-01	7.552906154703983854e-02
4.994140624999995337e-01	7.705897576429272811e-02
4.593749999999995337e-01	7.688623992218969472e-02
5.513671874999996891e-01	7.530537427902178615e-02
5.258789062499996669e-01	7.513277777591395590e-02
