6.455078124999997780e-01	1.654464873576909356e-01
7.019531249999997335e-01	1.749048521588158767e-01
4.584960937499995559e-01	9.429433282187844878e-02
4.953124999999996003e-01	1.033016148148417912e-01
5.436523437499996003e-01	1.123735482818834647e-01
4.448242187499995559e-01	8.872331581355787089e-02
4.857421874999995892e-01	8.977060454175052329e-02
3.723632812499995115e-01	7.097074050478557883e-02
3.373046874999994227e-01	6.447307779165728503e-02
6.173828124999996003e-01	1.233406853406405074e-01
5.406249999999996891e-01	9.667596646521608994e-02
6.943359374999997780e-01	1.412774835360919301e-01
6.142578124999995559e-01	1.103937498455600796e-01
4.685546874999995670e-01	7.583442945424563597e-02
4.627929687499995337e-01	7.343825547804147535e-02
4.690429687499995115e-01	7.246669864707866449e-02
5.255859374999996003e-01	8.307990524645492147e-02
5.146484374999995559e-01	7.610658612773574250e-02
4.686523437499995337e-01	6.792629082280599029e-02
5.518554687499995781e-01	8.308015020820641583e-02
5.113281249999994671e-01	7.466104217184731107e-02
4.263671874999995226e-01	5.667990240805669683e-02
6.561523437499996447e-01	1.077260361265031385e-01
5.666992187499996225e-01	8.238235025053222693e-02
4.816406249999994893e-01	6.423614553357172297e-02
4.286132812499995337e-01	5.521286885288438639e-02
4.354492187499995337e-01	5.574156675148904394e-02
6.070312499999996891e-01	8.813439535838743510e-02
4.770507812499995559e-01	6.090448453055193750e-02
4.585937499999995226e-01	5.658236785881870512e-02
5.107421874999995559e-01	6.384514859875323189e-02
5.330078124999995115e-01	6.775782318280605676e-02
4.310546874999994782e-01	5.154963617122031161e-02
5.455078124999996891e-01	6.846910955490444206e-02
5.000976562499995781e-01	6.046793996937814553e-02
