5.940429687499996225e-01	1.419621891499997790e-01
5.887695312499997558e-01	1.358595071046937997e-01
5.388671874999997335e-01	1.170853079540385144e-01
4.765624999999995559e-01	1.062747369525689628e-01
4.188476562499995337e-01	9.635721103862962544e-02
3.450195312499995115e-01	8.739236806908436128e-02
4.846679687499995115e-01	9.630111847081515575e-02
5.542968749999995781e-01	1.034490627018654629e-01
5.160156249999995337e-01	9.314655540016068824e-02
5.600585937499994449e-01	9.924471366137202488e-02
5.078124999999995559e-01	8.656343812338772314e-02
4.157226562499994893e-01	7.462631397007754575e-02
4.911132812499995337e-01	7.977966178729936630e-02
4.915039062499995115e-01	7.761463316504772780e-02
4.628906249999995559e-01	6.987728827491125616e-02
5.160156249999995337e-01	7.582948242291012719e-02
4.675781249999995115e-01	6.950990226873980660e-02
4.873046874999995559e-01	7.156771141430762206e-02
3.748046874999994560e-01	6.255789895549877799e-02
5.540039062499996225e-01	7.891766420514671754e-02
3.693359374999994893e-01	5.775487914195981398e-02
4.515624999999995337e-01	6.402446038972944842e-02
5.173828124999995115e-01	6.903637118092446900e-02
4.032226562499994227e-01	5.828157969590733178e-02
5.476562499999995115e-01	7.174977783047205293e-02
4.280273437499995115e-01	5.811857907695464065e-02
4.970703124999995559e-01	6.246939980987508551e-02
4.070312499999994560e-01	5.453053903448116385e-02
5.004882812499995559e-01	6.238752783077244207e-02
4.871093749999995115e-01	5.950221332635118737e-02
4.615234374999995226e-01	5.507122415107552904e-02
4.872070312499995337e-01	5.834422183988859090e-02
4.300781249999994227e-01	5.168317264205960632e-02
4.006835937499995115e-01	4.898462782825626499e-02
6.879882812499997780e-01	8.827272311716477526e-02
