4.031249999999994560e-01	9.330386524987061003e-02
6.341796874999996447e-01	1.524550687920364078e-01
3.913085937499994893e-01	8.561362227454034912e-02
6.987304687499996669e-01	1.689435527789478197e-01
6.501953124999997335e-01	1.432226637715018625e-01
4.865234374999995448e-01	9.308676978396883406e-02
5.583984374999995115e-01	1.080346392922389986e-01
4.303710937499994893e-01	7.731493001468031645e-02
4.477539062499995559e-01	8.263480193953716413e-02
4.703124999999995781e-01	8.438994259264995246e-02
4.179687499999995004e-01	7.356992648915251787e-02
6.400390624999998668e-01	1.137366475442586761e-01
4.114257812499995115e-01	7.062377462032602693e-02
4.935546874999995892e-01	7.756013034666572881e-02
4.614257812499995559e-01	7.330110558984273550e-02
4.911132812499995337e-01	7.332319037027514030e-02
5.315429687499995115e-01	7.847905120751827446e-02
5.014648437499995559e-01	7.366804352897488029e-02
5.791015624999995559e-01	8.400111791237693804e-02
4.624023437499995559e-01	6.457511421706448040e-02
5.320312499999995115e-01	7.356536419303039143e-02
5.396484374999996891e-01	7.466929489219815974e-02
4.490234374999995115e-01	6.187912048670251436e-02
4.625976562499994893e-01	6.081653797329641953e-02
6.714843749999998002e-01	9.632466406369648293e-02
3.525390624999993894e-01	5.357104905440918108e-02
3.563476562499994227e-01	5.142719886523797884e-02
6.262695312499997335e-01	8.329651730577924962e-02
4.579101562499995337e-01	5.704504822034477812e-02
5.081054687499995115e-01	6.265956472458802939e-02
4.829101562499995559e-01	5.916535951215964872e-02
4.371093749999994671e-01	5.393969274250495077e-02
7.065429687499996669e-01	9.388682126248941440e-02
4.874023437499995781e-01	5.679608642177855216e-02
3.874999999999994560e-01	4.757647113083435936e-02
