2.771484374999993450e-01	7.727328653542422932e-02
6.230468749999996669e-01	1.674757762503862879e-01
4.766601562499995781e-01	1.096120183885023192e-01
5.535156249999996225e-01	1.205765144922391202e-01
4.850585937499996003e-01	1.041341864350919105e-01
7.131835937499996225e-01	1.646107852438431773e-01
4.659179687499994671e-01	9.116516856553399939e-02
4.201171874999995448e-01	8.218050193073027365e-02
5.389648437499996447e-01	1.023169270927517388e-01
4.927734374999995781e-01	9.089359667285050459e-02
7.061523437499996891e-01	1.352536859628342969e-01
5.320312499999995115e-01	9.434182697919936411e-02
4.361328124999995226e-01	7.917245663302627245e-02
4.208007812499995337e-01	7.346726408966874899e-02
5.069335937499995781e-01	8.262790575577930174e-02
4.817382812499995115e-01	7.507576433055265785e-02
5.380859374999995559e-01	8.315685081539116175e-02
5.898437499999997780e-01	9.215145818421993651e-02
5.417968749999996225e-01	7.918753992352155213e-02
5.505859374999995115e-01	7.716523401360883549e-02
5.139648437499995115e-01	7.442194142461992790e-02
5.313476562499995781e-01	7.388998577860934891e-02
5.287109374999994227e-01	7.317795075379124325e-02
5.295898437499995115e-01	7.078353267098963508e-02
4.754882812499995337e-01	6.490413567214732560e-02
5.733398437499995781e-01	7.611082644053060453e-02
5.339843749999996225e-01	7.009089826969769343e-02
5.598632812499995115e-01	7.200187349371346690e-02
4.721679687499995559e-01	5.982720438983305661e-02
4.593749999999995337e-01	5.848356655627685169e-02
4.649414062499994671e-01	5.758218550839007410e-02
5.265624999999996003e-01	6.378087635410262246e-02
4.246093749999995115e-01	5.315939543410102414e-02
4.847656249999995337e-01	5.711919217360791889e-02
5.199218749999996447e-01	6.011904616325940837e-02
