3.497070312499994671e-01	9.358442156509165499e-02
3.356445312499994893e-01	8.556673713562527872e-02
4.508789062499994893e-01	1.041584494155709806e-01
4.647460937499995337e-01	1.035598446025375735e-01
3.722656249999994893e-01	8.088523319958353108e-02
6.722656249999997558e-01	1.553444291206755035e-01
3.179687499999994116e-01	6.797916198974329749e-02
3.771484374999994338e-01	7.472435167039447046e-02
4.093749999999994893e-01	7.778950453685994082e-02
4.324218749999995115e-01	7.994118019087004257e-02
7.571289062499998446e-01	1.695093204232243911e-01
5.508789062499995781e-01	9.794464509529395013e-02
4.916992187499995559e-01	8.499215865735136599e-02
6.779296874999996003e-01	1.287429914451396484e-01
5.194335937499995337e-01	8.445679530582674011e-02
4.913085937499995781e-01	7.778109756122596197e-02
5.079101562499995781e-01	7.821377869529577698e-02
5.456054687499996003e-01	8.488062964634490726e-02
5.384765624999996447e-01	8.268196849768680301e-02
3.270507812499994227e-01	5.418092317054809537e-02
5.745117187499996225e-01	8.549785131484054224e-02
5.226562499999996003e-01	7.637446305844215744e-02
6.036132812499996891e-01	8.828122444501849964e-02
4.729492187499995115e-01	6.453973319286331056e-02
5.233398437499995337e-01	7.127320883881529956e-02
4.685546874999995670e-01	6.319146420295727873e-02
5.777343749999995781e-01	7.862425709610880442e-02
5.067382812499995337e-01	6.594393633073272754e-02
5.577148437499995781e-01	7.213482128672792093e-02
4.176757812499994893e-01	5.391062788705595910e-02
5.084960937499994893e-01	6.373901037638451950e-02
5.312499999999995559e-01	6.617691068808921606e-02
5.523437499999996891e-01	6.819197160380047196e-02
4.620117187499994671e-01	5.526310712182323087e-02
3.998046874999994782e-01	4.853546716512111697e-02
