5.358398437499996003e-01	1.324305620567222397e-01
5.026367187499996003e-01	1.161144386115810917e-01
3.775390624999994116e-01	8.238070887644145801e-02
5.071289062499996225e-01	1.112324544087781308e-01
6.403320312499998224e-01	1.460754834327291640e-01
4.863281249999995559e-01	9.715860260878525501e-02
5.185546874999995559e-01	1.034782675440564931e-01
4.553710937499995115e-01	8.872794799821877298e-02
7.801757812499997558e-01	1.686601847169819091e-01
5.576171874999995559e-01	1.045628126075411612e-01
5.350585937499995337e-01	9.537602003689711616e-02
5.151367187499995559e-01	8.872798148819201203e-02
4.435546874999995448e-01	8.039864085448439335e-02
4.674804687499994893e-01	8.102178093738238163e-02
5.017578124999995115e-01	8.243545881053919444e-02
4.678710937499995781e-01	7.706070317910021505e-02
4.351562499999995226e-01	7.456124827128733645e-02
5.680664062499997113e-01	8.473219430418924003e-02
3.823242187499994449e-01	6.992650444081310868e-02
5.212890624999997335e-01	7.527369856145556259e-02
3.927734374999994893e-01	6.788730152694452680e-02
4.205078124999995226e-01	6.509336092244528971e-02
3.723632812499995115e-01	6.489363585914291466e-02
5.292968749999995559e-01	7.268832299462772706e-02
4.756835937499995781e-01	6.421690009748774741e-02
5.858398437499996447e-01	7.801886926502410446e-02
5.414062499999996447e-01	7.026517154394215647e-02
4.812499999999995115e-01	6.391627490352741470e-02
3.775390624999994116e-01	5.958910741465171107e-02
5.310546874999995115e-01	6.623930626108309738e-02
4.252929687499994449e-01	5.960887926319719671e-02
4.885742187499995115e-01	6.098169396271163611e-02
5.025390624999996891e-01	6.143464608172695407e-02
4.246093749999995115e-01	5.527496591045832908e-02
4.817382812499995115e-01	5.727468726845932889e-02
