4.632812499999995337e-01	1.134818704184450827e-01
4.243164062499994449e-01	9.973456715165054942e-02
4.623046874999995337e-01	1.025251169907290538e-01
3.293945312499994005e-01	8.250170436578276034e-02
3.548828124999993672e-01	8.082742028505125742e-02
3.857421874999995004e-01	8.190360023398730871e-02
3.899414062499994005e-01	7.596168570918795937e-02
3.697265624999994671e-01	7.420285580154641070e-02
5.170898437499995559e-01	9.724398588702899693e-02
6.662109374999996003e-01	1.356609698351549098e-01
5.452148437499996225e-01	9.601739062838150762e-02
4.790039062499995559e-01	7.925050247075864085e-02
4.964843749999995337e-01	8.342741863326856577e-02
4.508789062499994893e-01	7.360956639095043996e-02
6.458007812499997335e-01	1.114258915531590316e-01
4.595703124999995226e-01	7.226573371663848333e-02
4.444335937499995781e-01	6.703097689692921746e-02
7.588867187499996891e-01	1.400317530777923369e-01
3.922851562499994893e-01	6.115755293280896593e-02
5.833984374999996447e-01	8.921242522603317626e-02
4.880859374999995670e-01	7.015622071234289825e-02
4.666992187499995337e-01	6.522189694181924902e-02
5.498046874999995559e-01	7.625643777715875038e-02
4.410156249999994671e-01	6.069422429499504723e-02
5.253906249999995559e-01	7.132745436827342411e-02
6.859374999999997558e-01	1.024891012383771227e-01
4.585937499999995226e-01	5.795670131457260343e-02
4.523437499999994893e-01	5.682295166689400878e-02
5.040039062499995781e-01	6.325153492491684959e-02
3.643554687499993561e-01	5.136399357855103015e-02
5.387695312499997113e-01	6.692777769845568991e-02
4.137695312499994893e-01	5.230296245279464351e-02
4.566406249999994671e-01	5.535174061635146636e-02
5.440429687499995781e-01	6.379879196373394734e-02
4.904296874999995448e-01	5.742768512512490958e-02
