3.972656249999995115e-01	1.006296514663510833e-01
5.984374999999996225e-01	1.281309819526026683e-01
5.267578124999996447e-01	1.117565752428770348e-01
2.289062499999993117e-01	8.860348016085567435e-02
3.338867187499994227e-01	8.643819234161816134e-02
4.461914062499995337e-01	8.978262086651743468e-02
7.023437499999998224e-01	1.393542954209043838e-01
5.909179687499996891e-01	1.105066034174591733e-01
3.981445312499994893e-01	8.237304406679764324e-02
7.692382812499998224e-01	1.463691384541745133e-01
3.749999999999994449e-01	7.726117470468032988e-02
4.707031249999995559e-01	8.388343533824509091e-02
6.002929687499996003e-01	9.643609235658197332e-02
4.474609374999995448e-01	7.998508419552208260e-02
2.209960937499993172e-01	7.898481376896950013e-02
6.235351562499996669e-01	9.835698150697606834e-02
4.440429687499994893e-01	7.525554752354099430e-02
5.131835937499994449e-01	7.920965965395060371e-02
4.977539062499996003e-01	7.522018090151524894e-02
6.461914062499997113e-01	9.320913483696899315e-02
6.326171874999997335e-01	9.075254224679236981e-02
3.360351562499994671e-01	7.182494095204473850e-02
5.432617187499996225e-01	7.810033257018832165e-02
5.912109374999996447e-01	8.190042239095357557e-02
6.131835937499995337e-01	8.266849356616363942e-02
5.005859374999994671e-01	7.068137104414023986e-02
4.676757812499995337e-01	6.894320629161078406e-02
4.665039062499994893e-01	6.772444814419260883e-02
4.730468749999995337e-01	6.608066883399263403e-02
5.167968749999996003e-01	6.718906222655675331e-02
5.845703124999996891e-01	7.280739629766753984e-02
4.330078124999994782e-01	6.182550437823015888e-02
4.574218749999995337e-01	6.309833694198085929e-02
4.185546874999995226e-01	6.270379757066453508e-02
4.217773437499995337e-01	6.034999454073301794e-02
