4.367187499999994893e-01	1.136919845022466569e-01
3.912109374999994671e-01	1.022501280694994436e-01
3.343749999999994227e-01	9.134704537745787223e-02
4.844726562499995781e-01	1.050036331468392897e-01
4.720703124999995337e-01	9.369366047577658285e-02
5.006835937499994893e-01	1.030056534138647228e-01
4.029296874999994671e-01	8.289814589506552811e-02
3.685546874999994782e-01	7.580426038938369027e-02
5.032226562499996225e-01	8.968452571757316860e-02
5.819335937499995337e-01	1.040147955455440892e-01
3.614257812499994671e-01	6.779827260122987809e-02
4.449218749999995781e-01	7.354332322647562370e-02
5.044921874999994671e-01	8.208270424403539545e-02
6.860351562499997780e-01	1.224086959414438514e-01
5.748046874999996891e-01	9.171427242313499872e-02
5.239257812499995559e-01	8.209385202489295763e-02
6.024414062499997558e-01	9.488970511418186315e-02
4.679687499999995448e-01	6.978093826506148734e-02
5.336914062499996669e-01	7.821414158052246435e-02
3.985351562499994671e-01	6.182985783024364662e-02
4.659179687499994671e-01	6.791830901978321289e-02
6.071289062499997113e-01	8.812774555457403292e-02
4.909179687499994893e-01	6.675045429278236853e-02
6.308593749999996669e-01	8.808031747241623632e-02
4.286132812499995337e-01	5.948311647012141656e-02
3.538085937499994005e-01	5.381109796004543422e-02
3.618164062499994449e-01	5.336669723318251263e-02
4.886718749999995337e-01	6.147992112514915480e-02
5.722656249999996669e-01	7.350053343568548059e-02
5.642578124999995115e-01	7.113373024654262577e-02
5.337890624999996891e-01	6.546483932275494466e-02
4.749023437499995115e-01	5.774166859975432553e-02
5.370117187499996447e-01	6.321456806830666464e-02
5.317382812499995559e-01	6.321013077061554686e-02
4.744140624999995115e-01	5.550635637931423949e-02
