3.955078124999995004e-01	1.091692000288955466e-01
4.483398437499994671e-01	1.165628460978192643e-01
4.937499999999995781e-01	1.239438388084618120e-01
4.551757812499994671e-01	1.080140915350811942e-01
4.543945312499995115e-01	1.026269838254302152e-01
3.949218749999995337e-01	8.470147093945980254e-02
4.488281249999994671e-01	9.462887411540557570e-02
4.712890624999995226e-01	9.172642125107730027e-02
3.625976562499994005e-01	6.995637676043678366e-02
4.280273437499995115e-01	8.230929266705906688e-02
5.430664062499995781e-01	1.117073884247123533e-01
5.089843749999994893e-01	9.769192377137736472e-02
4.381835937499994893e-01	7.596994978372148544e-02
4.318359374999994893e-01	7.344517653166206250e-02
4.867187499999995337e-01	8.580068176219814158e-02
5.324218749999996003e-01	9.458811055251066524e-02
4.410156249999994671e-01	7.060209138021496245e-02
5.045898437499994893e-01	8.196745289604225049e-02
5.057617187499995337e-01	8.275673297634092429e-02
4.906249999999995337e-01	7.734969699833138534e-02
4.836914062499995115e-01	7.474871795161243393e-02
5.521484374999996447e-01	9.047253094858145883e-02
4.808593749999995337e-01	7.159256478603620577e-02
4.498046874999995226e-01	6.370369513281602669e-02
3.843749999999994671e-01	5.102381827147661753e-02
6.360351562499997335e-01	1.089999617479745497e-01
5.073242187499995559e-01	7.264938209042036410e-02
4.807617187499995115e-01	6.550077541385997126e-02
5.026367187499996003e-01	6.801139229161960731e-02
5.157226562499995781e-01	7.097959597445897828e-02
5.298828124999994671e-01	7.300891187151786754e-02
4.200195312499995781e-01	5.217398806214126189e-02
4.605468749999995781e-01	5.604961771198894299e-02
4.627929687499995337e-01	5.650345734134554210e-02
4.929687499999995670e-01	6.240975910662536347e-02
