5.586914062499995781e-01	1.278144054416498754e-01
5.757812499999996891e-01	1.309187123499205019e-01
1.885742187499992728e-01	7.030559274453171414e-02
4.631835937499995115e-01	1.020237553370317851e-01
5.972656249999995781e-01	1.194926808574914706e-01
5.166015624999995559e-01	9.973129776734034058e-02
5.228515624999996447e-01	9.768785945056515652e-02
4.778320312499995115e-01	9.129065025246713150e-02
4.728515624999995448e-01	8.662033277411554377e-02
5.616210937499995781e-01	9.711641721039064590e-02
6.007812499999996003e-01	1.037731431616275013e-01
2.402343749999993061e-01	8.045690676826933174e-02
3.482421874999994116e-01	7.560333925401994948e-02
3.910156249999994227e-01	7.139182525666444568e-02
5.203124999999996225e-01	8.115830862142064950e-02
3.627929687499994449e-01	6.785687437374240960e-02
5.362304687499995781e-01	8.089679180194440933e-02
4.887695312499995559e-01	7.173729375720802603e-02
4.499999999999995115e-01	6.785646053694510682e-02
2.958984374999993894e-01	6.206261644492519491e-02
4.873046874999995559e-01	7.020723725114218217e-02
4.479492187499994893e-01	6.307875032729497178e-02
4.913085937499995781e-01	6.771849443821478798e-02
5.191406249999995781e-01	6.913594572434790531e-02
5.426757812499996003e-01	7.143792718717305312e-02
4.932617187499995781e-01	6.385041596871368630e-02
4.357421874999995448e-01	5.732132551935339299e-02
6.144531249999996003e-01	8.067616945094754910e-02
5.356445312499996669e-01	6.723377484310198715e-02
5.263671874999995559e-01	6.434327777246473534e-02
4.886718749999995337e-01	5.916860106691005511e-02
5.270507812499996003e-01	6.204692805244465398e-02
5.266601562499996225e-01	6.184532623644298233e-02
5.347656249999995781e-01	6.295481361901823780e-02
5.558593749999996003e-01	6.435952968624873705e-02
