3.180664062499993783e-01	9.944893234678948979e-02
5.233398437499995337e-01	1.355457237003838689e-01
5.638671874999996447e-01	1.340475671789307377e-01
6.062499999999996225e-01	1.399820219269341803e-01
4.437499999999995337e-01	1.033023032332500007e-01
5.262695312499996447e-01	1.127434799225036505e-01
5.710937499999997335e-01	1.165641145236465670e-01
6.407226562499998002e-01	1.278496777909784998e-01
4.031249999999994560e-01	8.961092238116234732e-02
4.769531249999995337e-01	8.834564890734750153e-02
5.349609374999995115e-01	9.816548574266471816e-02
5.180664062499996669e-01	9.050927416598435193e-02
4.624023437499995559e-01	8.111235983693816654e-02
5.907226562499997558e-01	9.696187386635413130e-02
3.990234374999994671e-01	7.301514063085612349e-02
4.591796874999995448e-01	7.380611299068133568e-02
4.341796874999995226e-01	7.363017743372149426e-02
3.512695312499994893e-01	7.092872785155279747e-02
5.107421874999995559e-01	7.751461718413975299e-02
4.251953124999994782e-01	6.801464382802120678e-02
4.503906249999994893e-01	6.758156567488084188e-02
5.252929687499995337e-01	7.345732664370863141e-02
6.606445312499996669e-01	9.518826646942510350e-02
4.325195312499995337e-01	6.283372995159888785e-02
5.955078124999997335e-01	8.089401005392683752e-02
2.856445312499994449e-01	6.675767029952958675e-02
4.869140624999995226e-01	6.578886695708982546e-02
5.107421874999995559e-01	6.737850684575204252e-02
5.667968749999996447e-01	7.177999165769280432e-02
5.118164062499995781e-01	6.475083276691916134e-02
5.586914062499995781e-01	6.881367520020646722e-02
4.848632812499995559e-01	5.959623941357877763e-02
5.381835937499995781e-01	6.529179777630240988e-02
4.477539062499995559e-01	5.640886337382029075e-02
4.406249999999994893e-01	5.600365648717628431e-02
