3.172851562499994227e-01	7.663683095485922248e-02
4.647460937499995337e-01	9.968784368404151608e-02
5.102539062499994449e-01	1.092294486684931148e-01
5.546874999999995559e-01	1.184766806124920996e-01
4.270507812499995115e-01	9.146034159434227040e-02
3.742187499999994338e-01	8.187378752545620975e-02
5.277343749999995337e-01	9.284536361778270019e-02
3.519531249999994227e-01	7.195270321025916405e-02
4.289062499999994893e-01	8.274699759230340346e-02
5.516601562499996447e-01	1.005868189495098680e-01
5.383789062499996225e-01	9.265501002579873413e-02
4.781249999999995226e-01	8.391263166992371514e-02
5.231445312499996003e-01	9.113480367109444424e-02
3.949218749999995337e-01	7.894063139048516919e-02
5.520507812499996225e-01	8.987015696912316332e-02
5.146484374999995559e-01	8.775769278541548091e-02
4.483398437499994671e-01	8.104417339927409702e-02
3.457031249999994449e-01	7.344024676536943519e-02
5.584960937499995337e-01	8.552405307831513481e-02
4.926757812499995559e-01	8.008876559969180242e-02
5.915039062499997113e-01	8.741076053701267445e-02
5.208984374999996447e-01	7.978494410118158742e-02
4.057617187499994449e-01	7.478307243900542134e-02
5.222656249999996225e-01	7.844684144904046086e-02
5.232421874999995115e-01	7.648545193967333511e-02
5.646484374999996003e-01	7.959564412091944818e-02
5.264648437499995781e-01	7.575621453418990292e-02
4.900390624999995115e-01	6.937501730411999024e-02
2.844726562499994005e-01	6.806280018359311956e-02
5.696289062499996225e-01	7.608803934963664917e-02
5.742187499999995559e-01	7.263066517452702875e-02
6.003906249999996225e-01	7.647669687625807677e-02
4.671874999999995337e-01	7.029179612234126573e-02
4.785156249999995559e-01	6.858621775531810461e-02
5.539062499999996003e-01	7.119801901054136073e-02
