5.385742187499996669e-01	1.331203821732653836e-01
5.831054687499995781e-01	1.367841895201507285e-01
4.650390624999994893e-01	1.055055949311446695e-01
5.607421874999996003e-01	1.179437535737313941e-01
8.100585937499996669e-01	2.027966504245334312e-01
5.207031249999996003e-01	1.023059488635803121e-01
6.791015624999996447e-01	1.387974465111517230e-01
4.402343749999995115e-01	8.870291783425304777e-02
3.566406249999993783e-01	7.852538308029494152e-02
7.586914062499997558e-01	1.533441276690655219e-01
4.164062499999994782e-01	7.826487129047819680e-02
4.380859374999995226e-01	7.485712393669291531e-02
4.542968749999994893e-01	7.751668615834679532e-02
5.599609374999994227e-01	8.885797467332312571e-02
4.550781249999994449e-01	7.431416797918966033e-02
5.273437499999995559e-01	8.336340787786260254e-02
5.409179687499996447e-01	8.383454801004923407e-02
3.553710937499994227e-01	6.139458745561635761e-02
4.247070312499995337e-01	6.417123905315411103e-02
5.902343749999997558e-01	8.865076897264770328e-02
5.821289062499995781e-01	8.360576115360915384e-02
5.953124999999996891e-01	8.651346136302830170e-02
4.885742187499995115e-01	6.699969776129413579e-02
4.918945312499996003e-01	6.675152224050300009e-02
5.379882812499996447e-01	7.175551844212883779e-02
5.319335937499994893e-01	6.994538838172378870e-02
4.726562499999995559e-01	6.103429960116727587e-02
4.422851562499995337e-01	5.684786224525686243e-02
5.674804687499995781e-01	7.285456391058946213e-02
4.343749999999995115e-01	5.445633322174935065e-02
4.040039062499994893e-01	5.254901684850270260e-02
4.381835937499994893e-01	5.455170468197400452e-02
6.342773437499996669e-01	8.095457817973518433e-02
5.324218749999996003e-01	6.339800059268915766e-02
4.642578124999994782e-01	5.450306446447470560e-02
