2.776367187499992895e-01	8.542955926795624266e-02
8.622070312499998668e-01	2.689361356882512544e-01
3.621093749999994005e-01	9.515409057770052303e-02
6.040039062499996669e-01	1.420678198661234626e-01
4.145507812499994449e-01	9.876546732012581042e-02
5.490234374999996003e-01	1.169619413781275707e-01
5.886718749999997335e-01	1.223490970879590051e-01
3.533203124999994005e-01	8.668780914091515910e-02
3.393554687499993339e-01	8.300840250773947049e-02
6.222656249999997113e-01	1.191725951541081213e-01
2.838867187499993783e-01	7.127305149055543354e-02
3.594726562499994671e-01	7.756153776721223803e-02
4.851562499999995670e-01	8.745163813653036855e-02
5.808593749999996225e-01	1.014865227461417552e-01
3.911132812499994449e-01	7.415182074309437099e-02
5.049804687499994671e-01	8.638281929222016431e-02
3.582031249999994005e-01	7.194983466606519329e-02
4.854492187499995781e-01	8.090341312875112822e-02
4.743164062499994893e-01	7.649305350521058700e-02
5.576171874999995559e-01	8.316706120496725196e-02
6.089843749999995781e-01	9.132745487891544278e-02
3.960937499999994671e-01	6.884754884697191768e-02
5.675781249999996003e-01	8.336535864991356792e-02
5.339843749999996225e-01	7.533176183003545412e-02
4.704101562499996003e-01	6.916916044071777514e-02
5.111328124999994227e-01	7.225956988241306889e-02
5.122070312499995559e-01	7.213524117294189963e-02
5.426757812499996003e-01	7.331776649909610422e-02
4.041015624999994560e-01	6.400332880431230942e-02
4.000976562499994893e-01	6.317025811298909721e-02
4.103515624999994893e-01	6.282117119303223807e-02
4.413085937499995337e-01	6.273632022549367748e-02
4.878906249999995781e-01	6.420686827746170666e-02
4.613281249999995337e-01	6.265491098435524431e-02
4.750976562499995559e-01	6.037102087317076926e-02
