4.847656249999995337e-01	1.073175671995128255e-01
4.993164062499995115e-01	1.050557968281533444e-01
3.041992187499993339e-01	7.340816821853127228e-02
4.398437499999994782e-01	8.835866191199086284e-02
5.923828124999996891e-01	1.202842523868842967e-01
5.128906249999994893e-01	9.260215849943949362e-02
3.734374999999994227e-01	6.891788425165919219e-02
6.209960937499997558e-01	1.194355927634817433e-01
4.818359374999995337e-01	8.446498653695964920e-02
4.780273437499995559e-01	7.949299680251400990e-02
4.826171874999995448e-01	7.831879801520701123e-02
4.141601562499994671e-01	6.676917348403571539e-02
4.819335937499995559e-01	7.353622660665992683e-02
4.431640624999995115e-01	6.761985485270975704e-02
4.299804687499994005e-01	6.481439703532058949e-02
4.031249999999994560e-01	6.117977997026782105e-02
4.843749999999995559e-01	6.937271503181496879e-02
5.080078124999996003e-01	7.329670985873840139e-02
5.857421874999997335e-01	8.712079727618049496e-02
4.701171874999995892e-01	6.471765455174893766e-02
5.386718749999996891e-01	7.571316223120000410e-02
5.465820312499996003e-01	7.551101701175096104e-02
5.711914062499997558e-01	7.907303393632436617e-02
5.227539062499996225e-01	6.829557588118287392e-02
4.129882812499995337e-01	5.267837998008426809e-02
5.765624999999996447e-01	7.561096224220499595e-02
4.646484374999995115e-01	5.703909448598714488e-02
5.004882812499995559e-01	6.142770180159889265e-02
5.225585937499995781e-01	6.414394807746000293e-02
4.363281249999995115e-01	5.213042344343164769e-02
5.297851562499995559e-01	6.331558525681216243e-02
4.903320312499995781e-01	5.725936293428193768e-02
4.901367187499995337e-01	5.661053824084188307e-02
4.191406249999994893e-01	4.806615409365419533e-02
4.618164062499995337e-01	5.178344067560426006e-02
