5.827148437499996003e-01	1.405966202877443616e-01
5.216796874999996003e-01	1.218239158481503187e-01
2.972656249999994227e-01	8.443306359541301320e-02
4.541015624999995004e-01	1.014280282786289428e-01
4.651367187499995115e-01	9.898421517285106719e-02
5.324218749999996003e-01	1.062802360073153152e-01
5.153320312499996003e-01	9.704161710475726899e-02
3.511718749999994671e-01	7.741570832653396628e-02
3.851562499999994782e-01	7.637080288028016972e-02
4.826171874999995448e-01	8.332201784376966347e-02
5.160156249999995337e-01	9.011194652892327850e-02
4.272460937499994449e-01	7.427870017999482766e-02
6.255859374999996891e-01	1.073016784965522552e-01
5.273437499999995559e-01	8.456965817008348096e-02
4.749999999999995337e-01	7.667487845285313186e-02
6.198242187499997113e-01	9.860208569625678043e-02
4.540039062499995337e-01	7.124012367482202013e-02
5.138671874999996003e-01	7.741960056806927726e-02
2.853515624999993783e-01	6.141595828803761425e-02
5.772460937499995781e-01	8.563623352856022941e-02
4.624999999999995226e-01	6.627858137760817003e-02
4.186523437499994893e-01	6.279103754139357674e-02
4.848632812499995559e-01	6.623091479135341519e-02
5.093749999999994671e-01	6.846765366170610989e-02
4.787109374999995448e-01	6.341112384849373340e-02
5.362304687499995781e-01	7.037546073306615024e-02
5.833984374999996447e-01	7.574043270038886833e-02
5.245117187499995781e-01	6.552308694143019197e-02
5.026367187499996003e-01	6.312974491892114903e-02
5.532226562499996669e-01	6.748360392848407052e-02
6.156249999999996447e-01	7.714760900184053360e-02
5.369140624999997335e-01	6.458634431922846697e-02
4.612304687499995115e-01	5.597793207369466256e-02
4.084960937499995115e-01	5.078089116880148135e-02
5.213867187499996447e-01	6.101347234724659868e-02
