7.202148437499997780e-01	2.068352308034866194e-01
6.166015624999996447e-01	1.535259801152761006e-01
4.685546874999995670e-01	1.143220884654369690e-01
5.820312499999995559e-01	1.327133403809723777e-01
4.990234374999995559e-01	1.103776258325693260e-01
2.265624999999993061e-01	7.063147467916822131e-02
3.319335937499994227e-01	8.632281437038852312e-02
7.788085937499996669e-01	1.768934725435560573e-01
4.526367187499994449e-01	9.510221462527920777e-02
5.466796874999995115e-01	1.062867537224497089e-01
4.363281249999995115e-01	8.252115375822624554e-02
3.775390624999994116e-01	7.598171630740165050e-02
5.890624999999997113e-01	1.045542116442425284e-01
2.569335937499993561e-01	6.786490512081344573e-02
4.059570312499994893e-01	7.692393317827612986e-02
6.258789062499997558e-01	1.052302228999901917e-01
4.339843749999995337e-01	7.417600900122631180e-02
6.167968749999996891e-01	1.007224857398535678e-01
4.948242187499996003e-01	7.663519349876346531e-02
6.587890624999996891e-01	1.019484059622783045e-01
5.886718749999997335e-01	9.022825270953037380e-02
5.730468749999996225e-01	8.528107165801293577e-02
2.903320312499994005e-01	6.285778881853157363e-02
4.729492187499995115e-01	6.829272844434261525e-02
4.118164062499994893e-01	6.469714598755471613e-02
4.307617187499994671e-01	6.530460002083325610e-02
4.208007812499995337e-01	6.207262546796447900e-02
5.050781249999994893e-01	6.706380303774002460e-02
4.618164062499995337e-01	6.095046926565859252e-02
4.021484374999994560e-01	5.792130114865400026e-02
5.005859374999994671e-01	6.404178593581673351e-02
4.868164062499995559e-01	6.242126496829687038e-02
6.741210937499996225e-01	8.830246777864692032e-02
4.845703124999995448e-01	6.194460014524491576e-02
4.763671874999995670e-01	5.972946726020725988e-02
