4.520507812499995337e-01	1.033723274794934310e-01
4.787109374999995448e-01	1.057348209095252262e-01
4.823242187499995337e-01	1.038669374604723888e-01
4.860351562499996003e-01	1.000348828857204608e-01
7.221679687499997780e-01	1.846780382347512628e-01
3.908203124999994338e-01	7.399173184485299815e-02
4.178710937499995337e-01	7.754902076873153305e-02
4.360351562499995559e-01	7.946322042344382275e-02
5.157226562499995781e-01	9.707277572146312539e-02
5.520507812499996225e-01	1.039416765031172668e-01
4.033203124999994449e-01	6.560034123739487411e-02
4.862304687499995337e-01	8.155203093766130729e-02
3.557617187499994005e-01	5.693331554469754224e-02
5.358398437499996003e-01	9.239201014086363684e-02
4.267578124999995004e-01	6.596286418325790490e-02
5.996093749999996669e-01	1.075247573931822215e-01
6.351562499999996447e-01	1.168455505253207793e-01
5.219726562499996669e-01	8.171103426013906490e-02
6.068359374999996447e-01	1.024669026570013408e-01
5.485351562499996003e-01	8.517332583516021294e-02
4.501953124999995004e-01	6.171177178404578523e-02
4.524414062499995115e-01	6.154946535565055526e-02
4.289062499999994893e-01	5.743377459212969938e-02
4.676757812499995337e-01	6.331197086276697805e-02
5.327148437499995559e-01	7.444371842491827318e-02
4.573242187499995115e-01	5.939068773466925355e-02
4.696289062499995337e-01	6.118908373131435458e-02
3.944335937499995337e-01	4.868355287922106894e-02
4.605468749999995781e-01	5.848494730260463126e-02
4.471679687499995337e-01	5.542721027548988544e-02
5.047851562499995337e-01	6.444063571359590070e-02
5.113281249999994671e-01	6.590012808612437378e-02
4.915039062499995115e-01	6.101355183809274024e-02
6.227539062499997113e-01	8.863821355902999632e-02
4.350585937499995559e-01	5.067519393045069598e-02
