5.624023437499995337e-01	1.422852807234724071e-01
5.218749999999996447e-01	1.211880676997228734e-01
6.437499999999997113e-01	1.603844174965846081e-01
4.069335937499994893e-01	8.870089956773108408e-02
3.755859374999994671e-01	8.034433323157152973e-02
5.613281249999995115e-01	1.172738681757169582e-01
5.481445312499996225e-01	1.069046499427828562e-01
4.305664062499994227e-01	7.862514753923773025e-02
4.492187499999995004e-01	7.826209829882205260e-02
5.546874999999995559e-01	1.018626695594640474e-01
5.708007812499996669e-01	1.022491245226478662e-01
2.833984374999993783e-01	6.319956487043024151e-02
6.388671874999998224e-01	1.177127261751671206e-01
3.441406249999994227e-01	6.362649758757664420e-02
5.172851562499996003e-01	8.283441189896052770e-02
6.027343749999997113e-01	9.952637928677253443e-02
5.073242187499995559e-01	7.774063314835916172e-02
5.135742187499995337e-01	7.575936842064846799e-02
3.555664062499993561e-01	5.925372255297130936e-02
5.075195312499996003e-01	7.363384350001045409e-02
4.760742187499995559e-01	6.754593398039752949e-02
5.669921874999996891e-01	8.001828842462178903e-02
4.027343749999994227e-01	5.806383832864454864e-02
4.325195312499995337e-01	5.886065700518175459e-02
5.382812499999996003e-01	7.176323224375925902e-02
5.519531249999996003e-01	7.259425866695297380e-02
5.114257812499994893e-01	6.689536060560444253e-02
4.596679687499994893e-01	5.972710533901334079e-02
4.991210937499995781e-01	6.269562051080378173e-02
4.628906249999995559e-01	5.695206026670299876e-02
4.623046874999995337e-01	5.610573479894053611e-02
5.297851562499995559e-01	6.376316893767150495e-02
4.208007812499995337e-01	5.109665443300509535e-02
5.228515624999996447e-01	6.140589800747598553e-02
5.656249999999996003e-01	6.595748778877315310e-02
