2.075195312499992784e-01	8.130153523198824228e-02
2.567382812499993117e-01	8.182314480221990205e-02
3.412109374999994227e-01	8.431367107748576062e-02
3.932617187499994893e-01	8.198792158690808296e-02
4.517578124999995226e-01	9.403493780324868878e-02
2.805664062499992895e-01	6.901827479077050909e-02
5.196289062499995781e-01	1.010217539021023569e-01
4.189453124999995004e-01	7.790890948520609594e-02
5.735351562499996225e-01	1.080988386109264926e-01
4.991210937499995781e-01	8.799962540162031832e-02
4.764648437499995337e-01	8.151331728999285098e-02
4.164062499999994782e-01	6.810544611810116777e-02
5.480468749999996003e-01	9.121161395047928944e-02
6.314453124999996891e-01	1.102142054533894328e-01
5.221679687499996003e-01	8.397806695203054173e-02
4.596679687499994893e-01	7.143298804848779993e-02
3.901367187499994449e-01	5.998173739497955625e-02
4.296874999999994449e-01	6.566617153693946052e-02
4.377929687499995115e-01	6.457993156322841544e-02
4.983398437499995115e-01	7.016901312957864179e-02
4.859374999999995781e-01	6.754229159234335922e-02
4.363281249999995115e-01	6.074162830127398383e-02
4.729492187499995115e-01	6.353441138396592747e-02
4.517578124999995226e-01	5.958714106007129835e-02
5.144531249999995115e-01	6.643974375293823509e-02
4.823242187499995337e-01	6.125560759674516381e-02
5.797851562499996003e-01	7.623464700993555498e-02
5.751953124999995559e-01	7.421846511190600959e-02
5.548828124999996003e-01	6.941483169198392478e-02
5.703124999999996669e-01	7.086509479875816031e-02
5.096679687499994227e-01	6.166368044688907285e-02
5.157226562499995781e-01	6.029688107279237985e-02
4.458984374999995226e-01	5.341355482969211560e-02
4.340820312499995559e-01	5.267062709264088566e-02
5.124999999999995115e-01	5.883345089180719995e-02
