4.675781249999995115e-01	1.159057364020189551e-01
6.238281249999996225e-01	1.709103934595533614e-01
4.643554687499994449e-01	1.085151010935748450e-01
3.966796874999994893e-01	8.869452374081661372e-02
5.184570312499996447e-01	1.066864999877774750e-01
4.228515624999995004e-01	8.512817600597893941e-02
5.078124999999995559e-01	1.000474738044610096e-01
4.304687499999994560e-01	8.216993254192010709e-02
4.929687499999995670e-01	8.874290219210159703e-02
6.475585937499995781e-01	1.335358961312759218e-01
3.547851562499994005e-01	6.420000534974792950e-02
5.261718749999996225e-01	9.225478979912671296e-02
4.734374999999995115e-01	7.727624618085796038e-02
4.136718749999994671e-01	6.722803459943609006e-02
4.853515624999995559e-01	7.803073318270890846e-02
4.300781249999994227e-01	6.594917852956387605e-02
4.658203124999995004e-01	6.951124563262375822e-02
4.382812499999995115e-01	6.461307182858740117e-02
4.572265624999994893e-01	6.724288804524061747e-02
4.313476562499994893e-01	6.151272611591421940e-02
5.570312499999996447e-01	8.279494593500644206e-02
4.549804687499994227e-01	6.282251633531706070e-02
4.378906249999995337e-01	5.816378527078260030e-02
4.316406249999994449e-01	5.762826939964037221e-02
5.507812499999995559e-01	7.634745653113832187e-02
5.276367187499995115e-01	6.905018712530565372e-02
4.967773437499996003e-01	6.422144678554485286e-02
5.461914062499996225e-01	7.187025490769596847e-02
5.110351562499995115e-01	6.485842457230077407e-02
5.697265624999996447e-01	7.376822847068692512e-02
4.846679687499995115e-01	5.897594671203531397e-02
4.350585937499995559e-01	5.206708916669164355e-02
4.661132812499995115e-01	5.452580838349949804e-02
4.089843749999995115e-01	4.868470171264842328e-02
5.419921874999995559e-01	6.501240606200861527e-02
