3.768554687499994227e-01	1.093164523944353123e-01
4.299804687499994005e-01	1.113632747479482571e-01
4.853515624999995559e-01	1.137024062200511082e-01
6.035156249999996669e-01	1.428853843071530572e-01
4.723632812499996003e-01	9.863972543282603644e-02
5.854492187499996669e-01	1.271245418030001184e-01
4.290039062499995115e-01	8.975827981608426598e-02
4.499999999999995115e-01	8.803455644711689898e-02
4.649414062499994671e-01	8.817703855841509120e-02
4.435546874999995448e-01	8.266585799440262505e-02
4.658203124999995004e-01	8.306774094986719981e-02
5.844726562499996669e-01	1.035066985057575550e-01
3.768554687499994227e-01	7.030033600681968864e-02
3.724609374999994782e-01	6.625077447674657116e-02
5.499023437499995781e-01	8.784294591388967788e-02
5.406249999999996891e-01	8.570500174048287234e-02
4.813476562499995337e-01	7.498075101474067916e-02
4.559570312499995337e-01	6.948148840660398062e-02
6.018554687499996225e-01	9.146066985976886166e-02
5.668945312499996669e-01	8.386461447764388677e-02
4.750976562499995559e-01	6.797092824068157180e-02
6.166992187499996669e-01	9.212257976855718622e-02
6.171874999999996669e-01	8.898657381880771544e-02
4.578124999999995115e-01	6.377435182847655815e-02
5.065429687499994893e-01	6.745660575495439348e-02
6.024414062499997558e-01	8.218016574861888857e-02
4.919921874999995670e-01	6.375040691618165389e-02
4.901367187499995337e-01	6.266330205093820216e-02
4.867187499999995337e-01	6.111004832673845588e-02
5.611328124999994671e-01	7.006382455146559218e-02
5.526367187499996447e-01	6.869549138509335739e-02
4.529296874999995115e-01	5.627311163870449967e-02
4.990234374999995559e-01	5.976122729907470954e-02
5.446289062499997113e-01	6.544807789914479368e-02
4.538085937499994893e-01	5.300749024536734189e-02
