5.785156249999995337e-01	1.546897853481219443e-01
3.685546874999994782e-01	1.025248366924069315e-01
6.893554687499997558e-01	1.792383223988664176e-01
4.781249999999995226e-01	1.113158557879325994e-01
5.039062499999995559e-01	1.074366064346320010e-01
4.249999999999994893e-01	9.598818709369862090e-02
6.774414062499997113e-01	1.445493293856783268e-01
5.081054687499995115e-01	1.010506929891463318e-01
5.841796874999996003e-01	1.107044509318312747e-01
5.232421874999995115e-01	9.891680997234647554e-02
5.251953124999995115e-01	9.661804901786354149e-02
5.404296874999996447e-01	9.476837932355013094e-02
5.450195312499996891e-01	9.320962738700816486e-02
5.297851562499995559e-01	8.935397538592744493e-02
6.191406249999996669e-01	1.020171085695856933e-01
4.263671874999995226e-01	7.463976296238609975e-02
4.883789062499995781e-01	7.630872430276121332e-02
6.731445312499997335e-01	1.051736844020026290e-01
4.623046874999995337e-01	7.396402565585459554e-02
6.121093749999996225e-01	8.946617094134051706e-02
4.020507812499994893e-01	7.310497862722827034e-02
5.059570312499995781e-01	7.427144447358137447e-02
3.266601562499994449e-01	7.336922251879157697e-02
4.994140624999995337e-01	6.982939475835034382e-02
4.408203124999994782e-01	6.486259484963412258e-02
5.248046874999996447e-01	7.064977313293439865e-02
3.620117187499993783e-01	6.323856908913082220e-02
4.644531249999994671e-01	6.514013307923131879e-02
3.348632812499994227e-01	6.497563010945060780e-02
6.002929687499996003e-01	7.653517811631260770e-02
5.484374999999995781e-01	6.698335807742342163e-02
4.862304687499995337e-01	6.229767163584471606e-02
5.689453124999996891e-01	6.854326671633345636e-02
5.158203124999996003e-01	6.307466866941478789e-02
4.580078124999995004e-01	5.773411767127276106e-02
