4.019531249999994671e-01	1.087897050819318090e-01
4.558593749999995115e-01	1.147423633293955803e-01
4.689453124999995448e-01	1.103847801032868114e-01
4.013671874999995004e-01	9.297019412673872274e-02
3.032226562499993339e-01	7.127603641115101696e-02
4.128906249999995115e-01	8.532745469573191355e-02
4.553710937499995115e-01	9.468949983018669359e-02
4.713867187499994893e-01	9.241983463929717701e-02
3.934570312499995337e-01	7.628791228032101579e-02
3.665039062499994005e-01	6.663582823849120707e-02
4.618164062499995337e-01	7.992210577531995430e-02
5.355468749999996447e-01	9.574901243091034353e-02
4.475585937499995115e-01	7.582679360481055231e-02
3.070312499999993672e-01	5.674042397928918263e-02
6.494140624999997780e-01	1.217318363940102233e-01
6.285156249999995781e-01	1.151924152110165855e-01
4.121093749999994449e-01	6.548675912227043538e-02
4.875976562499995115e-01	7.479593587889493689e-02
4.519531249999995115e-01	6.875378541915348751e-02
3.711914062499994671e-01	5.503243936352983368e-02
4.716796874999995559e-01	6.922041014539051518e-02
4.418945312499995559e-01	6.217111212821724991e-02
4.634765624999995226e-01	6.571750555420717566e-02
5.293945312499995781e-01	7.638221309098382206e-02
4.373046874999995115e-01	5.962345009103788701e-02
4.052734374999994449e-01	5.422386466193336585e-02
5.813476562499996225e-01	8.366689837780044714e-02
4.874023437499995781e-01	6.377369875866598092e-02
5.270507812499996003e-01	6.845734318597385126e-02
4.671874999999995337e-01	5.824068280334510767e-02
4.923828124999995448e-01	6.136856043641119446e-02
4.813476562499995337e-01	5.848917654739301669e-02
5.178710937499996225e-01	6.494591465598274771e-02
4.813476562499995337e-01	5.764527040578445310e-02
5.064453124999994671e-01	6.156773349314087485e-02
