4.640624999999994893e-01	1.136880624697676617e-01
5.837890624999997335e-01	1.422353541256255738e-01
5.450195312499996891e-01	1.213921604200400989e-01
4.600585937499995781e-01	9.913561353398926690e-02
5.432617187499996225e-01	1.136660094657605952e-01
3.796874999999994005e-01	8.340809414185922088e-02
4.896484374999995337e-01	9.535476968095137063e-02
4.415039062499994671e-01	8.341098949546975339e-02
4.791015624999995226e-01	8.738811022312188703e-02
4.660156249999994893e-01	8.183003148413030281e-02
5.450195312499996891e-01	9.394964308172787382e-02
4.276367187499994227e-01	7.181174195176845410e-02
4.410156249999994671e-01	7.179097063547155988e-02
5.432617187499996225e-01	8.732416979428661574e-02
4.455078124999995448e-01	6.925898598680678420e-02
5.646484374999996003e-01	8.653391700024468114e-02
4.333007812499994893e-01	6.572561553456708616e-02
5.149414062499996225e-01	7.639001023461526596e-02
6.363281249999996891e-01	1.008418931934331880e-01
4.333007812499994893e-01	6.314093744537331576e-02
5.061523437499995115e-01	6.943223531130575388e-02
5.770507812499996447e-01	8.202584548515859386e-02
4.824218749999995559e-01	6.523166203390805273e-02
4.853515624999995559e-01	6.413643396957914578e-02
5.713867187499996891e-01	7.729745102577556537e-02
5.710937499999997335e-01	7.456076297015303000e-02
5.179687499999996447e-01	6.558212004215513424e-02
4.448242187499995559e-01	5.641657439958189940e-02
4.984374999999995337e-01	6.192495345230041026e-02
4.416992187499995115e-01	5.434963286718046127e-02
4.756835937499995781e-01	5.770453467972454231e-02
4.839843749999995781e-01	5.727817782029961252e-02
4.434570312499995781e-01	5.308937850355947147e-02
4.925781249999995337e-01	5.695130093771255675e-02
5.580078124999996447e-01	6.478562471019370939e-02
