4.562499999999994893e-01	9.123533503037356551e-02
5.003906249999995337e-01	1.007272337016064667e-01
4.871093749999995115e-01	9.503836643088177383e-02
4.860351562499996003e-01	8.766989496548492633e-02
4.336914062499994671e-01	8.013083191863527854e-02
4.217773437499995337e-01	7.638067386099534062e-02
4.894531249999994893e-01	8.582425894313326642e-02
3.957031249999994893e-01	6.654726457755233415e-02
3.097656249999993783e-01	6.498652656252525139e-02
4.619140624999995004e-01	7.731269958579768675e-02
4.150390624999994449e-01	6.671271903171453743e-02
2.858398437499993783e-01	5.941438706467202374e-02
5.228515624999996447e-01	8.389390780646545365e-02
6.160156249999996225e-01	1.022475956208864778e-01
5.908203124999997780e-01	9.233821485116203154e-02
4.435546874999995448e-01	6.556968578035342332e-02
4.929687499999995670e-01	7.180670984068941720e-02
4.291992187499994449e-01	6.077456161425137671e-02
5.309570312499996003e-01	7.633872970453037254e-02
4.198242187499995337e-01	5.882059376342865104e-02
4.822265624999995115e-01	6.594486110976276183e-02
5.013671874999996447e-01	6.687001703895194271e-02
5.131835937499994449e-01	6.882246727624825866e-02
5.909179687499996891e-01	8.283027116742808227e-02
4.368164062499995115e-01	5.516713637530261394e-02
4.905273437499995115e-01	6.232071121314659151e-02
5.096679687499994227e-01	6.439496976750085089e-02
5.959960937499996225e-01	7.834688757581349805e-02
4.761718749999995781e-01	5.676809066828829992e-02
4.476562499999995337e-01	5.275679698977104454e-02
4.445312499999995448e-01	5.249281874127080527e-02
5.123046874999994671e-01	6.028717258440340065e-02
4.739257812499995115e-01	5.373340564309905809e-02
5.305664062499996225e-01	6.256271530584686658e-02
5.686523437499996225e-01	6.801038654198415800e-02
