5.121093749999995337e-01	1.271087030236592308e-01
4.564453124999994782e-01	1.021876622702008602e-01
4.857421874999995892e-01	1.001661174177378849e-01
4.041015624999994560e-01	8.562561777032748345e-02
3.477539062499994671e-01	7.325518238163876428e-02
5.638671874999996447e-01	1.145706680788195347e-01
4.609374999999995559e-01	8.879939186223088921e-02
5.423828124999996447e-01	9.999448096269610009e-02
3.373046874999994227e-01	6.655216526155287304e-02
6.110351562499996003e-01	1.170346663579172053e-01
4.599609374999995559e-01	7.709327715991617924e-02
4.530273437499995337e-01	7.483814338679438405e-02
5.027343749999996225e-01	7.979133479478399404e-02
6.643554687499996225e-01	1.189392733310443706e-01
5.021484374999996003e-01	7.936880818244718139e-02
5.428710937499995337e-01	8.559818794043644319e-02
3.967773437499995115e-01	6.203960063655989537e-02
5.472656249999995337e-01	8.192856735535004875e-02
4.704101562499996003e-01	6.973262446994021868e-02
4.869140624999995226e-01	6.896039401139147929e-02
5.440429687499995781e-01	7.733852516086867079e-02
6.037109374999996003e-01	8.607893100675588494e-02
7.476562499999996891e-01	1.193129992578349230e-01
3.903320312499994893e-01	5.757391116980649370e-02
4.782226562499994893e-01	6.245632187564634924e-02
4.812499999999995115e-01	6.300301983871052502e-02
5.188476562499996225e-01	6.777194729066385315e-02
4.904296874999995448e-01	6.357791307460340657e-02
4.157226562499994893e-01	5.390245841714878111e-02
5.901367187499997335e-01	7.493089714036552107e-02
4.967773437499996003e-01	6.088714402159591671e-02
5.124023437499994893e-01	6.204185919733710974e-02
4.306640624999994449e-01	5.138639082991950519e-02
5.462890624999996447e-01	6.457609540196532216e-02
4.967773437499996003e-01	5.764366572575950476e-02
