6.357421874999997780e-01	1.549426497457876695e-01
3.243164062499993561e-01	8.428158563676522996e-02
7.701171874999999112e-01	1.944717676014856012e-01
4.778320312499995115e-01	9.905175444230655823e-02
5.806640624999996891e-01	1.213526733586774153e-01
4.743164062499994893e-01	9.987315750677269732e-02
5.327148437499995559e-01	1.077865260311368506e-01
4.076171874999994782e-01	8.899545416547957610e-02
3.712890624999994338e-01	7.893092639399514054e-02
4.347656249999994893e-01	8.523549245647103756e-02
6.562499999999996669e-01	1.164830458666558793e-01
7.035156249999997558e-01	1.207681831896723346e-01
5.069335937499995781e-01	8.809597745306348149e-02
5.331054687499995337e-01	8.907491650532342597e-02
4.811523437499994893e-01	8.604593789228209832e-02
4.802734374999995115e-01	8.424415712288976787e-02
3.972656249999995115e-01	7.302768134142610668e-02
4.502929687499994671e-01	7.734731275509329484e-02
5.824218749999996447e-01	8.783609778803512513e-02
3.491210937499994449e-01	7.462960890439399031e-02
4.653320312499995559e-01	7.562377935087140346e-02
5.304687499999996003e-01	7.988495050761858229e-02
4.019531249999994671e-01	7.013727779754003189e-02
4.477539062499995559e-01	7.070651175587769344e-02
4.249023437499994671e-01	6.942993121885354668e-02
5.468749999999995559e-01	7.561699720589598606e-02
5.021484374999996003e-01	6.984164834873687888e-02
5.468749999999995559e-01	7.298699707893735455e-02
5.350585937499995337e-01	7.034018374130086848e-02
4.172851562499995115e-01	6.504534003861214830e-02
4.975585937499995559e-01	6.498204351757157216e-02
4.744140624999995115e-01	6.470348817242689565e-02
5.083007812499995559e-01	6.526850883025774042e-02
4.979492187499995337e-01	6.314877039446285811e-02
4.879882812499996003e-01	6.466991177807941693e-02
