5.111328124999994227e-01	1.204706493313571908e-01
4.151367187499994671e-01	9.060875400785776967e-02
5.166992187499995781e-01	1.065470195057507674e-01
2.944335937499994449e-01	7.616330835180779024e-02
6.200195312499997558e-01	1.334803298249773729e-01
4.872070312499995337e-01	9.461841883437872858e-02
4.478515624999995226e-01	8.525203887179724771e-02
4.951171874999996114e-01	8.750934624338306544e-02
4.468749999999995226e-01	7.794207535688131572e-02
4.474609374999995448e-01	7.860048544947820237e-02
3.166015624999993783e-01	6.320242773415382653e-02
6.086914062499996225e-01	1.078613614384495711e-01
4.761718749999995781e-01	7.736108132038728435e-02
5.167968749999996003e-01	8.281231076418490988e-02
4.793945312499995337e-01	7.277418642187909181e-02
4.543945312499995115e-01	6.968672567411675345e-02
5.687499999999996447e-01	8.811190206213719012e-02
5.020507812499995781e-01	7.390645711395227302e-02
4.497070312499995559e-01	6.541093785837638619e-02
4.333007812499994893e-01	6.097266895978361440e-02
5.128906249999994893e-01	7.047578415686016340e-02
4.499023437499994893e-01	6.090904670369107210e-02
4.524414062499995115e-01	6.136422303657376037e-02
4.765624999999995559e-01	6.262219196216581296e-02
5.279296874999994671e-01	6.942783708162657275e-02
4.590820312499995781e-01	5.836217679046944856e-02
4.818359374999995337e-01	6.090404182054606763e-02
5.764648437499996225e-01	7.488985983410732794e-02
4.510742187499995337e-01	5.539591050237315656e-02
4.841796874999995670e-01	5.849642409432172230e-02
5.180664062499996669e-01	6.259802460566492310e-02
4.698242187499995781e-01	5.494274286323453521e-02
5.020507812499995781e-01	5.832353815366461691e-02
6.029296874999996447e-01	7.237802267547649437e-02
4.502929687499994671e-01	5.186308830930572850e-02
