6.160156249999996225e-01	1.433572308784076543e-01
6.305664062499997113e-01	1.428610976413280664e-01
4.706054687499995337e-01	1.013125712205664303e-01
5.712890624999997780e-01	1.187041391111152561e-01
5.237304687499995115e-01	1.033080784396184643e-01
5.618164062499996225e-01	1.081434367546667691e-01
3.587890624999994227e-01	8.259415381499932152e-02
4.755859374999995559e-01	8.744276709502232792e-02
4.401367187499994893e-01	8.002532384712970903e-02
6.666992187499997113e-01	1.219010945101005605e-01
5.578124999999996003e-01	9.242359257789323213e-02
4.542968749999994893e-01	7.606496912449232928e-02
4.107421874999995226e-01	7.044022503943039859e-02
5.532226562499996669e-01	8.404392602343552232e-02
5.224609374999995559e-01	7.998721930236715738e-02
4.506835937499995559e-01	6.866429439697971371e-02
5.446289062499997113e-01	7.961964255270638502e-02
5.565429687499995337e-01	7.998283655891090527e-02
5.439453124999995559e-01	7.667605779008730693e-02
3.714843749999994227e-01	5.913314966269082873e-02
5.804687499999996447e-01	7.984602770824829332e-02
5.263671874999995559e-01	7.058427918126582157e-02
5.260742187499996003e-01	6.856937450299378789e-02
5.106445312499995337e-01	6.718049543845715232e-02
3.846679687499994227e-01	5.594039776273945080e-02
4.354492187499995337e-01	5.693129743676443588e-02
5.757812499999996891e-01	7.288062115071007596e-02
5.037109374999995115e-01	6.195290380856841722e-02
5.689453124999996891e-01	7.039082728806982103e-02
4.481445312499995337e-01	5.408944730868189138e-02
4.841796874999995670e-01	5.805969174862264659e-02
4.839843749999995781e-01	5.696929791461882719e-02
5.895507812499997113e-01	7.039685063912640151e-02
4.210937499999994893e-01	5.051583342399249693e-02
4.781249999999995226e-01	5.499499294759244150e-02
