3.816406249999994005e-01	9.624865034021269639e-02
1.033300781249999911e+00	3.408871374449964353e-01
5.161132812499995559e-01	1.057423677567475989e-01
4.196289062499994893e-01	9.112846782518931044e-02
5.507812499999995559e-01	1.081941033968853855e-01
6.705078124999996891e-01	1.356338156179489607e-01
5.440429687499995781e-01	1.027890274773165524e-01
5.668945312499996669e-01	1.067297839668797099e-01
6.941406249999997335e-01	1.304439064019902172e-01
5.024414062499996669e-01	9.397534424160022826e-02
4.014648437499994671e-01	8.645785878364853350e-02
4.531249999999995004e-01	8.143974584153834684e-02
5.573242187499996003e-01	9.268394516127542726e-02
6.512695312499997558e-01	1.037316932248710105e-01
4.344726562499995337e-01	7.966993007344082278e-02
4.975585937499995559e-01	8.215224615418884047e-02
6.150390624999997335e-01	9.188514831956150208e-02
4.089843749999995115e-01	7.840287082139486829e-02
4.208007812499995337e-01	7.143171956039896797e-02
4.283203124999994671e-01	7.354605219560937657e-02
5.063476562499995559e-01	7.360803323452055902e-02
5.580078124999996447e-01	7.759329640279340190e-02
3.816406249999994005e-01	7.302871355244593132e-02
5.363281249999996003e-01	7.467161419045985349e-02
4.983398437499995115e-01	6.785807501938000141e-02
4.794921874999995004e-01	6.653588956124717457e-02
5.956054687499996447e-01	7.585211523360294028e-02
3.762695312499995115e-01	6.976723516116277446e-02
6.244140624999996447e-01	7.803573528309058760e-02
5.077148437499995337e-01	6.648634350068664822e-02
4.845703124999995448e-01	6.501581549658851100e-02
4.045898437499994005e-01	6.375891271906701518e-02
5.585937499999995559e-01	6.765372585652834614e-02
4.788085937499995115e-01	6.247228163902807108e-02
4.453124999999995559e-01	6.018926792129433018e-02
