3.392578124999993672e-01	9.052615756913369449e-02
6.523437499999997780e-01	2.048592565567589896e-01
5.102539062499994449e-01	1.356695602021777414e-01
5.943359374999996891e-01	1.709181917344774482e-01
5.041015624999996003e-01	1.288098556069859624e-01
3.662109374999994449e-01	7.946905549481492192e-02
4.684570312499996003e-01	1.157711730606408029e-01
3.531249999999994116e-01	7.984994156576478985e-02
4.992187499999995448e-01	1.218612886035371490e-01
4.334960937499995337e-01	9.638385130276717894e-02
4.342773437499994893e-01	9.892841222577566929e-02
4.960937499999995559e-01	1.138045505917478079e-01
4.531249999999995004e-01	1.036504314105525237e-01
3.800781249999993783e-01	7.683774508050149332e-02
4.427734374999995337e-01	9.561557527144848301e-02
6.328124999999996669e-01	1.789233715692205851e-01
4.506835937499995559e-01	9.658842539020673357e-02
5.815429687499995559e-01	1.503457266784619106e-01
4.003906249999994449e-01	8.057596785316915866e-02
1.258398437500000577e+00	7.540147993398890192e-01
4.759765624999995337e-01	9.983994622148106846e-02
5.909179687499996891e-01	1.392784196243933015e-01
6.572265624999997780e-01	1.688741615716300437e-01
4.560546874999995004e-01	8.964529163439390047e-02
7.724609374999997780e-01	2.355306158621391366e-01
1.005371093750000000e+00	4.098737098313588456e-01
4.005859374999994893e-01	6.856708361399113660e-02
5.287109374999994227e-01	1.085763400766443093e-01
5.436523437499996003e-01	1.111577140889068033e-01
3.160156249999993561e-01	4.835584421484244444e-02
5.649414062499996669e-01	1.155371254252667429e-01
6.205078124999996447e-01	1.430952049808832949e-01
5.207031249999996003e-01	1.020133520730280297e-01
5.176757812499995781e-01	9.841415270455175501e-02
3.862304687499994449e-01	6.143970806294549863e-02
