1.506054687500001377e+00	1.127168873464865717e+00
8.615234374999998224e-01	2.871440558010343036e-01
6.308593749999996669e-01	1.586949814836913497e-01
4.008789062499994449e-01	9.192876165399868627e-02
2.588867187499993561e-01	6.913826455758663447e-02
3.477539062499994671e-01	8.046487639364408029e-02
5.286132812499995115e-01	1.212547155103558261e-01
6.147460937499996669e-01	1.378579345193158834e-01
3.269531249999994005e-01	6.913694270753732718e-02
6.428710937499996225e-01	1.395237876002843325e-01
3.342773437499994005e-01	6.664619951150960175e-02
5.440429687499995781e-01	1.076578099591080362e-01
5.307617187499995559e-01	1.012481392499406940e-01
3.778320312499994227e-01	6.560864876723268568e-02
4.477539062499995559e-01	7.770076550365820345e-02
5.890624999999997113e-01	1.106615126615784067e-01
5.086914062499995337e-01	8.603792873355398108e-02
6.287109374999995115e-01	1.166196415525689867e-01
5.111328124999994227e-01	8.489885397872296013e-02
3.928710937499995115e-01	5.850623165985630730e-02
4.801757812499994893e-01	7.493955283750662610e-02
5.227539062499996225e-01	8.191833631452501152e-02
4.948242187499996003e-01	7.337591688488988295e-02
4.295898437499994227e-01	6.003062606065392298e-02
6.758789062499998002e-01	1.184979106004813432e-01
6.983398437499996891e-01	1.240210100650531583e-01
5.039062499999995559e-01	7.154652587296997379e-02
4.747070312499995781e-01	6.462701199374321082e-02
4.525390624999994782e-01	6.115328237284935187e-02
4.670898437499995115e-01	6.190161819482237204e-02
4.710937499999995337e-01	6.243072411267962946e-02
5.289062499999994671e-01	7.206700358551125507e-02
5.862304687499996225e-01	8.242701191695353535e-02
4.627929687499995337e-01	5.869288495072137041e-02
5.341796874999995559e-01	7.063365050398925926e-02
