2.551757812499992895e-01	8.906778092551237425e-02
5.206054687499995781e-01	1.178237508954869672e-01
4.571289062499994671e-01	1.037907092051983948e-01
5.105468749999995115e-01	1.059196528183853764e-01
6.363281249999996891e-01	1.383384993386721495e-01
5.726562499999996447e-01	1.141383320317122391e-01
4.019531249999994671e-01	8.593724056584790827e-02
5.235351562499995781e-01	9.578217383843086463e-02
5.684570312499996891e-01	1.030260818631650310e-01
4.712890624999995226e-01	8.148494016024061815e-02
3.437499999999994449e-01	7.272855006399814304e-02
4.233398437499994449e-01	7.116396004085116800e-02
3.175781249999993783e-01	6.790370751180752062e-02
4.770507812499995559e-01	7.756050535476727292e-02
5.472656249999995337e-01	8.413089648098319440e-02
6.028320312499997335e-01	9.716348556609206988e-02
4.839843749999995781e-01	7.477576163549193300e-02
5.316406249999995337e-01	8.070299916628824455e-02
3.286132812499994449e-01	5.885717109611777326e-02
4.544921874999994782e-01	6.676589298214891111e-02
4.932617187499995781e-01	7.034757055768302292e-02
5.362304687499995781e-01	7.427075775371200228e-02
5.142578124999994671e-01	6.964115981406669709e-02
4.979492187499995337e-01	6.584296954502964760e-02
5.110351562499995115e-01	6.751352095256371588e-02
4.558593749999995115e-01	5.911508006516660862e-02
4.675781249999995115e-01	6.089598705937385170e-02
3.510742187499994449e-01	5.090224358484925909e-02
4.457031249999995337e-01	5.676284810544962589e-02
5.010742187499995781e-01	6.158359364239399114e-02
5.005859374999994671e-01	6.106280782360127418e-02
5.152343749999995781e-01	6.160531576824380268e-02
4.791992187499994893e-01	5.672451171061052011e-02
4.982421874999995448e-01	5.765448556093982074e-02
5.635742187499995781e-01	6.741808297960884266e-02
