4.584960937499995559e-01	1.114069546256404447e-01
3.776367187499993783e-01	9.462008395853148401e-02
4.218749999999995004e-01	9.456378044102739522e-02
4.391601562499994893e-01	9.481380646974840731e-02
3.163085937499994227e-01	7.351122677421083329e-02
4.681640624999995337e-01	9.501871364782422946e-02
5.435546874999996891e-01	1.107011663396429146e-01
6.094726562499995781e-01	1.240177745594170516e-01
4.366210937499994671e-01	8.225254781864839437e-02
4.048828124999994116e-01	7.288738089184083890e-02
4.126953124999994671e-01	7.275698485999732013e-02
4.498046874999995226e-01	7.482868724737495869e-02
5.364257812499996225e-01	8.977998090392459718e-02
5.105468749999995115e-01	8.481303941679757541e-02
6.546874999999996447e-01	1.153859191302195331e-01
5.902343749999997558e-01	9.658029049422853229e-02
5.835937499999996891e-01	9.230743903488940194e-02
5.114257812499994893e-01	7.786844681369325949e-02
5.491210937499996225e-01	8.350605264317295662e-02
5.562499999999995781e-01	8.195489750602426293e-02
4.563476562499995115e-01	6.619500642456017936e-02
5.235351562499995781e-01	7.372007148603339222e-02
4.565429687499994449e-01	6.330129922103887308e-02
5.277343749999995337e-01	7.215805505984231039e-02
4.131835937499994671e-01	5.558592012814032868e-02
3.701171874999995004e-01	5.239177258566161260e-02
4.064453124999994338e-01	5.408433434697122039e-02
4.306640624999994449e-01	5.548463014970985568e-02
5.025390624999996891e-01	6.374424263198330554e-02
4.263671874999995226e-01	5.339152261733841331e-02
6.255859374999996891e-01	8.345123008302471335e-02
4.039062499999994671e-01	4.896667547251758873e-02
5.404296874999996447e-01	6.567782024710062949e-02
5.422851562499996225e-01	6.459584434714900347e-02
4.901367187499995337e-01	5.777186320640294998e-02
