6.954101562499998002e-01	2.307473694821852994e-01
5.449218749999996669e-01	1.456065320012378816e-01
6.928710937499996669e-01	2.086888491624949438e-01
8.998046874999998668e-01	3.500189977171582201e-01
4.515624999999995337e-01	9.999663984131842986e-02
2.816406249999993117e-01	6.252366902176105523e-02
5.654296874999995559e-01	1.344077798365087006e-01
5.174804687499995337e-01	1.136874650653417473e-01
7.106445312499997113e-01	1.945510713714943274e-01
3.600585937499994893e-01	6.561391888224908653e-02
4.586914062499994893e-01	8.894453951112296641e-02
6.131835937499995337e-01	1.429174649606635983e-01
3.946289062499994671e-01	7.058085187941094685e-02
4.455078124999995448e-01	8.179255998369008851e-02
4.938476562499996003e-01	9.388492248378857430e-02
3.732421874999994338e-01	6.327088179161458048e-02
4.030273437499994893e-01	6.855636169779057154e-02
4.752929687499994893e-01	8.628366311488341878e-02
5.099609374999993783e-01	9.205344319122371610e-02
4.702148437499995559e-01	8.135965508894832388e-02
4.206054687499994893e-01	6.777694582138465984e-02
5.003906249999995337e-01	8.892118950331225069e-02
4.279296874999994893e-01	6.923059980255184820e-02
5.550781249999995337e-01	1.047387532090627710e-01
4.806640624999994893e-01	8.045772084536040314e-02
4.020507812499994893e-01	6.026093011086863793e-02
5.452148437499996225e-01	9.624981860774568798e-02
5.489257812499995781e-01	9.429647770138296914e-02
4.078124999999994671e-01	5.895182827223535010e-02
4.437499999999995337e-01	6.645503110464742735e-02
4.034179687499994671e-01	5.621945969566893159e-02
5.043945312499995559e-01	8.121838667760776509e-02
5.317382812499995559e-01	8.782862221236495404e-02
5.401367187499996891e-01	9.006861273712554739e-02
4.520507812499995337e-01	6.507192619562326974e-02
