3.056640624999993339e-01	9.285689156867581173e-02
-1.619140625000010103e-01	4.715190639586917115e-02
4.054687499999994338e-01	1.070255649379684426e-01
4.444335937499995781e-01	1.067008490465735648e-01
5.375976562499996669e-01	1.294176807355092162e-01
4.101562499999995004e-01	9.422108302766142585e-02
5.677734374999996447e-01	1.211838072681108436e-01
3.947265624999994893e-01	8.548697104359916088e-02
5.265624999999996003e-01	1.064114108296572714e-01
3.997070312499995115e-01	8.070906712227883528e-02
5.372070312499996891e-01	1.007156977994909802e-01
5.424804687499995559e-01	9.746302561701937484e-02
4.334960937499995337e-01	7.778137692041914297e-02
5.464843749999995781e-01	9.233742273143838442e-02
4.631835937499995115e-01	7.693361075929353032e-02
5.218749999999996447e-01	8.308284501082550955e-02
5.445312499999996891e-01	8.636159487040344362e-02
6.957031249999997558e-01	1.199516549251329334e-01
5.908203124999997780e-01	9.239076867737863741e-02
5.593749999999995115e-01	8.502365865633863817e-02
5.304687499999996003e-01	7.796750348434496047e-02
3.549804687499993339e-01	6.268652558569941247e-02
5.078124999999995559e-01	7.331627373926888347e-02
3.822265624999994227e-01	5.793051079633320527e-02
6.643554687499996225e-01	9.850506953767861062e-02
4.978515624999995670e-01	6.902535874708952413e-02
5.041992187499995115e-01	6.818954511768079985e-02
5.670898437499996003e-01	7.522057607111261313e-02
4.430664062499994893e-01	6.063594281444281697e-02
3.934570312499995337e-01	5.396802632284100620e-02
5.253906249999995559e-01	6.603679527300547469e-02
5.665039062499995781e-01	6.923245962522583952e-02
4.277343749999994449e-01	5.515972703277446237e-02
3.856445312499995337e-01	5.107737549786853237e-02
4.973632812499996225e-01	6.054916910585150108e-02
