5.994140624999997335e-01	1.492944784164422778e-01
3.005859374999994005e-01	9.362379127543897506e-02
3.791015624999994338e-01	9.685618035679254001e-02
5.733398437499995781e-01	1.272805840183433845e-01
4.701171874999995892e-01	1.009715339847967047e-01
4.274414062499994893e-01	9.440599074828046056e-02
6.145507812499996225e-01	1.190514527573917902e-01
3.656249999999994227e-01	8.556255146054714267e-02
6.428710937499996225e-01	1.216056404474321201e-01
5.299804687499994893e-01	9.546466878214451834e-02
6.247070312499997113e-01	1.078063826515262141e-01
5.409179687499996447e-01	9.641492512607933996e-02
5.654296874999995559e-01	9.574963948371156830e-02
5.451171874999996003e-01	9.043809966185241411e-02
5.114257812499994893e-01	8.427125014056814634e-02
5.829101562499996447e-01	9.092720158375407202e-02
3.568359374999994227e-01	7.832447254080666943e-02
2.843749999999993783e-01	7.624360970475478616e-02
4.477539062499995559e-01	7.487004703130804850e-02
5.370117187499996447e-01	7.866225936428709875e-02
4.737304687499994671e-01	7.217502922676978516e-02
4.058593749999994671e-01	6.931912289572306207e-02
4.073242187499994671e-01	6.751640336612478588e-02
5.691406249999996225e-01	7.782065893398887324e-02
2.381835937499993394e-01	6.910632482608680682e-02
5.439453124999995559e-01	7.336167122085950065e-02
5.000976562499995781e-01	6.884461189067604681e-02
4.226562499999995115e-01	6.446517208471465310e-02
4.028320312499994449e-01	6.161304972069345937e-02
4.281249999999994782e-01	6.205122790563587926e-02
3.990234374999994671e-01	5.934471462254848478e-02
5.575195312499996447e-01	6.862911901772483780e-02
5.668945312499996669e-01	6.817896669148165723e-02
5.077148437499995337e-01	6.192141242926175321e-02
5.728515624999996891e-01	6.800371477000040354e-02
