5.357421874999996891e-01	1.227409766619356607e-01
5.221679687499996003e-01	1.138209188407538902e-01
5.487304687499995337e-01	1.129263914275964037e-01
4.720703124999995337e-01	9.611722373019505883e-02
5.624023437499995337e-01	1.049231298270019291e-01
3.507812499999994338e-01	7.429568398877368918e-02
4.060546874999994560e-01	7.762509798893903190e-02
4.722656249999995781e-01	8.304662300473091008e-02
3.864257812499994893e-01	6.877095812897490723e-02
4.911132812499995337e-01	8.148415655481923425e-02
5.462890624999996447e-01	9.080139194233553812e-02
5.566406249999995559e-01	8.993236095665065044e-02
6.461914062499997113e-01	1.105175049606425819e-01
3.454101562499994893e-01	6.259453444513415898e-02
6.516601562499997335e-01	1.082145306504280202e-01
6.204101562499997335e-01	9.736988692260224731e-02
5.676757812499996225e-01	8.569721517461248439e-02
6.810546874999996447e-01	1.079147699117189024e-01
4.416015624999994893e-01	6.409219575918956302e-02
5.042968749999995337e-01	6.734823865782789409e-02
4.769531249999995337e-01	6.533848188961879910e-02
5.539062499999996003e-01	7.480503929176758604e-02
5.330078124999995115e-01	7.126342773589822155e-02
4.767578124999995448e-01	6.285159998627827538e-02
5.321289062499995337e-01	6.872111436731974388e-02
5.033203124999996447e-01	6.214762240674044647e-02
6.581054687499996447e-01	8.870883699727596938e-02
4.600585937499995781e-01	5.705843260931600658e-02
4.705078124999995670e-01	5.786154088694664410e-02
5.517578124999995559e-01	6.596596994362477484e-02
6.043945312499996447e-01	7.409397985269046416e-02
4.323242187499994893e-01	5.280511996145287323e-02
5.541015624999996447e-01	6.485348086244577259e-02
5.105468749999995115e-01	5.773432058909076792e-02
5.758789062499997113e-01	6.664241781506911877e-02
