4.569335937499995337e-01	9.663002247592554494e-02
3.187499999999994227e-01	7.897815165416059713e-02
3.834960937499994893e-01	8.025505433054566651e-02
2.769531249999993561e-01	6.725746391698786408e-02
2.929687499999993894e-01	6.675391433933991481e-02
4.015624999999994893e-01	7.601870691305352701e-02
4.143554687499994005e-01	7.764582016875215542e-02
9.502929687499999112e-01	2.826659980323889543e-01
4.289062499999994893e-01	7.837799090268020297e-02
4.783203124999995115e-01	8.351534051089933020e-02
4.583007812499995115e-01	7.947079233291791389e-02
4.451171874999995670e-01	7.094502166252412978e-02
4.829101562499995559e-01	7.820632510825717421e-02
4.235351562499994893e-01	6.734841742663066899e-02
4.362304687499994893e-01	6.500176144819763691e-02
4.672851562499995559e-01	7.170436671294448672e-02
4.892578124999995004e-01	7.297178191923922586e-02
5.807617187499996003e-01	8.929366041172866197e-02
5.707031249999996447e-01	8.624402912726424064e-02
4.879882812499996003e-01	6.904143009538676878e-02
4.670898437499995115e-01	6.391129492680086566e-02
4.222656249999995337e-01	5.779926777855372289e-02
5.754882812499996225e-01	8.149763407524758529e-02
4.216796874999995115e-01	5.672847490830684042e-02
4.782226562499994893e-01	6.150241011475643393e-02
3.960937499999994671e-01	5.382241792198950298e-02
3.499023437499994005e-01	4.974204185717456123e-02
4.723632812499996003e-01	5.938550720966066093e-02
5.905273437499997113e-01	7.710145323890656155e-02
4.415039062499994671e-01	5.486815117118492430e-02
4.659179687499994671e-01	5.729835497648545772e-02
3.922851562499994893e-01	4.972558745548883580e-02
5.415039062499996669e-01	6.467252343791685121e-02
4.294921874999994560e-01	5.015222931909381343e-02
4.875976562499995115e-01	5.710811421223586232e-02
