5.176757812499995781e-01	1.185151193222146043e-01
3.051757812499993339e-01	7.102955518963179060e-02
4.619140624999995004e-01	9.653347027196278185e-02
3.274414062499994005e-01	6.831388920659819952e-02
3.850585937499995115e-01	7.515709943906914714e-02
7.727539062499998446e-01	2.077074829733617789e-01
5.078124999999995559e-01	9.752309229036600080e-02
7.194335937499997113e-01	1.618353077627206760e-01
3.470703124999994227e-01	6.269931373063186708e-02
5.690429687499996003e-01	1.053155086105131560e-01
4.627929687499995337e-01	7.982209542527064772e-02
4.428710937499995559e-01	7.498132594314378674e-02
4.734374999999995115e-01	7.697276157221179249e-02
6.470703124999996891e-01	1.162803689050383588e-01
4.421874999999995115e-01	6.867929541252935921e-02
4.605468749999995781e-01	6.989959418264921065e-02
5.499023437499995781e-01	8.682117366713322515e-02
5.696289062499996225e-01	8.829847603268951850e-02
5.617187499999996003e-01	8.511544091465944595e-02
5.312499999999995559e-01	7.748904267390792355e-02
5.146484374999995559e-01	7.105037157529134340e-02
5.990234374999996447e-01	8.555801924210189313e-02
4.574218749999995337e-01	6.261786588755238747e-02
4.637695312499995337e-01	6.104729453667565031e-02
5.238281249999995337e-01	7.027055084827507625e-02
4.588867187499995337e-01	5.930282175972218656e-02
5.005859374999994671e-01	6.338860211218513840e-02
4.282226562499994449e-01	5.482416705053042016e-02
3.791992187499994005e-01	5.056711567246661293e-02
4.070312499999994560e-01	5.058290726704517404e-02
5.422851562499996225e-01	6.708535801986487135e-02
5.225585937499995781e-01	6.351879721012484992e-02
5.165039062499995337e-01	6.015084125993027525e-02
4.727539062499995781e-01	5.477955194930175797e-02
5.733398437499995781e-01	6.792152324520689399e-02
