5.094726562499994893e-01	1.283899265916022547e-01
5.818359374999995115e-01	1.514600646496123415e-01
4.403320312499995337e-01	1.037600451288033104e-01
4.966796874999995781e-01	1.212953673582000680e-01
3.309570312499994227e-01	7.089486499800563835e-02
4.744140624999995115e-01	1.112156690208637722e-01
5.314453124999996003e-01	1.339006322444312169e-01
3.587890624999994227e-01	7.447601625075793430e-02
3.191406249999994005e-01	6.378099936537084957e-02
3.705078124999994782e-01	7.704622762611419706e-02
5.308593749999995781e-01	1.274010288172842120e-01
6.207031249999996891e-01	1.707580507929823965e-01
4.331054687499994449e-01	9.074568831900178822e-02
3.972656249999995115e-01	7.622989443151620415e-02
5.105468749999995115e-01	1.160502400536966988e-01
4.910156249999995115e-01	1.083627443599078227e-01
5.885742187499997113e-01	1.478555386113218073e-01
6.446289062499998002e-01	1.727319192536392878e-01
4.194335937499995559e-01	8.081822963189169706e-02
6.337890624999997780e-01	1.600368713052968128e-01
4.626953124999995115e-01	9.143733204136439419e-02
4.522460937499994671e-01	8.622947349342009737e-02
5.280273437499994893e-01	1.147395978387783372e-01
5.105468749999995115e-01	1.067275360931151662e-01
5.858398437499996447e-01	1.371424206441564653e-01
3.659179687499993783e-01	6.031886092413423633e-02
6.679687499999997780e-01	1.775664203495692373e-01
6.557617187499996669e-01	1.696152644979701529e-01
4.120117187499994227e-01	6.877571042568084159e-02
3.286132812499994449e-01	4.896497650800331336e-02
5.048828124999995559e-01	1.007593605011151833e-01
4.813476562499995337e-01	8.993110630883480172e-02
4.417968749999995337e-01	7.787106320684553107e-02
5.848632812499996447e-01	1.284924391788063169e-01
3.709960937499994227e-01	5.505243981434390643e-02
