4.421874999999995115e-01	1.211119217735846521e-01
3.416992187499994227e-01	9.465682015543259997e-02
2.544921874999993006e-01	7.249154558184407737e-02
4.442382812499995337e-01	1.033446137693495720e-01
4.537109374999995226e-01	9.964050547773803390e-02
4.760742187499995559e-01	1.027948745839277062e-01
5.782226562499995781e-01	1.205022962889137628e-01
3.146484374999993783e-01	7.604536006311145291e-02
5.841796874999996003e-01	1.150007700353138929e-01
4.658203124999995004e-01	9.064736479629260935e-02
7.824218749999998224e-01	1.708336864912687048e-01
4.950195312499996447e-01	9.039514528752920497e-02
4.761718749999995781e-01	8.391826498437465753e-02
6.056640624999996003e-01	1.053274519632622364e-01
5.083007812499995559e-01	8.530617739654090814e-02
4.657226562499995337e-01	8.051437742975783851e-02
5.959960937499996225e-01	9.526011459994186692e-02
5.294921874999996003e-01	8.405592434084829812e-02
5.122070312499995559e-01	7.835946749091800279e-02
5.669921874999996891e-01	8.690020333120683504e-02
4.562499999999994893e-01	7.109770326125264273e-02
4.774414062499995337e-01	7.175548603057826935e-02
5.630859374999994671e-01	8.068835001329013878e-02
4.864257812499995781e-01	6.999907570632056542e-02
3.317382812499993783e-01	6.460314360457986016e-02
4.783203124999995115e-01	6.598943972419520076e-02
5.316406249999995337e-01	7.066073416459411893e-02
4.127929687499994893e-01	6.209488792562419673e-02
5.815429687499995559e-01	7.651392630490920499e-02
5.639648437499995559e-01	7.135722844795373832e-02
4.905273437499995115e-01	6.403213375091212911e-02
5.938476562499996891e-01	7.468523116501779580e-02
3.533203124999994005e-01	5.847408864124737510e-02
5.064453124999994671e-01	6.139035329341556435e-02
6.477539062499996225e-01	7.889840220855691422e-02
