3.696289062499994449e-01	9.348045602743849936e-02
4.779296874999995337e-01	9.853856079165281001e-02
6.544921874999996003e-01	1.521507939415693289e-01
6.390624999999997558e-01	1.405525262721975255e-01
4.923828124999995448e-01	9.700315118755432897e-02
6.075195312499996891e-01	1.216813296223834551e-01
5.474609374999994671e-01	1.002905088110168097e-01
3.502929687499993783e-01	7.411373451125125023e-02
4.919921874999995670e-01	8.589031735405069923e-02
3.625976562499994005e-01	7.342308367498998067e-02
5.031249999999996003e-01	8.483818690182480526e-02
5.246093749999996003e-01	8.745248334306925109e-02
4.687499999999995559e-01	7.541853309240260927e-02
4.178710937499995337e-01	6.863017389240495814e-02
4.793945312499995337e-01	7.247256310098655618e-02
4.858398437499995559e-01	7.311863837624830997e-02
3.430664062499994005e-01	6.273233619233460623e-02
3.878906249999994893e-01	6.024033894665654226e-02
5.226562499999996003e-01	7.503663003043425928e-02
4.088867187499994893e-01	6.014688535500613970e-02
3.651367187499994227e-01	5.631548317200733844e-02
2.516601562499993783e-01	6.540128252980713375e-02
6.669921874999997780e-01	9.783875223811135113e-02
4.794921874999995004e-01	6.378881186967801098e-02
6.354492187499997113e-01	8.901358214835249083e-02
4.641601562499995115e-01	5.936434236931759784e-02
4.596679687499994893e-01	5.916337978765977973e-02
5.211914062499997113e-01	6.471121944921233438e-02
5.476562499999995115e-01	6.803922773038374727e-02
6.974609374999996003e-01	9.462605358067555095e-02
4.808593749999995337e-01	5.837586889974077931e-02
5.000976562499995781e-01	6.015380508030106210e-02
6.182617187499996891e-01	7.549986054771026800e-02
4.008789062499994449e-01	5.184137241465210794e-02
5.854492187499996669e-01	6.864777335402059977e-02
