5.465820312499996003e-01	1.633869696763878832e-01
4.519531249999995115e-01	1.147237151911333491e-01
4.035156249999994893e-01	1.027369336087225193e-01
1.223144531250000444e+00	5.523695657233624878e-01
4.240234374999994893e-01	1.024158903145062638e-01
6.461914062499997113e-01	1.560970989428868139e-01
3.904296874999994560e-01	9.154389919064755132e-02
3.584960937499994671e-01	8.244707985691765439e-02
3.453124999999994671e-01	7.793448218471288325e-02
6.993164062499998002e-01	1.556613245762079600e-01
5.392578124999996003e-01	1.064517370594703499e-01
4.515624999999995337e-01	8.741065978648353274e-02
4.207031249999995115e-01	8.107556683095372418e-02
4.819335937499995559e-01	8.853000698166037241e-02
3.827148437499994227e-01	7.464861199925235113e-02
4.167968749999995115e-01	7.619382693493283176e-02
5.485351562499996003e-01	9.085444936122157034e-02
5.887695312499997558e-01	9.603594397408792005e-02
4.065429687499994005e-01	7.197544162261894363e-02
4.070312499999994560e-01	7.061362480059413249e-02
4.903320312499995781e-01	7.645336374707974170e-02
5.145507812499995337e-01	7.774469018586543934e-02
4.012695312499995337e-01	6.524345386598871810e-02
5.819335937499995337e-01	8.350641600025861255e-02
6.090820312499996003e-01	8.720093533750836179e-02
4.230468749999994893e-01	6.488572747531418106e-02
5.295898437499995115e-01	7.326984739728041596e-02
4.898437499999995226e-01	6.862361902605859654e-02
4.188476562499995337e-01	6.124111151201146186e-02
5.318359374999994671e-01	6.954120449740699983e-02
4.852539062499995337e-01	6.507869207164483638e-02
4.935546874999995892e-01	6.521066114742710140e-02
5.535156249999996225e-01	6.749559349526380869e-02
5.077148437499995337e-01	6.288710421997319167e-02
5.247070312499996225e-01	6.528734953750807424e-02
