3.464843749999994005e-01	8.692010860957982699e-02
3.110351562499994449e-01	8.155236512275246263e-02
3.728515624999994560e-01	8.311621458944939977e-02
5.937499999999996669e-01	1.176822067438743208e-01
6.706054687499997113e-01	1.381993496147017331e-01
3.925781249999994449e-01	8.290315153013465277e-02
4.233398437499994449e-01	8.191492007669448627e-02
6.430664062499996669e-01	1.189137931500837270e-01
6.408203124999998224e-01	1.180931529312814476e-01
4.429687499999995226e-01	8.311334571237671831e-02
4.641601562499995115e-01	8.317176652365923517e-02
5.662109374999995115e-01	9.426483780790115286e-02
6.194335937499996225e-01	1.020202710688684899e-01
5.045898437499994893e-01	8.373966743009300662e-02
6.173828124999996003e-01	9.960298245452932353e-02
6.205078124999996447e-01	9.845753911573974781e-02
4.522460937499994671e-01	7.967609696289207344e-02
6.125976562499996225e-01	9.343000080328868473e-02
4.777343749999994893e-01	7.874996287021350516e-02
3.347656249999994005e-01	7.600229224706703257e-02
5.362304687499995781e-01	7.995594502323782882e-02
4.514648437499995115e-01	7.631807843420787552e-02
4.491210937499995337e-01	7.224733232100552516e-02
4.546874999999994671e-01	6.968280744942653704e-02
4.298828124999994338e-01	7.078353457743112587e-02
5.435546874999996891e-01	7.675881171222782851e-02
5.440429687499995781e-01	7.437772927185748451e-02
4.816406249999994893e-01	7.098222606830757730e-02
3.775390624999994116e-01	7.060273435648882490e-02
5.120117187499995115e-01	6.911767164527322926e-02
4.478515624999995226e-01	6.713854084048852255e-02
3.573242187499994227e-01	6.945826421600553857e-02
4.569335937499995337e-01	6.403917040602190303e-02
5.021484374999996003e-01	6.527761464656163526e-02
5.382812499999996003e-01	6.664566539540135726e-02
