5.777343749999995781e-01	1.526469417968871756e-01
3.797851562499994227e-01	8.795875264139677019e-02
5.229492187499995559e-01	1.168107954316608410e-01
5.435546874999996891e-01	1.235127802862511087e-01
3.791992187499994005e-01	8.266929548076221157e-02
4.162109374999994893e-01	8.657189352925494241e-02
5.078124999999995559e-01	1.016830818826801180e-01
6.332031249999996447e-01	1.226303315838151720e-01
5.413085937499996225e-01	1.032346779756999344e-01
3.815429687499993783e-01	7.311828673653872346e-02
4.464843749999994893e-01	8.086741962137966588e-02
5.505859374999995115e-01	9.295533289198783244e-02
5.329101562499996003e-01	9.094698498374018114e-02
4.088867187499994893e-01	7.241930952802229371e-02
5.499999999999996003e-01	8.821336895924629384e-02
5.578124999999996003e-01	9.112260731789320611e-02
4.851562499999995670e-01	7.457039596439359042e-02
4.765624999999995559e-01	7.385642491829175205e-02
5.095703124999995115e-01	7.699972267070798182e-02
4.196289062499994893e-01	6.916817618605508589e-02
5.742187499999995559e-01	8.194954395569294114e-02
3.502929687499993783e-01	6.411144323705188219e-02
4.725585937499995337e-01	6.675752189055608743e-02
5.394531249999996447e-01	7.473914418915651725e-02
4.191406249999994893e-01	6.433965566784460854e-02
4.629882812499995781e-01	6.220069279573144788e-02
5.871093749999997113e-01	7.702930922169767824e-02
4.805664062499994671e-01	6.465530511863250285e-02
3.965820312499994671e-01	5.917481244888846137e-02
3.257812499999994116e-01	5.851133882211105586e-02
6.156249999999996447e-01	7.687042220733913966e-02
5.307617187499995559e-01	6.526370705230455371e-02
4.321289062499994449e-01	5.850329249855198976e-02
5.454101562499996669e-01	6.440201796337721718e-02
5.466796874999995115e-01	6.518074928569873860e-02
