5.725585937499996225e-01	1.554102286014577006e-01
4.066406249999994227e-01	1.049180687580393012e-01
4.586914062499994893e-01	1.119188820240706178e-01
8.746093749999999112e-01	2.806227195212043779e-01
4.791015624999995226e-01	1.109528855046672674e-01
3.265624999999994227e-01	7.751663357734131510e-02
3.175781249999993783e-01	7.248867650892981684e-02
6.170898437499996447e-01	1.379160293392167613e-01
4.881835937499995337e-01	9.867470080628679141e-02
4.628906249999995559e-01	8.867498037309602676e-02
4.588867187499995337e-01	8.767020248809336003e-02
5.858398437499996447e-01	1.117262057124362440e-01
4.716796874999995559e-01	8.408100851878978765e-02
4.719726562499995115e-01	8.266888029989508113e-02
4.765624999999995559e-01	7.874562509499652418e-02
4.328124999999994893e-01	7.152438991628544407e-02
6.820312499999996447e-01	1.217941705539043740e-01
4.392578124999994560e-01	6.890747687630935370e-02
3.914062499999994560e-01	6.290389957944869659e-02
6.845703124999997780e-01	1.146316781118733447e-01
5.114257812499994893e-01	7.678658652751968461e-02
4.640624999999994893e-01	6.704099032723810636e-02
5.583984374999995115e-01	8.049097898019327846e-02
3.995117187499994671e-01	5.927496256824696386e-02
4.859374999999995781e-01	6.739419586996336919e-02
3.636718749999994227e-01	5.356203117925960322e-02
5.246093749999996003e-01	6.831125816951112706e-02
5.157226562499995781e-01	6.875610836502461798e-02
5.014648437499995559e-01	6.514807422703287887e-02
5.005859374999994671e-01	6.404245356464069450e-02
5.576171874999995559e-01	7.117845856756829792e-02
6.938476562499997780e-01	9.579054548554703785e-02
4.075195312499995115e-01	5.288366316583237997e-02
4.921874999999995559e-01	6.013905793733682198e-02
4.354492187499995337e-01	5.340393960815652957e-02
