5.517578124999995559e-01	1.231701671107178625e-01
5.825195312499996669e-01	1.236651837331157605e-01
4.762695312499996003e-01	9.648175905557944410e-02
5.461914062499996225e-01	1.083774706887458000e-01
4.542968749999994893e-01	8.632807251252437586e-02
3.531249999999994116e-01	7.271134960560057814e-02
6.946289062499998446e-01	1.441885373518057845e-01
4.893554687499994671e-01	8.549071117318217394e-02
3.583984374999994449e-01	6.634067239227069146e-02
4.830078124999995226e-01	8.056467694296709503e-02
6.195312499999996447e-01	1.094498782828302874e-01
3.711914062499994671e-01	6.225397676750874659e-02
4.899414062499994893e-01	7.590964745933823088e-02
5.299804687499994893e-01	8.401962967235822310e-02
6.767578124999997780e-01	1.179857613407684080e-01
4.833984374999995559e-01	7.226834502339188337e-02
6.225585937499996669e-01	9.980596451948853254e-02
3.837890624999994449e-01	5.499716855594782849e-02
4.577148437499994893e-01	6.390890491129302964e-02
4.592773437499995115e-01	6.459005324264101289e-02
7.345703124999998224e-01	1.238964513149794638e-01
4.127929687499994893e-01	5.544390896077661807e-02
7.131835937499996225e-01	1.147884918617165101e-01
5.104492187499994893e-01	6.635567800402959737e-02
5.222656249999996225e-01	6.892827254429878536e-02
4.937499999999995781e-01	6.302860494761738930e-02
5.294921874999996003e-01	6.858231004980831769e-02
5.170898437499995559e-01	6.580972944727961349e-02
4.831054687499994893e-01	5.888160350588023811e-02
5.283203124999995559e-01	6.509704737606310243e-02
5.597656249999994893e-01	6.874739632499270170e-02
5.718749999999996891e-01	7.113066883443894262e-02
3.969726562499994449e-01	4.701241549997005331e-02
4.854492187499995781e-01	5.552007604571065208e-02
4.415039062499994671e-01	5.031049084148347950e-02
