4.861328124999995670e-01	1.184349864309124090e-01
4.308593749999994893e-01	1.029224751053911258e-01
6.336914062499997558e-01	1.491336816740303217e-01
6.630859374999995559e-01	1.550875626487543679e-01
3.011718749999994227e-01	8.090054070453191193e-02
5.861328124999996003e-01	1.251841137392350478e-01
3.635742187499994005e-01	8.893088666840402723e-02
3.958984374999994782e-01	9.084478807687119961e-02
5.499999999999996003e-01	1.105498152968585890e-01
4.518554687499994893e-01	9.289399549917290444e-02
4.896484374999995337e-01	9.284013922396232299e-02
6.022460937499997113e-01	1.105270640262764198e-01
4.496093749999995337e-01	8.525056192918437081e-02
5.385742187499996669e-01	9.864868415661548484e-02
5.157226562499995781e-01	9.483570778083036390e-02
3.304687499999993672e-01	8.120190865984008854e-02
5.260742187499996003e-01	9.138133628198988334e-02
5.718749999999996891e-01	9.439008384394362294e-02
4.649414062499994671e-01	8.255299037808890017e-02
5.206054687499995781e-01	8.748205592084130899e-02
4.688476562499995781e-01	8.536201609914233213e-02
4.458007812499995559e-01	8.028856601416951844e-02
4.822265624999995115e-01	8.184816477602344098e-02
5.114257812499994893e-01	8.025786020909188301e-02
5.205078124999995559e-01	8.147272052540123488e-02
4.428710937499995559e-01	8.005465222407501247e-02
5.082031249999995337e-01	8.005009833185208756e-02
5.784179687499995115e-01	7.929947855612266838e-02
4.626953124999995115e-01	7.459426112256729857e-02
4.682617187499995559e-01	7.329513151780978064e-02
5.071289062499996225e-01	7.397081222206805529e-02
4.694335937499996003e-01	7.199407427659884617e-02
3.822265624999994227e-01	7.734841255926226677e-02
4.109374999999995115e-01	7.316010491371731372e-02
5.836914062499997113e-01	7.449035200959443215e-02
