5.962890624999996891e-01	1.619990872640637014e-01
3.965820312499994671e-01	9.717411696505438845e-02
4.649414062499994671e-01	1.089402942259697221e-01
7.058593749999997335e-01	1.943411930273683252e-01
6.200195312499997558e-01	1.460662390891815376e-01
5.308593749999995781e-01	1.087062939515646143e-01
3.660156249999994005e-01	7.467697919055717171e-02
5.025390624999996891e-01	9.862265730890050486e-02
6.119140624999996891e-01	1.278628325476192096e-01
4.788085937499995115e-01	8.416587903977811036e-02
4.885742187499995115e-01	8.810540918492903995e-02
6.309570312499996891e-01	1.228495969805756538e-01
6.283203124999996447e-01	1.183263856303539974e-01
4.884765624999995448e-01	8.086965022989099638e-02
6.251953124999996003e-01	1.145486523091630848e-01
4.791015624999995226e-01	7.476298775247308681e-02
4.269531249999994893e-01	6.475092565147114176e-02
4.941406249999995559e-01	7.590628952363184800e-02
5.131835937499994449e-01	7.849482152209330543e-02
4.573242187499995115e-01	6.591213445590687892e-02
5.383789062499996225e-01	8.019630084086890043e-02
5.586914062499995781e-01	8.431458780283312970e-02
4.632812499999995337e-01	6.286331742961925872e-02
5.133789062499994893e-01	7.291162378424057011e-02
3.625976562499994005e-01	4.784003076668208454e-02
5.901367187499997335e-01	8.616314904938948693e-02
5.887695312499997558e-01	8.556909899549018650e-02
5.736328124999996447e-01	8.018129767077403214e-02
5.367187499999996891e-01	7.264092293479290641e-02
4.308593749999994893e-01	5.287179871949871518e-02
4.855468749999996003e-01	6.151684536174076984e-02
4.714843749999995115e-01	5.584810311792910015e-02
5.994140624999997335e-01	8.270923960931615693e-02
5.159179687499995115e-01	6.459306269652001498e-02
4.743164062499994893e-01	5.634221080247073937e-02
