4.500976562499995337e-01	1.110333536060114090e-01
5.405273437499996669e-01	1.324822192348776850e-01
4.793945312499995337e-01	1.120695300869703204e-01
4.434570312499995781e-01	1.021730763675325337e-01
4.809570312499995559e-01	1.134774993529515941e-01
6.164062499999996003e-01	1.550324850627606832e-01
4.938476562499996003e-01	1.123679734928843960e-01
6.527343749999997558e-01	1.634893918564662985e-01
5.235351562499995781e-01	1.180769210304030842e-01
5.308593749999995781e-01	1.188540359555348702e-01
4.484374999999994893e-01	9.329823196661783669e-02
7.488281249999997335e-01	2.048792609532310571e-01
4.500976562499995337e-01	8.662350174074597009e-02
5.272460937499995337e-01	1.124648358181326718e-01
5.680664062499997113e-01	1.256996780994281415e-01
4.324218749999995115e-01	8.598992336180288909e-02
5.389648437499996447e-01	1.162561413828079732e-01
4.611328124999995448e-01	9.240375150327014009e-02
5.383789062499996225e-01	1.127267688042872251e-01
5.490234374999996003e-01	1.155048206721790566e-01
4.131835937499994671e-01	7.667566334042033582e-02
4.935546874999995892e-01	9.669168911409457834e-02
4.401367187499994893e-01	8.267079863867049516e-02
5.157226562499995781e-01	1.024210281744571266e-01
5.011718749999996003e-01	9.657089314327492457e-02
4.037109374999994782e-01	7.126844960351569336e-02
4.310546874999994782e-01	7.826340734266318266e-02
5.845703124999996891e-01	1.250227143801319607e-01
5.806640624999996891e-01	1.180458052815198389e-01
4.333007812499994893e-01	7.459149976165356521e-02
3.832031249999994227e-01	6.115254617949831412e-02
4.587890624999995115e-01	8.211404293506915919e-02
4.606445312499996003e-01	8.294418404699280267e-02
5.638671874999996447e-01	1.128568351910679141e-01
4.770507812499995559e-01	8.436606216763618826e-02
