5.407226562499997113e-01	1.354145754541312696e-01
4.463867187499994671e-01	1.031112075824865693e-01
4.323242187499994893e-01	9.408874351303068984e-02
3.919921874999994782e-01	8.287873339804041617e-02
2.804687499999993228e-01	7.538098825811156978e-02
5.137695312499995781e-01	1.047507774136051811e-01
6.292968749999996447e-01	1.306328018195641316e-01
3.510742187499994449e-01	7.462822864059601158e-02
5.538085937499995781e-01	1.038181711309761751e-01
4.827148437499995115e-01	8.807377380306347092e-02
5.388671874999997335e-01	9.419752615647057625e-02
4.468749999999995226e-01	7.473011747123423087e-02
4.560546874999995004e-01	7.533931963850955260e-02
6.506835937499996225e-01	1.138972779148903769e-01
4.638671874999995004e-01	7.637827581730594062e-02
4.291015624999994782e-01	7.082928528809000202e-02
5.010742187499995781e-01	7.578334523815950796e-02
6.038085937499996225e-01	9.260725659573854074e-02
4.381835937499994893e-01	6.727504172293981288e-02
5.544921874999995115e-01	8.081902229464670018e-02
3.786132812499994893e-01	6.387815217858443251e-02
4.310546874999994782e-01	6.283828413950821867e-02
5.947265624999997780e-01	8.401776099416355392e-02
5.098632812499994671e-01	6.969640777935648401e-02
5.711914062499997558e-01	7.749964838456067928e-02
3.726562499999994671e-01	5.993569435848113830e-02
4.066406249999994227e-01	5.783886259443846850e-02
4.815429687499994671e-01	6.204000839091416974e-02
5.061523437499995115e-01	6.516213875989906867e-02
5.032226562499996225e-01	6.305445764545902776e-02
4.698242187499995781e-01	5.760018685527205223e-02
5.610351562499995559e-01	6.784726227124732167e-02
4.999999999999995559e-01	6.038338833247747922e-02
5.352539062499995781e-01	6.406137366301191405e-02
5.863281249999996447e-01	6.905468712606446791e-02
