8.247070312499998890e-01	2.120762784013496549e-01
4.251953124999994782e-01	1.001594480516664054e-01
3.639648437499993783e-01	9.690223035231897153e-02
6.072265624999997335e-01	1.222370454875850027e-01
4.707031249999995559e-01	9.147370688733835742e-02
6.128906249999995781e-01	1.142188997967377440e-01
5.408203124999997335e-01	9.861721254389271829e-02
4.964843749999995337e-01	9.191275774380629204e-02
4.374999999999995004e-01	7.939138365315219492e-02
5.370117187499996447e-01	9.000446960585881118e-02
5.380859374999995559e-01	8.770203895849924824e-02
4.372070312499994893e-01	7.672818347572016306e-02
4.985351562499995559e-01	7.922974493060780388e-02
5.692382812499996447e-01	8.767320171109528604e-02
4.436523437499995115e-01	7.142337757958595879e-02
5.225585937499995781e-01	7.660774434365953678e-02
4.394531249999994449e-01	7.063593623827907342e-02
5.384765624999996447e-01	7.599219172354267082e-02
6.286132812499996003e-01	8.933810489493096418e-02
4.387695312499995115e-01	6.616582199698448075e-02
6.060546874999996891e-01	8.143119616193100763e-02
4.598632812499995337e-01	6.344764086723429786e-02
5.217773437499996225e-01	6.953690551360065808e-02
4.804687499999995004e-01	6.359443576133366749e-02
5.164062499999995115e-01	6.609830484873155387e-02
4.994140624999995337e-01	6.255335052180163724e-02
5.076171874999995115e-01	6.310333357373584806e-02
5.491210937499996225e-01	6.702371196842243917e-02
3.425781249999994005e-01	6.370767539917504552e-02
5.203124999999996225e-01	6.220720970561584295e-02
5.747070312499996669e-01	6.726117329485653551e-02
5.141601562499995559e-01	6.007742646645152645e-02
4.309570312499995115e-01	5.349776648012221497e-02
4.605468749999995781e-01	5.471047028370290555e-02
4.662109374999995337e-01	5.407779667247338690e-02
