5.774414062499996225e-01	1.176979282956325951e-01
5.396484374999996891e-01	1.097625680708251561e-01
5.431640624999996003e-01	1.119297566106257358e-01
2.753906249999993339e-01	1.113463460717201425e-01
5.025390624999996891e-01	1.019268726853999746e-01
3.756835937499994893e-01	9.441983929981427603e-02
6.265624999999996891e-01	1.121240552663813062e-01
5.208984374999996447e-01	9.377394854502550670e-02
5.041015624999996003e-01	9.150932576426711040e-02
6.650390624999997780e-01	1.127856608015603418e-01
5.759765624999997335e-01	9.817534442384139026e-02
4.583984374999995337e-01	8.427145975336321204e-02
5.390624999999996669e-01	9.002723360711202549e-02
2.689453124999993672e-01	1.029152744097151656e-01
5.494140624999996891e-01	8.660278501416386610e-02
4.101562499999995004e-01	7.887024285370602961e-02
5.364257812499996225e-01	8.358648508141494626e-02
4.400390624999994671e-01	8.013557397237289215e-02
4.699218749999996003e-01	7.710485615476174448e-02
6.177734374999996891e-01	8.735937613109541477e-02
5.112304687499994449e-01	7.784437455846972276e-02
3.583984374999994449e-01	8.295831960762171942e-02
3.556640624999993783e-01	8.108551597434662805e-02
4.642578124999994782e-01	7.350345929323984229e-02
5.586914062499995781e-01	7.671867403331053548e-02
5.016601562499996003e-01	7.098196027791014995e-02
4.938476562499996003e-01	7.093502404487753155e-02
4.258789062499994671e-01	7.179426054911676458e-02
3.516601562499994671e-01	7.777399218310866724e-02
4.633789062499995559e-01	6.668305347566136354e-02
4.456054687499995115e-01	6.684550612248167656e-02
4.803710937499995337e-01	6.587315144366488739e-02
5.315429687499995115e-01	6.674722360271137522e-02
5.772460937499995781e-01	6.855807483561222881e-02
6.172851562499996891e-01	7.125842420134889665e-02
