5.396484374999996891e-01	1.374054464859794933e-01
4.919921874999995670e-01	1.170921936694812038e-01
6.351562499999996447e-01	1.477757044356383387e-01
5.548828124999996003e-01	1.186854077984685341e-01
5.010742187499995781e-01	1.033897922381819823e-01
3.998046874999994782e-01	9.318220998062705374e-02
4.095703124999994782e-01	8.684839353175165255e-02
4.583984374999995337e-01	8.884814956338771275e-02
5.586914062499995781e-01	1.026055272672988239e-01
4.787109374999995448e-01	8.627841870957951576e-02
5.355468749999996447e-01	9.217208885979799593e-02
6.044921874999995559e-01	1.021708732869098107e-01
5.503906249999995781e-01	9.188188008837745724e-02
2.307617187499993172e-01	7.429868559296279318e-02
5.547851562499995781e-01	8.881821592314068092e-02
5.906249999999997335e-01	9.226233265570497888e-02
4.945312499999995892e-01	7.706654576598030715e-02
3.978515624999994782e-01	7.073727979425048495e-02
4.023437499999994449e-01	6.931487440332370631e-02
3.761718749999994893e-01	6.883386984257096330e-02
2.643554687499992673e-01	7.017251018458176004e-02
4.178710937499995337e-01	6.581335265877848173e-02
4.997070312499996003e-01	7.008330559792973202e-02
4.268554687499994671e-01	6.330977044324133385e-02
3.460937499999994227e-01	6.006669087438088611e-02
4.811523437499994893e-01	6.604528754248541189e-02
4.687499999999995559e-01	6.239287249892536136e-02
4.718749999999995448e-01	6.143935070808273502e-02
6.413085937499997113e-01	8.473235575297172195e-02
4.900390624999995115e-01	6.313976766001333507e-02
5.239257812499995559e-01	6.573126813905250110e-02
4.416015624999994893e-01	5.686635855075887480e-02
4.586914062499994893e-01	5.753215304745195463e-02
6.291992187499996225e-01	7.634580480867153573e-02
5.095703124999995115e-01	6.056116624803904724e-02
