3.098632812499994005e-01	8.238638972546676043e-02
4.613281249999995337e-01	1.086099803747480330e-01
4.985351562499995559e-01	1.104958511806068827e-01
4.259765624999994893e-01	8.787727051380953003e-02
4.041015624999994560e-01	8.374892401112687956e-02
5.218749999999996447e-01	1.005942806417447488e-01
4.156249999999994671e-01	7.938675602788464181e-02
3.724609374999994782e-01	7.238331403817853393e-02
4.734374999999995115e-01	8.297724024541754118e-02
5.877929687499996447e-01	1.049076799728836940e-01
4.660156249999994893e-01	7.855111990105810571e-02
5.345703124999996447e-01	8.930101159790733434e-02
4.521484374999995004e-01	7.339347258982034661e-02
4.365234374999995004e-01	7.139685939155826500e-02
5.024414062499996669e-01	7.734015253758406983e-02
4.993164062499995115e-01	7.840486746234100190e-02
5.699218749999996891e-01	8.531054066099433286e-02
4.916992187499995559e-01	7.157022186732125979e-02
4.744140624999995115e-01	6.877705939305282790e-02
5.007812499999995115e-01	7.154200281729888866e-02
4.328124999999994893e-01	6.458423666005409791e-02
6.095703124999996003e-01	8.404442531904871005e-02
5.515624999999996225e-01	7.345213814153260523e-02
4.635742187499994893e-01	6.329529458600348379e-02
3.112304687499993783e-01	6.155225135336376413e-02
5.283203124999995559e-01	6.880602699630281038e-02
2.605468749999994005e-01	5.947465609213758997e-02
5.480468749999996003e-01	6.972724635203875199e-02
5.691406249999996225e-01	7.162603815826204534e-02
5.301757812499995337e-01	6.596885970122680354e-02
3.511718749999994671e-01	5.427823931889216164e-02
4.241210937499995115e-01	5.576086358298104617e-02
4.643554687499994449e-01	5.532763510866780393e-02
4.795898437499994671e-01	5.790426763375512709e-02
4.788085937499995115e-01	5.668169789051869661e-02
