5.346679687499995559e-01	1.288576146967866376e-01
6.836914062499998002e-01	1.598754786393928595e-01
4.219726562499994671e-01	9.995508617737425272e-02
4.604492187499995559e-01	1.030265300788490296e-01
4.305664062499994227e-01	9.474667442581302668e-02
4.780273437499995559e-01	9.870026092143477370e-02
6.365234374999997335e-01	1.284207269956600950e-01
3.189453124999994116e-01	7.830962365410537585e-02
5.627929687499995115e-01	1.051109683040917508e-01
5.083007812499995559e-01	8.999536554093366669e-02
4.010742187499994893e-01	7.510975245360999863e-02
5.244140624999995559e-01	8.911261681299734172e-02
5.199218749999996447e-01	8.907277155509132904e-02
4.453124999999995559e-01	7.442237244510487015e-02
4.604492187499995559e-01	7.392902757459293706e-02
4.413085937499995337e-01	6.768500971637689267e-02
5.394531249999996447e-01	8.337588591159143803e-02
5.426757812499996003e-01	8.242507349823031959e-02
3.733398437499994005e-01	5.790280525692613478e-02
4.434570312499995781e-01	6.507179883558029954e-02
4.911132812499995337e-01	7.093440652293514503e-02
4.952148437499995781e-01	6.968831885151768879e-02
4.737304687499994671e-01	6.348393273070587761e-02
4.436523437499995115e-01	6.038505232987690513e-02
5.091796874999994227e-01	6.882854281446058875e-02
5.043945312499995559e-01	6.767787894325123788e-02
3.694335937499995115e-01	5.046421166814314685e-02
5.556640624999995559e-01	7.553344212153249859e-02
5.993164062499997113e-01	8.092685391484112645e-02
4.411132812499994893e-01	5.476668264411730519e-02
5.373046874999996003e-01	6.784853257056609743e-02
5.591796874999994671e-01	7.102539273252272967e-02
5.375976562499996669e-01	6.731869118753240622e-02
5.532226562499996669e-01	6.863818734905605123e-02
5.118164062499995781e-01	6.096025852075638574e-02
