5.450195312499996891e-01	1.307264607132434531e-01
4.870117187499994893e-01	1.071970545006730585e-01
6.864257812499997558e-01	1.643905960247401266e-01
7.747070312499998446e-01	1.990670269987534213e-01
6.337890624999997780e-01	1.363851569436130284e-01
5.271484374999995115e-01	1.022691158185587007e-01
3.638671874999994116e-01	7.708771268220011852e-02
6.034179687499996447e-01	1.168720797864593736e-01
4.166015624999994671e-01	7.946936364853506019e-02
4.627929687499995337e-01	8.239789038956203682e-02
6.120117187499996003e-01	1.097615378406680969e-01
4.949218749999996225e-01	8.284235515029746144e-02
4.399414062499994449e-01	7.375984508061796119e-02
5.573242187499996003e-01	9.137454549876991572e-02
4.572265624999994893e-01	7.151247204752970987e-02
4.129882812499995337e-01	6.461574503990266671e-02
4.629882812499995781e-01	6.871769049930102902e-02
4.191406249999994893e-01	6.203122336244201035e-02
4.449218749999995781e-01	6.302605847307406195e-02
5.887695312499997558e-01	8.575351335275019360e-02
5.033203124999996447e-01	6.927846080213193036e-02
5.995117187499996447e-01	8.491026676816378072e-02
5.274414062499995781e-01	7.092646485878513485e-02
4.734374999999995115e-01	6.343161684922841992e-02
4.208007812499995337e-01	5.685620297633253717e-02
5.455078124999996891e-01	7.094933286226356994e-02
4.646484374999995115e-01	5.857873135698577621e-02
5.189453124999996447e-01	6.511077416472052515e-02
4.831054687499994893e-01	5.830662214735608112e-02
4.916992187499995559e-01	6.053519916660637934e-02
5.510742187499996225e-01	6.747207395220053416e-02
4.749023437499995115e-01	5.664387043231615404e-02
4.343749999999995115e-01	5.201071232329763927e-02
5.384765624999996447e-01	6.312249012042026042e-02
4.903320312499995781e-01	5.635332830643152019e-02
