8.228515624999999112e-01	3.190769716375843057e-01
6.738281249999996669e-01	2.159234624198674291e-01
3.894531249999994005e-01	1.033773167126172399e-01
5.919921874999996003e-01	1.583032961757883383e-01
3.477539062499994671e-01	8.585729415414516952e-02
4.627929687499995337e-01	1.099160801467815168e-01
5.868164062499997558e-01	1.378807967281182323e-01
3.950195312499995559e-01	8.847003283290978681e-02
5.450195312499996891e-01	1.151555723356264133e-01
4.539062499999995115e-01	9.359721485050977174e-02
5.212890624999997335e-01	9.765298097469378436e-02
4.996093749999995781e-01	9.186734983073652216e-02
4.973632812499996225e-01	9.340208624578369423e-02
5.788085937499994893e-01	1.037108861390350772e-01
6.958984374999996891e-01	1.246707766132006540e-01
4.458984374999995226e-01	8.031713062799103464e-02
4.767578124999995448e-01	8.074038585485077135e-02
5.042968749999995337e-01	8.099446519942819778e-02
5.236328124999996003e-01	8.143963015797757443e-02
3.492187499999994116e-01	6.608811912551451617e-02
5.189453124999996447e-01	7.867885066291606388e-02
5.298828124999994671e-01	7.975588793393811882e-02
4.611328124999995448e-01	6.652503967163660159e-02
6.345703124999997335e-01	9.350361603967087543e-02
5.594726562499995337e-01	7.849048415654820421e-02
5.195312499999995559e-01	7.388993759466391809e-02
4.666015624999995115e-01	6.439299379575134930e-02
6.013671874999997335e-01	7.943105758851397302e-02
4.704101562499996003e-01	6.396177089706649166e-02
5.408203124999997335e-01	7.072699844228980126e-02
4.200195312499995781e-01	5.841342425866902222e-02
4.824218749999995559e-01	6.314294493718788925e-02
4.235351562499994893e-01	5.642182961405172587e-02
4.771484374999995226e-01	5.920651324448945874e-02
4.800781249999994671e-01	5.901451047706110509e-02
