5.909179687499996891e-01	1.322421939323570328e-01
3.751953124999994338e-01	8.756597751538978958e-02
5.285156249999994893e-01	1.076184290397842191e-01
4.070312499999994560e-01	8.540261882803291960e-02
5.919921874999996003e-01	1.162658305440234102e-01
4.971679687499995781e-01	9.358529506083095029e-02
4.638671874999995004e-01	8.621974773903462452e-02
6.282226562499996225e-01	1.170062688009859270e-01
3.902343749999994671e-01	7.365144977635608436e-02
5.315429687499995115e-01	9.112674085435261417e-02
4.457031249999995337e-01	7.618506045239450963e-02
4.793945312499995337e-01	7.772968858896302236e-02
5.163085937499994893e-01	8.080968538452715233e-02
4.159179687499994227e-01	6.786474163099542878e-02
4.956054687499995559e-01	7.391006913131879796e-02
6.495117187499996891e-01	1.031980105575930479e-01
6.614257812499996225e-01	1.046647878156131001e-01
5.311523437499995337e-01	7.431851656323379407e-02
3.793945312499994449e-01	6.109352769671300143e-02
5.757812499999996891e-01	8.124072715531020783e-02
4.965820312499995559e-01	6.749884524015596632e-02
4.427734374999995337e-01	6.113584405247138309e-02
5.791992187499995781e-01	7.669102139241859573e-02
4.486328124999994782e-01	5.970848833656240695e-02
5.291992187499995337e-01	6.899366888663960307e-02
5.778320312499996003e-01	7.478893997784964720e-02
4.291992187499994449e-01	5.588542256868685165e-02
4.667968749999995559e-01	5.752416626664638710e-02
4.516601562499995559e-01	5.593235848675499888e-02
5.262695312499996447e-01	6.381318831138575731e-02
4.826171874999995448e-01	5.819358675880609982e-02
4.682617187499995559e-01	5.533344641326214119e-02
5.472656249999995337e-01	6.446256224256563527e-02
6.124999999999996003e-01	7.342098152616251261e-02
5.129882812499995115e-01	5.806689862535086011e-02
