6.490234374999996891e-01	1.821415788394861734e-01
4.903320312499995781e-01	1.228625315394960005e-01
3.945312499999995004e-01	9.804116875365828654e-02
4.431640624999995115e-01	1.029787120553433410e-01
7.893554687499998446e-01	2.090543226642701813e-01
5.336914062499996669e-01	1.133743290267936604e-01
3.650390624999994005e-01	8.239261757062696367e-02
5.589843749999995337e-01	1.128724872617261898e-01
4.916992187499995559e-01	9.562638625124263159e-02
5.186523437499995781e-01	9.633660180572774234e-02
5.377929687499996003e-01	9.660287011436617666e-02
5.608398437499995115e-01	9.839702472522274257e-02
5.050781249999994893e-01	8.493126468697435871e-02
5.227539062499996225e-01	8.652197987173711191e-02
5.205078124999995559e-01	8.248531111175250174e-02
4.115234374999994782e-01	6.921456963689059938e-02
3.403320312499994449e-01	6.296424079409415620e-02
4.588867187499995337e-01	7.040009478508964247e-02
4.556640624999994671e-01	6.879756333853739858e-02
5.858398437499996447e-01	8.798481231716803741e-02
5.160156249999995337e-01	7.349138072873355465e-02
4.557617187499994893e-01	6.493672574178421808e-02
5.448242187499996447e-01	7.660453693069164960e-02
4.785156249999995559e-01	6.594759670957624220e-02
4.216796874999995115e-01	5.702147241112731635e-02
5.180664062499996669e-01	6.910187584500390723e-02
4.916992187499995559e-01	6.322533459681217716e-02
4.755859374999995559e-01	6.148673220170080417e-02
5.353515624999996003e-01	6.717239143874624563e-02
6.711914062499998446e-01	9.217778026261808089e-02
5.839843749999996669e-01	7.434178710643223054e-02
5.306640624999996447e-01	6.450281093336014682e-02
4.874999999999995448e-01	5.832505978015598003e-02
5.119140624999996003e-01	5.974249418352998997e-02
5.277343749999995337e-01	6.264020682920366789e-02
