5.180664062499996669e-01	1.151811484683507858e-01
6.515624999999997113e-01	1.551380549565769262e-01
5.554687499999995115e-01	1.197565968766342304e-01
2.037109374999993006e-01	7.545084679423812168e-02
3.371093749999993783e-01	8.158628181914667765e-02
5.445312499999996891e-01	1.060701017478653529e-01
5.205078124999995559e-01	9.667448498998286455e-02
4.928710937499996003e-01	9.130212445756145934e-02
5.223632812499996447e-01	9.168709401113181445e-02
4.401367187499994893e-01	7.918719531403387024e-02
4.601562499999995448e-01	7.870460179401446432e-02
6.936523437499997335e-01	1.270728652796246916e-01
4.324218749999995115e-01	7.363024703608150867e-02
5.393554687499996225e-01	8.696604518173668696e-02
4.190429687499994671e-01	6.874798306119599134e-02
3.308593749999994005e-01	6.390672883431956774e-02
3.588867187499994449e-01	6.065491663568518127e-02
4.505859374999995337e-01	6.768717986295880173e-02
4.208984374999995004e-01	6.373489370574701718e-02
4.849609374999995781e-01	6.869174190275802172e-02
4.449218749999995781e-01	6.382489131287272244e-02
5.699218749999996891e-01	8.065800597527933435e-02
4.990234374999995559e-01	6.864775466986246244e-02
4.029296874999994671e-01	5.669943734840796057e-02
4.595703124999995226e-01	6.104085863411881641e-02
4.924804687499995115e-01	6.346087756408061442e-02
5.060546874999996003e-01	6.394468793237315096e-02
4.291015624999994782e-01	5.545528861381435887e-02
4.351562499999995226e-01	5.378172621144846482e-02
3.534179687499994227e-01	4.807138829286328185e-02
6.764648437499997113e-01	9.252983630798618242e-02
4.418945312499995559e-01	5.392584147689361007e-02
5.341796874999995559e-01	6.356937829461531408e-02
4.855468749999996003e-01	5.701442787984554311e-02
4.468749999999995226e-01	5.202270007801994972e-02
