5.235351562499995781e-01	1.308911499489610053e-01
5.324218749999996003e-01	1.263404093506206860e-01
5.633789062499995337e-01	1.234948762656731258e-01
6.272460937499996225e-01	1.402933274295488086e-01
3.899414062499994005e-01	8.125935091458234838e-02
4.810546874999995226e-01	9.305406902922506995e-02
3.231445312499994227e-01	7.589454491278489756e-02
6.237304687499996003e-01	1.236956550764477664e-01
3.675781249999994227e-01	7.415463635072792881e-02
3.124999999999993894e-01	6.540331237053112479e-02
4.726562499999995559e-01	8.418564709655790290e-02
5.798828124999995115e-01	1.024334776803917657e-01
6.062499999999996225e-01	1.072841945715997253e-01
5.571289062499996669e-01	9.325003922806185397e-02
4.168945312499995337e-01	7.095973582478352915e-02
5.147460937499995781e-01	8.218489233474565725e-02
4.509765624999995115e-01	6.920384957670491777e-02
5.495117187499996003e-01	8.457528964287291950e-02
5.075195312499996003e-01	7.366142982453383059e-02
4.430664062499994893e-01	6.425617152380615205e-02
4.656249999999995115e-01	6.722168804052802704e-02
5.697265624999996447e-01	8.035128094136194388e-02
5.364257812499996225e-01	7.297827197928391518e-02
6.324218749999996891e-01	9.118108305570565841e-02
5.004882812499995559e-01	6.557287159520214237e-02
5.585937499999995559e-01	7.511790888432974544e-02
4.590820312499995781e-01	5.953942148749200719e-02
4.699218749999996003e-01	6.057202423608868541e-02
5.618164062499996225e-01	7.079196406820528753e-02
4.385742187499994671e-01	5.547072179589445512e-02
4.939453124999995670e-01	6.048365226132097761e-02
4.697265624999995559e-01	5.669379173719493736e-02
5.407226562499997113e-01	6.410831886815777925e-02
5.072265624999996447e-01	5.910703579678231595e-02
5.352539062499995781e-01	6.274885233914474780e-02
