4.625976562499994893e-01	1.051614305779972475e-01
6.116210937499996225e-01	1.443142543906074937e-01
4.834960937499995781e-01	1.041718741194840453e-01
6.681640624999998224e-01	1.558207397695733631e-01
3.908203124999994338e-01	8.812539221391572919e-02
4.773437499999995115e-01	9.901477963754735934e-02
4.429687499999995226e-01	8.727549011217790309e-02
4.131835937499994671e-01	8.188684383502371766e-02
5.649414062499996669e-01	1.074666971304774066e-01
6.569335937499997113e-01	1.250634248125734038e-01
3.232421874999993894e-01	6.388954375980322731e-02
3.677734374999994671e-01	6.911607904887617781e-02
5.155273437499995337e-01	8.735244634414496279e-02
4.626953124999995115e-01	7.760200211267281878e-02
5.328124999999995781e-01	8.492413102028879834e-02
5.156249999999995559e-01	8.062197893098291268e-02
4.599609374999995559e-01	6.905738840409728074e-02
6.167968749999996891e-01	9.791298669505657526e-02
7.270507812499997780e-01	1.240993509395167810e-01
6.243164062499996225e-01	9.578443358723555401e-02
5.308593749999995781e-01	7.658344746829132133e-02
4.536132812499995559e-01	6.513406553997223847e-02
4.551757812499994671e-01	6.307100110294917850e-02
3.988281249999994227e-01	5.831559288754581405e-02
4.805664062499994671e-01	6.480438488205002290e-02
5.807617187499996003e-01	7.860684463966421953e-02
4.429687499999995226e-01	5.771442743704330997e-02
3.747070312499994893e-01	5.238047149594832197e-02
4.037109374999994782e-01	5.187042329975409538e-02
5.916015624999997335e-01	7.745016276201070748e-02
5.674804687499995781e-01	7.101023062242552142e-02
5.121093749999995337e-01	6.329921375845209974e-02
3.879882812499995115e-01	4.947566833309537115e-02
6.723632812499997780e-01	8.831882768203865031e-02
5.123046874999994671e-01	6.088732788673538454e-02
