5.257812499999996447e-01	1.365894917708006251e-01
5.156249999999995559e-01	1.267496362495166562e-01
4.338867187499995115e-01	1.013967174167404173e-01
4.321289062499994449e-01	8.763144506826278657e-02
5.739257812499996003e-01	1.271137900054041814e-01
4.134765624999994782e-01	8.647399711713774084e-02
4.526367187499994449e-01	9.138045973647025699e-02
7.120117187499996891e-01	1.510743286342483005e-01
4.411132812499994893e-01	8.579364997363271572e-02
4.646484374999995115e-01	8.882821829516923673e-02
4.209960937499994671e-01	7.922553752034358632e-02
3.926757812499994671e-01	6.880863636913035764e-02
5.018554687499995337e-01	8.511200901759860549e-02
4.052734374999994449e-01	7.202845087104314814e-02
4.427734374999995337e-01	7.264189177785715379e-02
5.291015624999995115e-01	8.389990356970826457e-02
6.062499999999996225e-01	9.501044120418873640e-02
6.033203124999997335e-01	9.474873873208432273e-02
4.858398437499995559e-01	7.460615421368704814e-02
4.841796874999995670e-01	7.443192143831325880e-02
4.861328124999995670e-01	7.096963209199363964e-02
5.421874999999996003e-01	7.740583771835886362e-02
3.994140624999994449e-01	6.603947337979323984e-02
6.291992187499996225e-01	8.921273114389727255e-02
5.739257812499996003e-01	7.878987505587199680e-02
4.499999999999995115e-01	6.503080562641132267e-02
4.998046874999995670e-01	6.721159777129100121e-02
5.240234374999994671e-01	6.769422444487779855e-02
6.055664062499995781e-01	7.790235765047458238e-02
4.023437499999994449e-01	6.028924326091041758e-02
5.446289062499997113e-01	6.901644926481764752e-02
5.456054687499996003e-01	6.784941286768857160e-02
4.505859374999995337e-01	5.999086171638549903e-02
5.204101562499996447e-01	6.329124956198933782e-02
4.017578124999994782e-01	5.774882742391988094e-02
