5.081054687499995115e-01	1.179517834071677485e-01
3.654296874999994338e-01	1.063988614722598119e-01
5.087890624999995559e-01	1.140762195420354369e-01
5.711914062499997558e-01	1.182622888948631351e-01
4.327148437499994671e-01	9.350790828650805409e-02
4.716796874999995559e-01	9.137469574657122728e-02
5.768554687499996003e-01	1.134183095184776030e-01
6.109374999999995781e-01	1.166393981103114874e-01
3.696289062499994449e-01	7.399127955131701295e-02
5.321289062499995337e-01	9.646626846306018133e-02
5.386718749999996891e-01	9.195178245175968101e-02
4.286132812499995337e-01	7.436099017592960603e-02
4.245117187499994893e-01	7.160549354485276630e-02
3.978515624999994782e-01	6.709642885461922224e-02
5.362304687499995781e-01	8.799055346467155037e-02
5.158203124999996003e-01	7.829355922133335310e-02
6.390624999999997558e-01	1.072672571243390854e-01
4.960937499999995559e-01	7.308475899091453065e-02
3.015624999999994005e-01	5.579152238990708196e-02
5.036132812499996003e-01	7.350786383517768363e-02
5.573242187499996003e-01	8.165004128700552311e-02
4.317382812499994671e-01	6.153545842077590144e-02
4.653320312499995559e-01	6.437053107753031023e-02
5.885742187499997113e-01	8.551514207404897761e-02
5.759765624999997335e-01	8.092163681732712777e-02
5.480468749999996003e-01	7.475685115840444150e-02
4.637695312499995337e-01	5.919649656856663250e-02
4.506835937499995559e-01	5.765360466146650376e-02
5.435546874999996891e-01	7.075463660289812995e-02
5.542968749999995781e-01	7.229571816465782397e-02
4.979492187499995337e-01	6.226279801803970282e-02
6.094726562499995781e-01	8.037396499909468806e-02
4.470703124999995115e-01	5.413236602182694424e-02
4.642578124999994782e-01	5.508427116230707465e-02
4.536132812499995559e-01	5.055057414131791660e-02
