5.918945312499996891e-01	1.250322173204449216e-01
4.118164062499994893e-01	9.625761558806476825e-02
4.870117187499994893e-01	9.931688676505449898e-02
4.225585937499994893e-01	9.019374034791904915e-02
4.869140624999995226e-01	9.283012780723423618e-02
4.250976562499995115e-01	8.279731143856948472e-02
4.721679687499995559e-01	8.569801287540060319e-02
5.768554687499996003e-01	9.757189724635162431e-02
5.073242187499995559e-01	8.606282677555684990e-02
4.650390624999994893e-01	7.918623538325636479e-02
4.510742187499995337e-01	7.376206918155776837e-02
5.491210937499996225e-01	8.420041848929955830e-02
5.910156249999997113e-01	8.950425779362777834e-02
5.771484374999995559e-01	8.560230309564101359e-02
3.469726562499994005e-01	7.376371580076372669e-02
5.098632812499994671e-01	7.482684393165547898e-02
5.159179687499995115e-01	7.322054141587262810e-02
4.780273437499995559e-01	6.961977020378078140e-02
4.802734374999995115e-01	6.664057855690565246e-02
5.093749999999994671e-01	6.996983692604365201e-02
5.464843749999995781e-01	7.058747852275433499e-02
5.042968749999995337e-01	6.645427596112285507e-02
3.281249999999914096e-02	2.317047500592079359e+03
4.125976562499994449e-01	6.077167306989673251e-02
4.091796874999995004e-01	5.962990637685899181e-02
6.452148437499997113e-01	8.228765489193266836e-02
5.621093749999995781e-01	6.767722748866342175e-02
5.756835937499996669e-01	6.944921465313320941e-02
4.526367187499994449e-01	5.836716676238683232e-02
4.670898437499995115e-01	5.707329066310166260e-02
4.202148437499995115e-01	5.537489026668006298e-02
5.599609374999994227e-01	6.483225952414886639e-02
5.515624999999996225e-01	6.306546094281245685e-02
4.771484374999995226e-01	5.582462273053634405e-02
4.192382812499995115e-01	5.417467829597243795e-02
