4.377929687499995115e-01	1.030017333315546429e-01
3.676757812499994449e-01	8.112081760470879477e-02
5.935546874999997335e-01	1.353305369426298921e-01
3.281249999999914096e-02	1.337747998191986426e+03
6.592773437499995781e-01	1.506230577225128875e-01
4.724609374999995670e-01	9.194861051548340602e-02
3.789062499999994449e-01	7.704428224052380092e-02
6.980468749999997335e-01	1.478757027975836080e-01
6.264648437499996669e-01	1.136498804418835523e-01
4.893554687499994671e-01	9.085826872578896263e-02
6.591796874999995559e-01	1.247736819556503063e-01
4.472656249999995559e-01	8.027992519583267150e-02
4.308593749999994893e-01	7.754132164074119260e-02
4.758789062499995115e-01	7.563793838137612691e-02
5.927734374999995559e-01	9.821607980984217723e-02
4.695312499999995670e-01	7.451728062715029521e-02
4.954101562499996225e-01	7.568526705786349229e-02
4.504882812499995115e-01	7.136141224710007558e-02
4.399414062499994449e-01	6.753365523530700798e-02
5.320312499999995115e-01	7.533209196659128304e-02
5.082031249999995337e-01	7.168934260775407241e-02
4.736328124999995004e-01	6.818797096626075249e-02
6.711914062499998446e-01	9.880123783795349834e-02
5.731445312499996447e-01	7.725993485250938486e-02
3.956054687499994671e-01	5.976876480697627947e-02
4.695312499999995670e-01	6.332124467351768482e-02
4.750976562499995559e-01	6.263799224354800466e-02
4.234374999999994671e-01	5.689961224416348329e-02
4.716796874999995559e-01	6.106882661763800985e-02
4.483398437499994671e-01	5.790916474534479191e-02
4.055664062499994005e-01	5.517039119388078561e-02
5.049804687499994671e-01	6.209021138833707709e-02
4.164062499999994782e-01	5.451424891626679980e-02
4.585937499999995226e-01	5.543638776654557371e-02
4.552734374999994893e-01	5.385139757005363847e-02
