6.295898437499996003e-01	1.467483795348324127e-01
5.086914062499995337e-01	1.118955430684482472e-01
7.727539062499998446e-01	1.894566995845713420e-01
4.173828124999994782e-01	9.152362252488185912e-02
3.460937499999994227e-01	7.817763960544621415e-02
4.747070312499995781e-01	9.534356809699796875e-02
6.110351562499996003e-01	1.239143929167501601e-01
2.982421874999993672e-01	6.769251552158316032e-02
6.479492187499996669e-01	1.282375805130775426e-01
5.380859374999995559e-01	9.457131271227076086e-02
6.743164062499996669e-01	1.280464711071873374e-01
5.218749999999996447e-01	8.633798942579548608e-02
4.336914062499994671e-01	7.189035194892121061e-02
5.077148437499995337e-01	8.215637907138299834e-02
5.872070312499997335e-01	9.881282301003735391e-02
5.567382812499995781e-01	8.830146154448301199e-02
4.484374999999994893e-01	6.751142452071026701e-02
4.376953124999994893e-01	6.546648789849873751e-02
5.216796874999996003e-01	7.665779731959145027e-02
5.187499999999996003e-01	7.644667361415111162e-02
4.463867187499994671e-01	6.402349609966981325e-02
5.583007812499996003e-01	8.262326548583480423e-02
4.997070312499996003e-01	6.826637279621859677e-02
5.667968749999996447e-01	8.053604461219879274e-02
6.107421874999996447e-01	8.985758316771817744e-02
4.816406249999994893e-01	6.190352073003379391e-02
3.919921874999994782e-01	4.974080567249120066e-02
3.991210937499994893e-01	5.151966838081627892e-02
5.546874999999995559e-01	7.403541660941012625e-02
4.488281249999994671e-01	5.504234646830274275e-02
4.935546874999995892e-01	6.093735404113856391e-02
4.731445312499995559e-01	5.776052279335953943e-02
4.309570312499995115e-01	5.167530169549285068e-02
4.760742187499995559e-01	5.772096399513796522e-02
5.692382812499996447e-01	7.089809361404733612e-02
