3.726562499999994671e-01	8.232410295183395510e-02
6.272460937499996225e-01	1.527039636987410909e-01
4.944335937499996225e-01	1.056581191558498278e-01
4.480468749999995115e-01	9.043609894279187877e-02
4.662109374999995337e-01	8.973341448842225843e-02
5.662109374999995115e-01	1.138447372670723379e-01
4.047851562499994449e-01	7.468806793726556759e-02
5.834960937499996669e-01	1.094702688771996418e-01
4.998046874999995670e-01	8.620304560150632289e-02
4.199218749999995559e-01	6.859749019255539926e-02
4.747070312499995781e-01	7.678611293090810419e-02
5.764648437499996225e-01	9.582495100086363404e-02
4.672851562499995559e-01	7.214855287850881205e-02
5.221679687499996003e-01	8.039996333753081370e-02
4.942382812499995781e-01	7.584967427980877919e-02
6.423828124999997335e-01	1.047901884520170968e-01
4.752929687499994893e-01	6.838461244449545173e-02
5.842773437499996225e-01	8.742648928396601349e-02
4.945312499999995892e-01	6.947724210514497067e-02
5.520507812499996225e-01	7.794922336329575263e-02
4.864257812499995781e-01	6.655817910527420111e-02
4.999999999999995559e-01	6.745557369868894482e-02
5.232421874999995115e-01	6.895255285240900478e-02
5.984374999999996225e-01	8.093453492193447563e-02
4.066406249999994227e-01	5.445565171536680127e-02
4.463867187499994671e-01	5.681458980801557673e-02
4.745117187499995337e-01	5.828449782234580712e-02
4.701171874999995892e-01	5.742517749015738776e-02
5.833984374999996447e-01	7.386135944912755602e-02
5.367187499999996891e-01	6.546154229367504018e-02
5.185546874999995559e-01	6.104457171893296064e-02
4.062499999999994449e-01	4.859995364674960655e-02
5.145507812499995337e-01	5.881013677620821473e-02
6.250976562499996891e-01	7.736744693069660950e-02
4.238281249999994449e-01	4.872190597958472175e-02
