5.349609374999995115e-01	1.434355494041787138e-01
4.852539062499995337e-01	1.205658491853454223e-01
6.083984374999995559e-01	1.460464846081896972e-01
5.669921874999996891e-01	1.322641287548543820e-01
4.802734374999995115e-01	1.102881687144246364e-01
6.027343749999997113e-01	1.291552887571979225e-01
5.765624999999996447e-01	1.176783586204982329e-01
4.699218749999996003e-01	9.023767134042907923e-02
5.759765624999997335e-01	1.065607560459202741e-01
4.756835937499995781e-01	9.143747740802520008e-02
3.081054687499993339e-01	8.658153728326076215e-02
5.533203124999996891e-01	9.790404184996809311e-02
3.884765624999994560e-01	8.265039893668439663e-02
4.271484374999994782e-01	8.238827639348972331e-02
4.014648437499994671e-01	7.353948338026024267e-02
5.084960937499994893e-01	8.449127051653282372e-02
4.567382812499994893e-01	7.710209498742966183e-02
4.719726562499995115e-01	7.636644924069330154e-02
5.855468749999996891e-01	8.709482496297603349e-02
5.010742187499995781e-01	7.525227725750337215e-02
5.149414062499996225e-01	7.715912834992987024e-02
3.741210937499994671e-01	7.137208420500834594e-02
5.192382812499996003e-01	7.497255008701564361e-02
4.884765624999995448e-01	7.107209637906268529e-02
5.947265624999997780e-01	7.985904192440362870e-02
4.025390624999994338e-01	6.747738765455910115e-02
4.364257812499995337e-01	6.525875300174158178e-02
4.649414062499994671e-01	6.552637949795167560e-02
5.131835937499994449e-01	6.674158269201116433e-02
4.717773437499995781e-01	6.350945956772942325e-02
4.186523437499994893e-01	6.048712424703892032e-02
4.842773437499995337e-01	6.153862860090304060e-02
5.158203124999996003e-01	6.340873272967853524e-02
5.151367187499995559e-01	6.338769761985293960e-02
4.828124999999995337e-01	5.986611263761389828e-02
