3.393554687499993339e-01	8.011590111680268189e-02
4.893554687499994671e-01	1.186803357909742979e-01
4.067382812499994449e-01	8.945589862005778881e-02
3.647460937499994449e-01	7.212114117807486013e-02
3.083984374999994005e-01	6.306055158366379032e-02
5.732421874999995559e-01	1.355484568752044483e-01
4.436523437499995115e-01	8.619040532447147518e-02
6.435546874999997780e-01	1.552695593391982820e-01
3.369140624999993894e-01	6.174462538046414373e-02
4.178710937499995337e-01	7.300997701893371938e-02
4.626953124999995115e-01	8.244829545372756030e-02
5.130859374999994227e-01	9.408849926567544597e-02
5.989257812499996225e-01	1.172247012974485386e-01
5.086914062499995337e-01	8.908573954985969656e-02
5.220703124999996891e-01	8.881300361698628298e-02
4.785156249999995559e-01	7.676018203764761738e-02
4.476562499999995337e-01	6.929906543779247585e-02
4.637695312499995337e-01	7.099360200865255377e-02
4.437499999999995337e-01	6.601254223089189632e-02
4.825195312499995781e-01	7.116050327083316140e-02
5.685546874999996003e-01	9.212419615653075211e-02
4.883789062499995781e-01	7.084587445467840916e-02
5.149414062499996225e-01	7.439144851012768900e-02
5.080078124999996003e-01	7.249271631451030540e-02
5.908203124999997780e-01	9.084910512450859732e-02
6.289062499999995559e-01	9.983715833629192016e-02
6.095703124999996003e-01	9.204625872608265813e-02
5.358398437499996003e-01	7.351355107801833821e-02
5.765624999999996447e-01	8.094487949628630108e-02
4.097656249999994671e-01	4.988469389529536641e-02
5.668945312499996669e-01	7.595813244437187028e-02
4.916015624999995337e-01	6.109244712800968036e-02
4.785156249999995559e-01	5.789804553833729356e-02
4.231445312499995115e-01	4.947057622260751103e-02
4.908203124999995226e-01	5.896127700791213566e-02
