6.428710937499996225e-01	1.691217561418868198e-01
4.952148437499995781e-01	1.074663393002603246e-01
5.247070312499996225e-01	1.146067500992878074e-01
4.369140624999994782e-01	8.702031346100141951e-02
2.982421874999993672e-01	6.847316678399024970e-02
6.701171874999998224e-01	1.563765012276773780e-01
5.517578124999995559e-01	1.082926325606481249e-01
4.567382812499994893e-01	8.213075745706237274e-02
5.416992187499996003e-01	9.984018011799040970e-02
4.476562499999995337e-01	7.710439056711242134e-02
5.349609374999995115e-01	9.377323865349243559e-02
4.984374999999995337e-01	8.298314916554035137e-02
4.715820312499995337e-01	7.638606977702178114e-02
5.758789062499997113e-01	9.680366189015864042e-02
5.200195312499996669e-01	8.136438942516188710e-02
4.541015624999995004e-01	6.898409275546366071e-02
5.379882812499996447e-01	8.373533457496752652e-02
5.026367187499996003e-01	7.348170045960814023e-02
4.507812499999995226e-01	6.373588463811474814e-02
4.445312499999995448e-01	6.081104246689251341e-02
4.348632812499995115e-01	5.870743353187053010e-02
4.391601562499994893e-01	5.824617487953061279e-02
4.279296874999994893e-01	5.663743238576834926e-02
4.284179687499994893e-01	5.515531722085864619e-02
5.206054687499995781e-01	6.945953731421364297e-02
3.624999999999994338e-01	4.731179679499006308e-02
4.891601562499995337e-01	6.194552693260430704e-02
5.388671874999997335e-01	7.142999137473575455e-02
5.421874999999996003e-01	7.080482420515543662e-02
5.960937499999996447e-01	8.098198963716239651e-02
4.995117187499995559e-01	6.143400029998559442e-02
3.641601562499994227e-01	4.436719724975037721e-02
5.518554687499995781e-01	6.930731870486930846e-02
5.607421874999996003e-01	7.041202039233186716e-02
5.831054687499995781e-01	7.399125513218093864e-02
