5.549804687499995115e-01	1.327079339580700124e-01
4.620117187499994671e-01	9.920884659146546325e-02
4.208984374999995004e-01	8.436181332836270585e-02
4.685546874999995670e-01	9.504944200468075366e-02
5.054687499999994671e-01	1.021250876351568887e-01
4.699218749999996003e-01	8.883520360672191030e-02
5.068359374999995559e-01	9.661721731374543765e-02
4.966796874999995781e-01	9.184154834511899790e-02
4.398437499999994782e-01	7.395702209333100685e-02
4.566406249999994671e-01	7.820579432538360409e-02
4.831054687499994893e-01	8.190022901464025229e-02
5.273437499999995559e-01	9.102175939223251799e-02
5.649414062499996669e-01	9.986373074305363029e-02
5.744140624999996003e-01	9.800564409962773949e-02
4.374023437499995337e-01	6.656103069629883129e-02
4.145507812499994449e-01	6.124599327624259681e-02
5.623046874999995115e-01	9.001295477581768012e-02
7.056640624999996891e-01	1.357838443449421728e-01
5.324218749999996003e-01	8.163256990747118358e-02
4.114257812499995115e-01	5.579718673041658000e-02
4.221679687499995115e-01	5.770143241187157546e-02
5.351562499999995559e-01	7.851477794918045039e-02
6.647460937499997113e-01	1.117959461569257157e-01
4.298828124999994338e-01	5.611436132182578279e-02
4.511718749999995559e-01	5.738383847020790685e-02
4.570312499999995004e-01	5.831440168339777075e-02
5.183593749999996225e-01	6.997976130401480088e-02
5.171874999999995781e-01	6.862143569269457677e-02
4.346679687499994671e-01	5.364827507051458250e-02
4.409179687499994449e-01	5.317568235785488651e-02
5.422851562499996225e-01	7.164633460427800860e-02
4.739257812499995115e-01	5.854939113033787168e-02
4.168945312499995337e-01	4.838244420912156396e-02
6.143554687499995781e-01	8.559732523654020597e-02
4.679687499999995448e-01	5.497325555595503066e-02
