4.793945312499995337e-01	1.201784071117348168e-01
5.497070312499996447e-01	1.259573476339192200e-01
4.150390624999994449e-01	1.027355466445108167e-01
4.509765624999995115e-01	1.010590815351201238e-01
4.918945312499996003e-01	1.005333605162708616e-01
4.972656249999996003e-01	9.938292422497872758e-02
6.024414062499997558e-01	1.183268416332166617e-01
5.344726562499996225e-01	1.048661643926754317e-01
3.020507812499994005e-01	8.091185253839250358e-02
6.189453124999997335e-01	1.108394802469970797e-01
4.631835937499995115e-01	8.678693886914308486e-02
3.780273437499994671e-01	7.883879457896950105e-02
5.733398437499995781e-01	9.560501047351060988e-02
3.263671874999994338e-01	7.785891844467136835e-02
3.943359374999995115e-01	7.674975613267100150e-02
5.356445312499996669e-01	8.540954200531344909e-02
5.098632812499994671e-01	8.322639271136880734e-02
5.946289062499997558e-01	9.130426529515055234e-02
5.398437499999997335e-01	8.155326612142228815e-02
4.111328124999995004e-01	7.306730381236885286e-02
4.051757812499994227e-01	6.742209216019336149e-02
5.013671874999996447e-01	7.317334369302043451e-02
6.401367187499997780e-01	8.837427236796892294e-02
5.423828124999996447e-01	7.379873119388741243e-02
4.779296874999995337e-01	6.815474085888667544e-02
5.169921874999996447e-01	7.071491457573512995e-02
4.353515624999995115e-01	6.774107087612094014e-02
5.067382812499995337e-01	6.829796374630806022e-02
6.412109374999996891e-01	8.090906092816527173e-02
4.773437499999995115e-01	6.526882532266908843e-02
5.326171874999996447e-01	6.719811417581889046e-02
5.642578124999995115e-01	6.934646157455161275e-02
4.912109374999995559e-01	6.363210963194521064e-02
6.168945312499997113e-01	7.473830014097909702e-02
3.958984374999994782e-01	6.380124013985133402e-02
