5.094726562499994893e-01	1.203184360224446720e-01
2.127929687499993117e-01	6.997707277362226475e-02
4.452148437499995337e-01	9.345255919637227016e-02
7.455078124999998668e-01	2.010084870735157070e-01
6.390624999999997558e-01	1.464068178768040407e-01
4.325195312499995337e-01	8.485236805435321383e-02
5.932617187499996669e-01	1.229581303474124726e-01
4.345703124999995004e-01	8.094381355275043211e-02
5.154296874999995115e-01	9.369901951844511467e-02
4.902343749999995559e-01	8.740554619284827964e-02
5.691406249999996225e-01	1.013141692508246483e-01
3.748046874999994560e-01	6.756871868941106973e-02
4.217773437499995337e-01	7.039825231250268489e-02
4.566406249999994671e-01	7.371788068318611831e-02
3.866210937499994227e-01	6.234802751750367217e-02
6.153320312499996891e-01	1.028512264990837921e-01
5.787109374999994671e-01	9.049204483724335168e-02
5.064453124999994671e-01	7.368025715249018615e-02
4.376953124999994893e-01	6.152134497776700489e-02
4.850585937499996003e-01	6.909252577722230226e-02
4.737304687499994671e-01	6.651271274178108261e-02
5.455078124999996891e-01	7.695921416207611443e-02
4.680664062499995115e-01	6.281881984069168090e-02
3.800781249999993783e-01	5.444172946124951201e-02
4.337890624999994893e-01	5.736636976734992704e-02
5.630859374999994671e-01	7.470581995246393381e-02
5.200195312499996669e-01	6.666477924491455431e-02
5.180664062499996669e-01	6.563808524790544496e-02
4.495117187499995115e-01	5.604291633796794347e-02
6.176757812499996669e-01	8.065127976185319791e-02
5.162109374999994671e-01	6.200176154946319962e-02
5.977539062499995781e-01	7.507645273804934571e-02
5.032226562499996225e-01	5.899802229102612400e-02
4.987304687499994893e-01	5.757942632759620316e-02
4.929687499999995670e-01	5.707522524550886350e-02
