9.267578124999997780e-01	3.210603006423481953e-01
6.681640624999998224e-01	1.765352727184260617e-01
6.097656249999995337e-01	1.468294231109522341e-01
4.605468749999995781e-01	1.044015267801184366e-01
3.798828124999993894e-01	8.637107265965442149e-02
6.371093749999997558e-01	1.419473560394030331e-01
4.329101562499995115e-01	9.503633445256690071e-02
7.193359374999996891e-01	1.550284859313975638e-01
4.317382812499994671e-01	9.366313317028494845e-02
4.859374999999995781e-01	9.622283277347414010e-02
4.510742187499995337e-01	9.471557298622131082e-02
3.817382812499994227e-01	8.880082106133833919e-02
6.141601562499996447e-01	1.154739040398926747e-01
4.656249999999995115e-01	9.306296472500388828e-02
4.115234374999994782e-01	8.958832119939952321e-02
4.884765624999995448e-01	9.161982026820217340e-02
3.094726562499994227e-01	8.462704591605328674e-02
5.122070312499995559e-01	9.245342494587477367e-02
4.994140624999995337e-01	8.931034143189214847e-02
6.014648437499996447e-01	9.814911812636356592e-02
5.301757812499995337e-01	8.612229776868600417e-02
4.739257812499995115e-01	8.361732077388513151e-02
5.487304687499995337e-01	9.039993064700961589e-02
4.647460937499995337e-01	8.661630246125325006e-02
5.644531249999995559e-01	8.838048619185200072e-02
4.866210937499995115e-01	7.882944098834897273e-02
6.234374999999996447e-01	9.089849031151009395e-02
3.499999999999994227e-01	8.233053923618648129e-02
5.289062499999994671e-01	8.435257715714354620e-02
5.634765624999995559e-01	8.475708040098846319e-02
5.412109374999996003e-01	8.337133105593307059e-02
4.805664062499994671e-01	8.172337609568804118e-02
5.418945312499996447e-01	8.128001206725919692e-02
5.465820312499996003e-01	7.931298447459060597e-02
6.121093749999996225e-01	8.199959160978888273e-02
