1.867187499999992673e-01	6.678297559470844358e-02
4.684570312499996003e-01	1.110078881065383744e-01
3.468749999999994338e-01	9.365691302001209750e-02
4.695312499999995670e-01	9.697695236906160587e-02
7.373046874999997780e-01	1.676545361900179110e-01
2.392578124999993339e-01	7.598115872294060325e-02
4.923828124999995448e-01	1.017049504703548685e-01
4.798828124999994782e-01	9.590990735392596056e-02
3.388671874999993894e-01	8.300008552686748142e-02
4.182617187499995115e-01	8.503930608921218826e-02
3.327148437499993783e-01	7.822434985920354023e-02
4.674804687499994893e-01	8.241240391599362336e-02
4.655273437499994893e-01	7.928479292261302047e-02
4.453124999999995559e-01	7.489045204837534164e-02
6.481445312499997113e-01	1.064428993278137836e-01
4.540039062499995337e-01	7.695010501674115488e-02
4.998046874999995670e-01	8.068569306677797481e-02
4.258789062499994671e-01	7.206313679318697429e-02
3.992187499999994560e-01	7.104939931298086264e-02
4.897460937499995559e-01	7.453416355863445864e-02
5.026367187499996003e-01	7.447749102457894288e-02
5.183593749999996225e-01	7.394034297960867808e-02
4.972656249999996003e-01	7.036291819968926164e-02
4.752929687499994893e-01	6.891631347832985477e-02
4.063476562499994671e-01	6.409325917966920971e-02
5.969726562499996225e-01	7.992093120983301269e-02
4.845703124999995448e-01	6.778143719316497007e-02
6.111328124999995115e-01	7.824419862200718279e-02
5.045898437499994893e-01	6.591487130937198624e-02
4.438476562499995559e-01	6.290924544466705570e-02
5.048828124999995559e-01	6.425913972764661641e-02
4.384765624999995004e-01	6.036924520077988077e-02
4.728515624999995448e-01	6.117400114002170125e-02
3.742187499999994338e-01	6.045255557475224389e-02
4.526367187499994449e-01	5.842279662312722943e-02
