4.434570312499995781e-01	9.870051383271434553e-02
2.467773437499993505e-01	1.045065503987181454e-01
5.382812499999996003e-01	1.081451891957525141e-01
5.270507812499996003e-01	1.045726613066517430e-01
5.571289062499996669e-01	1.050890611426888582e-01
4.276367187499994227e-01	8.077075572771347245e-02
4.437499999999995337e-01	7.928964727863535566e-02
5.818359374999995115e-01	1.022668591005050920e-01
4.114257812499995115e-01	7.305978191199161142e-02
5.416992187499996003e-01	8.865843220525858326e-02
5.015624999999995781e-01	8.077718442288243927e-02
3.068359374999993783e-01	7.319828445466598776e-02
5.357421874999996891e-01	8.325808693353069223e-02
5.045898437499994893e-01	7.573444214359977000e-02
5.192382812499996003e-01	7.784427938430810157e-02
5.103515624999994671e-01	7.462168703809148040e-02
5.508789062499995781e-01	7.988164968629629659e-02
5.044921874999994671e-01	7.170193264121453580e-02
4.606445312499996003e-01	6.487446544663404147e-02
4.882812499999995559e-01	6.713978577459517316e-02
5.871093749999997113e-01	8.155277695971968610e-02
5.859374999999996669e-01	7.883084921901596653e-02
3.713867187499994005e-01	5.605782827162172216e-02
5.438476562499996447e-01	7.045576517621991719e-02
5.208007812499996225e-01	6.630664080884579592e-02
4.780273437499995559e-01	5.926944602204903961e-02
4.203124999999995337e-01	5.401627700989491965e-02
6.102539062499995337e-01	7.796584810452762693e-02
4.378906249999995337e-01	5.471197609679780138e-02
5.310546874999995115e-01	6.334807270473090390e-02
4.752929687499994893e-01	5.598248987729746023e-02
4.433593749999995559e-01	5.224515862887196133e-02
5.106445312499995337e-01	5.737388094837186925e-02
3.460937499999994227e-01	4.894736673667545584e-02
6.051757812499996003e-01	7.003013306380950764e-02
