4.094726562499995115e-01	9.412243539265294223e-02
5.167968749999996003e-01	1.149557517814620566e-01
4.027343749999994227e-01	8.672565052363617744e-02
5.833984374999996447e-01	1.249322069824239517e-01
5.838867187499996447e-01	1.172578268404063512e-01
6.117187499999996447e-01	1.249127909469677361e-01
6.223632812499997335e-01	1.201403285707488833e-01
4.734374999999995115e-01	8.728198686534355266e-02
4.554687499999994782e-01	8.039184136405580494e-02
4.588867187499995337e-01	8.031725946466440613e-02
5.157226562499995781e-01	8.707213574139024970e-02
5.408203124999997335e-01	8.770220906669994043e-02
3.695312499999994782e-01	6.773292124688000404e-02
4.782226562499994893e-01	7.445049125037722648e-02
4.094726562499995115e-01	6.471870437573111479e-02
5.385742187499996669e-01	8.195125030800633203e-02
3.656249999999994227e-01	5.936904538780096025e-02
4.796874999999994893e-01	6.985232701883753448e-02
5.072265624999996447e-01	7.186943105087721662e-02
5.474609374999994671e-01	7.784696028371324017e-02
5.022460937499996225e-01	6.754765617497107688e-02
3.868164062499994671e-01	5.806311649204966979e-02
4.374999999999995004e-01	5.953011892643560871e-02
3.424804687499993783e-01	5.425242059948644224e-02
4.686523437499995337e-01	6.100354813757301320e-02
4.208984374999995004e-01	5.514390437483063234e-02
4.810546874999995226e-01	6.117540162466147263e-02
5.607421874999996003e-01	7.035597731169269953e-02
4.653320312499995559e-01	5.717261581309670410e-02
4.736328124999995004e-01	5.634755895933227926e-02
4.709960937499995115e-01	5.470484454314955558e-02
4.485351562499995115e-01	5.378029507973040163e-02
4.479492187499994893e-01	5.315068961914802548e-02
5.221679687499996003e-01	6.015505991595219287e-02
5.621093749999995781e-01	6.547283965045923304e-02
