5.933593749999996891e-01	1.437857304305236450e-01
3.623046874999994449e-01	7.836615111979340631e-02
3.911132812499994449e-01	7.775132802953529931e-02
8.486328124999997780e-01	2.570764748399232968e-01
4.985351562499995559e-01	1.026186686802230963e-01
6.925781249999997113e-01	1.610316512988128057e-01
5.749999999999996225e-01	1.155775876992716084e-01
4.394531249999994449e-01	8.024839803988678688e-02
3.613281249999994449e-01	6.707657645557764392e-02
5.970703124999996447e-01	1.134914871091832617e-01
5.265624999999996003e-01	9.080059542718640908e-02
5.370117187499996447e-01	9.134340954184604067e-02
4.119140624999994560e-01	6.704837787625335388e-02
6.425781249999996669e-01	1.139818238653630689e-01
6.176757812499996669e-01	1.020764001827500350e-01
4.316406249999994449e-01	6.460500911754961384e-02
4.354492187499995337e-01	6.533171202616525064e-02
5.946289062499997558e-01	9.228995535465439604e-02
6.209960937499997558e-01	9.533596396299966191e-02
5.878906249999996669e-01	8.889124375015133861e-02
4.979492187499995337e-01	7.008095563506262782e-02
4.333984374999995115e-01	5.967676280927944332e-02
5.259765624999996891e-01	7.262150493997419909e-02
5.043945312499995559e-01	6.628272307191643287e-02
4.012695312499995337e-01	5.518437317996319202e-02
6.338867187499996891e-01	8.845543062916277899e-02
3.993164062499994227e-01	5.175291893448080716e-02
5.067382812499995337e-01	6.342238511372728926e-02
4.919921874999995670e-01	6.078478518360813654e-02
3.902343749999994671e-01	5.017205661652850840e-02
3.658203124999994116e-01	4.816343683523593988e-02
5.270507812499996003e-01	6.440256287903521615e-02
5.608398437499995115e-01	6.846862827715585742e-02
5.078124999999995559e-01	5.904442368736362301e-02
4.212890624999994782e-01	5.005303886040794042e-02
