3.247070312499994449e-01	9.361511657207345627e-02
4.214843749999994671e-01	9.833017930633046466e-02
5.270507812499996003e-01	1.128772779654430153e-01
4.025390624999994338e-01	8.968838413281968180e-02
5.073242187499995559e-01	1.029313381303991609e-01
4.894531249999994893e-01	9.564729520345117975e-02
5.350585937499995337e-01	1.008548855332679767e-01
3.153320312499994227e-01	8.343667818718689122e-02
3.410156249999993783e-01	8.102653413565187590e-02
5.194335937499995337e-01	8.871191942705676514e-02
5.375976562499996669e-01	9.083210218400990243e-02
5.613281249999995115e-01	9.424094911652391993e-02
4.856445312499996225e-01	8.436979735579386297e-02
5.061523437499995115e-01	8.339530944122290623e-02
5.346679687499995559e-01	8.447736363085456279e-02
3.859374999999994893e-01	7.403469245419112832e-02
5.490234374999996003e-01	8.261561473860339067e-02
5.421874999999996003e-01	7.992937215704637444e-02
3.330078124999993894e-01	7.441335235859700137e-02
4.439453124999995226e-01	7.080690992346139190e-02
4.494140624999994893e-01	6.939451734216534051e-02
4.838867187499995559e-01	6.902649272366269406e-02
4.763671874999995670e-01	6.767607376694721733e-02
2.894531249999993117e-01	7.462155163375572275e-02
5.806640624999996891e-01	7.568922386278889580e-02
4.783203124999995115e-01	6.581954079247924472e-02
6.074218749999996669e-01	7.841908277951577244e-02
5.282226562499995337e-01	6.882262650017144379e-02
5.208984374999996447e-01	6.764102698074492270e-02
4.124999999999994782e-01	6.246288624712746651e-02
5.365234374999996447e-01	6.854191049502195154e-02
5.499999999999996003e-01	6.592486394254623572e-02
5.095703124999995115e-01	6.399021005866652179e-02
5.416992187499996003e-01	6.428961526933282822e-02
5.258789062499996669e-01	6.412673324193117474e-02
