6.023437499999997335e-01	1.675702094100500472e-01
4.587890624999995115e-01	1.113287406148729120e-01
3.140624999999993561e-01	7.852198703141655134e-02
7.182617187499997780e-01	1.912353383408521013e-01
6.286132812499996003e-01	1.586811536097748887e-01
5.422851562499996225e-01	1.279850482787528720e-01
5.139648437499995115e-01	1.214978180559191656e-01
5.382812499999996003e-01	1.228708801413124913e-01
5.247070312499996225e-01	1.188054195037267918e-01
3.980468749999994671e-01	9.277196747477144123e-02
4.958007812499996003e-01	1.083582771741245371e-01
3.783203124999994227e-01	8.804866440358394275e-02
5.879882812499996891e-01	1.180205136342013100e-01
5.997070312499996891e-01	1.169276114641440156e-01
5.334960937499996225e-01	1.090750323017956325e-01
5.952148437499996669e-01	1.116417861456151794e-01
4.551757812499994671e-01	9.852168809917632997e-02
5.285156249999994893e-01	1.046622016615373629e-01
5.386718749999996891e-01	9.875003940653337420e-02
5.791015624999995559e-01	1.046187515779822691e-01
4.182617187499995115e-01	8.886635502521453289e-02
5.236328124999996003e-01	9.801794373231584312e-02
4.107421874999995226e-01	8.617562277551579775e-02
4.419921874999995226e-01	8.986209964328191468e-02
6.319335937499995781e-01	1.006155745284462721e-01
4.925781249999995337e-01	9.216335983271958798e-02
7.056640624999996891e-01	1.030426311238138853e-01
5.219726562499996669e-01	9.040261492391443721e-02
4.844726562499995781e-01	8.964310345315633366e-02
4.148437499999994560e-01	8.481682071147718383e-02
4.954101562499996225e-01	8.771029350977603556e-02
5.188476562499996225e-01	8.854640683358154518e-02
3.415039062499993783e-01	8.020704298178790714e-02
4.942382812499995781e-01	8.488110443876913103e-02
6.584960937499996225e-01	8.565614696687851026e-02
