6.200195312499997558e-01	1.655281457696042569e-01
5.602539062499994893e-01	1.321338720746432216e-01
5.193359374999995115e-01	1.173445417769361232e-01
6.508789062499996669e-01	1.522344620460932274e-01
4.676757812499995337e-01	9.903406929064846598e-02
6.438476562499997335e-01	1.394430163433957870e-01
5.145507812499995337e-01	1.002205424810192480e-01
4.836914062499995115e-01	9.318337229423735713e-02
5.954101562499997113e-01	1.114289830168680578e-01
5.830078124999995559e-01	1.039723401914283557e-01
3.967773437499995115e-01	7.514410167931687146e-02
5.076171874999995115e-01	8.708920362357816525e-02
6.707031249999997335e-01	1.205367162851705143e-01
5.811523437499995781e-01	9.574677006278670133e-02
4.915039062499995115e-01	7.932499123460172441e-02
4.970703124999995559e-01	7.774034839992438606e-02
4.876953124999995337e-01	7.499180389551411696e-02
4.785156249999995559e-01	6.984473691943099416e-02
5.929687499999996003e-01	8.990676040224054866e-02
3.923828124999994560e-01	5.964728923897889834e-02
4.410156249999994671e-01	6.311889948682439244e-02
5.269531249999995781e-01	7.418402656824300834e-02
5.124999999999995115e-01	6.945852208811634232e-02
4.078124999999994671e-01	5.789303032610432914e-02
6.401367187499997780e-01	9.106277804853477043e-02
5.094726562499994893e-01	6.698953109273116102e-02
5.366210937499996669e-01	6.896656122539361611e-02
4.800781249999994671e-01	6.141505240848458419e-02
5.748046874999996891e-01	7.315068308124041130e-02
5.606445312499995781e-01	7.004076350308618970e-02
4.782226562499994893e-01	5.797853431778563632e-02
4.794921874999995004e-01	5.688676003996639280e-02
5.016601562499996003e-01	5.860549823659785135e-02
5.651367187499996003e-01	6.666694765866379435e-02
6.128906249999995781e-01	7.403550996888466629e-02
