4.936523437499995559e-01	1.076518190723504409e-01
5.308593749999995781e-01	1.231950970731326839e-01
4.665039062499994893e-01	9.708323718862230112e-02
6.563476562499996891e-01	1.527544177171044903e-01
3.739257812499994227e-01	7.589868350426155763e-02
3.969726562499994449e-01	7.456780476013465109e-02
5.741210937499995337e-01	1.169480251997040282e-01
5.596679687499994671e-01	1.041281463044680944e-01
4.936523437499995559e-01	8.825650371641959036e-02
4.909179687499994893e-01	8.469760224956698891e-02
5.128906249999994893e-01	8.750823752594846794e-02
4.255859374999995115e-01	6.700283010494091640e-02
5.415039062499996669e-01	9.075226948922801573e-02
5.178710937499996225e-01	8.365988924333626897e-02
5.982421874999996891e-01	1.011536357275058251e-01
4.217773437499995337e-01	6.396612193165043814e-02
4.797851562499995115e-01	7.005267895362490838e-02
4.752929687499994893e-01	6.920667778534060621e-02
5.510742187499996225e-01	8.320116814120918913e-02
5.657226562499996225e-01	8.520782220717361410e-02
4.373046874999995115e-01	5.882922159714265575e-02
4.698242187499995781e-01	6.293596029006397197e-02
4.090820312499995337e-01	5.444693733263752944e-02
5.144531249999995115e-01	6.982215685285662887e-02
5.429687499999995559e-01	7.453102771709953223e-02
4.550781249999994449e-01	5.629786879995336835e-02
4.070312499999994560e-01	5.126284482685147803e-02
4.698242187499995781e-01	5.767037101925003018e-02
5.914062499999996891e-01	8.118083893262890982e-02
4.981445312499995781e-01	6.234310827292177670e-02
5.293945312499995781e-01	6.546542333967851623e-02
5.199218749999996447e-01	6.252821722260533399e-02
5.248046874999996447e-01	6.390353765304888911e-02
3.958984374999994782e-01	4.598096721277802890e-02
5.317382812499995559e-01	6.370188226558268219e-02
