5.640624999999995781e-01	1.632390734151744627e-01
4.484374999999994893e-01	1.184020411490733227e-01
4.688476562499995781e-01	1.166007584677818815e-01
5.486328124999995115e-01	1.330218061940560415e-01
4.059570312499994893e-01	1.007306462674662506e-01
4.594726562499995559e-01	1.050729229168743534e-01
4.880859374999995670e-01	1.043472156841361992e-01
2.882812499999993783e-01	8.167425980609034630e-02
4.862304687499995337e-01	9.748916351345876530e-02
6.707031249999997335e-01	1.316651598518905897e-01
6.075195312499996891e-01	1.163364198964087631e-01
5.416992187499996003e-01	1.022551733000251761e-01
5.867187499999997335e-01	1.018070259327616273e-01
5.131835937499994449e-01	9.495748534974118860e-02
5.437499999999996225e-01	9.333718488743256159e-02
4.500976562499995337e-01	8.391938829833246738e-02
4.615234374999995226e-01	8.287816596546658532e-02
4.165039062499994449e-01	7.860394220684847888e-02
4.833007812499995337e-01	8.082333808716195278e-02
6.256835937499997113e-01	9.657944656156371155e-02
6.504882812499996891e-01	9.546357699450723489e-02
5.657226562499996225e-01	8.406895876191365635e-02
4.528320312499994893e-01	7.517193589130091724e-02
4.204101562499995559e-01	7.083447827190490764e-02
4.637695312499995337e-01	7.145341880370023602e-02
4.181640624999994893e-01	7.103685733594815310e-02
4.788085937499995115e-01	6.968603928975439232e-02
4.539062499999995115e-01	7.056006073606557738e-02
4.578124999999995115e-01	6.886923931459165704e-02
5.826171874999996891e-01	7.615402406288543369e-02
4.915039062499995115e-01	6.872367436650832218e-02
4.257812499999995004e-01	6.349815359880237042e-02
4.996093749999995781e-01	6.519641986070436046e-02
5.026367187499996003e-01	6.486261311758019510e-02
5.624999999999995559e-01	6.847011872941047295e-02
