6.462890624999997335e-01	1.609462281992853072e-01
3.005859374999994005e-01	9.365737792126348216e-02
4.623046874999995337e-01	1.073392408825371985e-01
6.613281249999996003e-01	1.504797833958147202e-01
3.761718749999994893e-01	9.389425754066915708e-02
4.433593749999995559e-01	9.514518642541909543e-02
5.375976562499996669e-01	1.048986499621346463e-01
5.748046874999996891e-01	1.078311283130898579e-01
4.835937499999995448e-01	9.537301204216386274e-02
4.966796874999995781e-01	9.327185631275060340e-02
3.544921874999993894e-01	8.042115581108873201e-02
4.724609374999995670e-01	8.563829463648305051e-02
5.213867187499996447e-01	8.966808954988252089e-02
5.491210937499996225e-01	8.787821751534391490e-02
4.169921874999995004e-01	7.795870992553825818e-02
6.255859374999996891e-01	9.618227427189389445e-02
4.498046874999995226e-01	7.378420208509887945e-02
5.487304687499995337e-01	8.375973569910270811e-02
4.984374999999995337e-01	7.455458697356119602e-02
4.370117187499994449e-01	6.967704319793302514e-02
4.554687499999994782e-01	6.895357460598304511e-02
4.324218749999995115e-01	6.915349052988913059e-02
3.630859374999994560e-01	6.585760752199729118e-02
4.785156249999995559e-01	6.930514097683078412e-02
4.509765624999995115e-01	6.538824653081190541e-02
3.191406249999994005e-01	6.753603180238729187e-02
4.678710937499995781e-01	6.326006497141373197e-02
5.890624999999997113e-01	7.402040328989771545e-02
4.482421874999995004e-01	6.071746720513217233e-02
3.817382812499994227e-01	6.080740605778364727e-02
4.720703124999995337e-01	6.053863172797665365e-02
4.915039062499995115e-01	6.128520473817970771e-02
4.862304687499995337e-01	5.979819955495121325e-02
4.670898437499995115e-01	5.843874312078227440e-02
4.908203124999995226e-01	5.862315349980638107e-02
