2.776367187499992895e-01	8.542955920769185196e-02
3.874999999999994560e-01	1.017447494087235227e-01
4.413085937499995337e-01	1.065969894326265488e-01
6.634765624999996447e-01	1.639811806639562830e-01
5.277343749999995337e-01	1.121749768561588478e-01
4.521484374999995004e-01	9.457284907417166930e-02
5.339843749999996225e-01	1.104952139468310807e-01
4.160156249999994449e-01	8.400488047787629808e-02
3.747070312499994893e-01	7.633565606025470573e-02
6.694335937499996669e-01	1.356847071966759410e-01
5.874999999999996891e-01	1.089531765474382741e-01
5.684570312499996891e-01	1.008481050572389570e-01
4.885742187499995115e-01	8.501297182051910373e-02
5.548828124999996003e-01	9.430122314994783539e-02
4.449218749999995781e-01	7.209460585362599538e-02
5.487304687499995337e-01	8.660880049947108916e-02
5.260742187499996003e-01	8.139931201071616551e-02
3.781249999999994338e-01	6.210860466619423648e-02
5.063476562499995559e-01	7.736215860918257969e-02
5.106445312499995337e-01	7.312875230350503186e-02
3.412109374999994227e-01	5.802225138806773458e-02
4.083007812499994671e-01	5.965559529465776223e-02
5.350585937499995337e-01	7.625254571426159922e-02
4.581054687499994671e-01	6.174853418281419509e-02
4.834960937499995781e-01	6.532487481768729787e-02
5.720703124999997335e-01	7.861750924437635457e-02
5.041015624999996003e-01	6.526385744852156168e-02
5.240234374999994671e-01	6.779626569454877405e-02
4.736328124999995004e-01	6.047712058176989147e-02
4.938476562499996003e-01	6.218368766537234194e-02
4.579101562499995337e-01	5.748809199960587535e-02
5.311523437499995337e-01	6.526552625826947951e-02
4.567382812499994893e-01	5.549449821145413519e-02
4.691406249999995337e-01	5.515613544937236074e-02
6.113281249999995559e-01	7.514192872410759005e-02
