3.714843749999994227e-01	9.141588599527666892e-02
3.828124999999994449e-01	8.481404845042650464e-02
5.025390624999996891e-01	1.149337811248392349e-01
4.583984374999995337e-01	9.817434824757557965e-02
5.532226562499996669e-01	1.194957837630846870e-01
8.089843749999997558e-01	2.153977161232200899e-01
6.616210937499996669e-01	1.448062425598311831e-01
3.549804687499993339e-01	7.224927249198602464e-02
3.995117187499994671e-01	7.733310166110245187e-02
4.351562499999995226e-01	7.883393440202234037e-02
6.032226562499997113e-01	1.123608718354469349e-01
6.129882812499996003e-01	1.105758290625864504e-01
4.637695312499995337e-01	7.981565336331372662e-02
4.888671874999995226e-01	8.103821074271928826e-02
5.131835937499994449e-01	8.125603770586496688e-02
4.274414062499994893e-01	6.816935648775201972e-02
5.646484374999996003e-01	8.932008121126278066e-02
3.972656249999995115e-01	5.975996820883670846e-02
4.878906249999995781e-01	6.983688385954191225e-02
4.809570312499995559e-01	6.925338741400935416e-02
5.895507812499997113e-01	8.607312011760970272e-02
4.899414062499994893e-01	6.703831035175666919e-02
4.007812499999994782e-01	5.575826063479299294e-02
5.261718749999996225e-01	7.156605146150182839e-02
4.726562499999995559e-01	6.296237811968120879e-02
5.622070312499996003e-01	7.549940397817797577e-02
5.307617187499995559e-01	6.931595016607572379e-02
5.656249999999996003e-01	7.386525658471519706e-02
5.119140624999996003e-01	6.422381348461200790e-02
4.227539062499995337e-01	5.262436032062849101e-02
5.251953124999995115e-01	6.429963245861938792e-02
4.690429687499995115e-01	5.635350648786564831e-02
5.324218749999996003e-01	6.414759743373632528e-02
4.570312499999995004e-01	5.268430681329144827e-02
5.211914062499997113e-01	6.068977728928846849e-02
