4.537109374999995226e-01	1.017187061880307497e-01
3.727539062499994893e-01	9.031728889127746407e-02
5.316406249999995337e-01	1.096739556570509033e-01
5.174804687499995337e-01	1.011581622136808328e-01
6.121093749999996225e-01	1.191002594479682875e-01
4.603515624999995337e-01	8.855516366134814910e-02
5.367187499999996891e-01	9.791068517591404452e-02
5.029296874999995559e-01	9.108969283258869232e-02
2.278320312499992895e-01	8.594968518958913395e-02
5.594726562499995337e-01	9.604686493756074694e-02
4.575195312499995559e-01	8.132756946749282456e-02
4.928710937499996003e-01	8.067548125862840369e-02
4.708007812499995781e-01	7.972551610891845386e-02
5.391601562499996891e-01	8.489715408314861544e-02
4.312499999999994671e-01	7.352976138740072165e-02
5.312499999999995559e-01	7.992287718405556574e-02
4.581054687499994671e-01	7.311721983346154696e-02
4.192382812499995115e-01	6.768691138436513932e-02
4.363281249999995115e-01	6.681455171410248528e-02
5.428710937499995337e-01	7.473104908180010220e-02
4.709960937499995115e-01	6.682794446004888811e-02
5.950195312499997335e-01	7.953850189351920064e-02
5.876953124999997335e-01	7.764073652909708745e-02
4.859374999999995781e-01	6.530600862685642660e-02
3.071289062499993339e-01	7.039000100851489083e-02
4.137695312499994893e-01	6.022761181599235736e-02
5.086914062499995337e-01	6.517047044565271730e-02
4.950195312499996447e-01	6.308426025729568787e-02
4.498046874999995226e-01	5.923492411905938171e-02
4.779296874999995337e-01	6.010503264447657201e-02
4.627929687499995337e-01	6.034420137138653273e-02
5.610351562499995559e-01	6.697052776156167675e-02
5.304687499999996003e-01	6.124919515062186154e-02
4.032226562499994227e-01	5.457953764938439090e-02
5.975585937499995337e-01	6.764519012420434907e-02
