4.363281249999995115e-01	9.168526186664849309e-02
4.753906249999995115e-01	1.039106717985238959e-01
5.502929687499995559e-01	1.176831748560256546e-01
4.289062499999994893e-01	9.062768811368196453e-02
3.947265624999994893e-01	8.241462861828380282e-02
4.441406249999995115e-01	8.095788749563311015e-02
5.529296874999996003e-01	1.039047968822024853e-01
6.253906249999996447e-01	1.172084367034163382e-01
3.960937499999994671e-01	7.341441952742960853e-02
5.745117187499996225e-01	1.014403639706649568e-01
4.241210937499995115e-01	7.402051256546837710e-02
5.793945312499996225e-01	9.786546545368800254e-02
5.630859374999994671e-01	9.015495518389683716e-02
5.537109374999995559e-01	8.547113310343200376e-02
4.208984374999995004e-01	6.614997848378151302e-02
4.123046874999994893e-01	6.610524706586146104e-02
5.072265624999996447e-01	7.449719699043036436e-02
4.476562499999995337e-01	6.709240107694895705e-02
5.261718749999996225e-01	7.404450794461794882e-02
5.975585937499995337e-01	8.582931892484468861e-02
4.240234374999994893e-01	6.151003610127198096e-02
5.200195312499996669e-01	7.024212954956766952e-02
3.728515624999994560e-01	5.976172749842314363e-02
5.796874999999995781e-01	7.741100627559746594e-02
5.424804687499995559e-01	7.022509608696420047e-02
4.216796874999995115e-01	5.834286170292103668e-02
5.411132812499996891e-01	6.866470318296789832e-02
4.453124999999995559e-01	5.819577744846415185e-02
4.869140624999995226e-01	5.904687599954808186e-02
5.307617187499995559e-01	6.434410783852953508e-02
5.390624999999996669e-01	6.376435151755442676e-02
5.714843749999997113e-01	6.702751864081860078e-02
4.451171874999995670e-01	5.429932890111277555e-02
4.405273437499994671e-01	5.386818965963224848e-02
4.688476562499995781e-01	5.490854730082360413e-02
