2.266601562499993006e-01	7.081667766219863769e-02
3.757812499999994560e-01	9.961541541794312338e-02
5.376953124999996891e-01	1.294908894700258217e-01
4.845703124999995448e-01	1.048112935851615579e-01
3.011718749999994227e-01	8.060650114321592230e-02
5.483398437499995559e-01	1.177631308731839493e-01
3.864257812499994893e-01	8.562033873767711800e-02
5.014648437499995559e-01	9.887401658693106832e-02
4.938476562499996003e-01	9.686270280385174403e-02
3.601562499999994560e-01	7.651716774566798274e-02
4.595703124999995226e-01	8.112193720055445312e-02
4.829101562499995559e-01	8.576073009224219335e-02
4.726562499999995559e-01	7.982336515491751661e-02
4.483398437499994671e-01	7.673851816624356614e-02
6.733398437499996669e-01	1.185485107910712460e-01
4.280273437499995115e-01	7.034150036807190753e-02
4.939453124999995670e-01	7.522253495357167363e-02
4.631835937499995115e-01	7.115502647466231956e-02
5.041015624999996003e-01	7.489670330311552771e-02
6.501953124999997335e-01	1.001255398054119866e-01
4.751953124999995226e-01	6.960641786703508638e-02
4.857421874999995892e-01	6.972208593879646032e-02
5.123046874999994671e-01	7.196685300780285288e-02
4.871093749999995115e-01	6.698392158193088031e-02
5.791015624999995559e-01	7.801047877797678831e-02
2.941406249999993783e-01	6.209761396591279708e-02
4.056640624999994227e-01	6.108614381232288504e-02
6.040039062499996669e-01	7.891695486473676580e-02
5.189453124999996447e-01	6.714400568929730639e-02
6.141601562499996447e-01	7.718416896855291587e-02
4.716796874999995559e-01	6.035154709229074987e-02
3.935546874999995004e-01	5.672388027617767531e-02
5.555664062499995337e-01	6.790864719989875287e-02
5.727539062499996669e-01	6.856019565500605373e-02
4.408203124999994782e-01	5.681122930950744526e-02
