4.137695312499994893e-01	1.017002121929704989e-01
4.013671874999995004e-01	9.434612062351588335e-02
5.313476562499995781e-01	1.205851257570712681e-01
4.444335937499995781e-01	9.072498683845693634e-02
4.422851562499995337e-01	8.855359504372842250e-02
4.943359374999996003e-01	9.623578802128333887e-02
5.761718749999996669e-01	1.142486689973687963e-01
4.912109374999995559e-01	9.141954295640951356e-02
5.265624999999996003e-01	9.390509658811857507e-02
6.659179687499996447e-01	1.301994900065510385e-01
3.893554687499993783e-01	6.970022623633326253e-02
5.807617187499996003e-01	9.838043890659738111e-02
5.750976562499996447e-01	9.727356635858068479e-02
3.767578124999994560e-01	6.378016182596631112e-02
4.512695312499995781e-01	7.059899512952665102e-02
6.096679687499995115e-01	9.647227818343023786e-02
4.293945312499994893e-01	6.432401376576109275e-02
6.261718749999997113e-01	9.942065277106998389e-02
3.935546874999995004e-01	6.037051344999123242e-02
3.807617187499994227e-01	5.833570691714513173e-02
5.097656249999994449e-01	7.189895005257393445e-02
4.630859374999995448e-01	6.446136766768928439e-02
5.017578124999995115e-01	6.617411341138855485e-02
5.198242187499996225e-01	7.070735497686031490e-02
5.398437499999997335e-01	7.082686559656818648e-02
4.476562499999995337e-01	5.745822075433218434e-02
6.065429687499995781e-01	8.170061864044726729e-02
5.033203124999996447e-01	6.375815469420692549e-02
4.528320312499994893e-01	5.617008366107437839e-02
4.458007812499995559e-01	5.519319465906942501e-02
5.485351562499996003e-01	6.637227186337439633e-02
6.289062499999995559e-01	8.000877294088638847e-02
4.650390624999994893e-01	5.580599674038212721e-02
5.360351562499996447e-01	6.287615408358540603e-02
5.800781249999995559e-01	6.825091261466723069e-02
