5.602539062499994893e-01	1.230232420354953893e-01
5.873046874999996447e-01	1.232133005172589557e-01
5.443359374999996447e-01	1.101400576010806570e-01
3.438476562499994671e-01	9.663188419334259316e-02
5.185546874999995559e-01	9.902584523036336850e-02
6.199218749999997335e-01	1.184110623439565829e-01
6.854492187499997558e-01	1.339686223265028064e-01
4.892578124999995004e-01	8.717287824398244067e-02
4.766601562499995781e-01	8.315621516537231861e-02
5.173828124999995115e-01	8.697511682147338052e-02
5.422851562499996225e-01	8.694034362139541061e-02
5.089843749999994893e-01	8.145663394783043965e-02
6.519531249999996891e-01	1.074269247104812919e-01
4.248046874999995004e-01	6.921266901447656328e-02
5.569335937499996225e-01	8.303949188173545548e-02
4.695312499999995670e-01	7.162720465777802636e-02
5.868164062499997558e-01	8.614649545869093594e-02
6.106445312499996225e-01	8.799742899543649965e-02
4.929687499999995670e-01	7.015236350769797624e-02
4.458984374999995226e-01	6.417632448445270699e-02
4.764648437499995337e-01	6.481124558158161963e-02
4.905273437499995115e-01	6.558444374686679679e-02
5.121093749999995337e-01	6.599480311932685861e-02
5.619140624999996447e-01	7.348351054345310385e-02
4.503906249999994893e-01	5.954223760169366497e-02
4.666015624999995115e-01	6.067431895552670429e-02
5.699218749999996891e-01	7.173773285051948667e-02
4.346679687499994671e-01	5.626361851758272803e-02
4.630859374999995448e-01	5.787763898809676621e-02
3.551757812499993783e-01	5.259180494214173857e-02
4.759765624999995337e-01	5.639665347054072936e-02
4.534179687499995115e-01	5.428916424322852846e-02
5.653320312499996447e-01	6.668911007508354638e-02
4.798828124999994782e-01	5.572804630530280023e-02
4.157226562499994893e-01	5.144470775023490816e-02
