4.333007812499994893e-01	9.715935539167402935e-02
5.599609374999994227e-01	1.314994240531881520e-01
4.925781249999995337e-01	1.108735387023581515e-01
6.454101562499997558e-01	1.508520045398415166e-01
6.417968749999997113e-01	1.401468414896556436e-01
5.424804687499995559e-01	1.087557004411283668e-01
6.041015624999996891e-01	1.226131888489092048e-01
3.208984374999994116e-01	7.117764128325143602e-02
4.210937499999994893e-01	7.562290663869618290e-02
5.160156249999995337e-01	9.050462430632910671e-02
6.235351562499996669e-01	1.191575068730338222e-01
6.798828124999996003e-01	1.335752365161565480e-01
4.563476562499995115e-01	7.667117010846968839e-02
4.395507812499994671e-01	7.131621406891770765e-02
3.969726562499994449e-01	6.447505734754800655e-02
4.909179687499994893e-01	7.538271247943251208e-02
6.043945312499996447e-01	1.008283412682145219e-01
4.502929687499994671e-01	6.850312469179466179e-02
4.791015624999995226e-01	7.166535485016650719e-02
5.034179687499995559e-01	7.417165579396198249e-02
4.713867187499994893e-01	6.704746368882356922e-02
5.944335937499997113e-01	8.932349573528206021e-02
4.987304687499994893e-01	6.805675671945388139e-02
3.888671874999994338e-01	5.430100584008556996e-02
4.594726562499995559e-01	6.031410113243917959e-02
4.602539062499995115e-01	6.044299502433306964e-02
4.258789062499994671e-01	5.509255769949790438e-02
5.152343749999995781e-01	6.942937517438570183e-02
4.922851562499995781e-01	6.445660966669845837e-02
5.823242187499996225e-01	8.137349660863628376e-02
5.689453124999996891e-01	7.613815709693470823e-02
4.864257812499995781e-01	6.088329619173964841e-02
5.700195312499997113e-01	7.475854825629037193e-02
4.222656249999995337e-01	4.911770408638155977e-02
4.768554687499995115e-01	5.686188886051945363e-02
