4.497070312499995559e-01	1.075765237712481698e-01
4.421874999999995115e-01	1.017677193538598368e-01
3.134765624999993894e-01	7.822104605310552239e-02
6.138671874999996891e-01	1.369251134049384866e-01
4.213867187499994449e-01	8.974390988458232077e-02
2.124023437499993061e-01	6.942704800843757518e-02
6.016601562499996891e-01	1.212632767026992769e-01
3.298828124999993450e-01	7.156976960051135428e-02
4.822265624999995115e-01	9.090116463081598930e-02
4.152343749999994893e-01	7.817766922404739693e-02
5.223632812499996447e-01	9.083932049859126667e-02
3.964843749999994449e-01	7.396041194266325669e-02
4.416992187499995115e-01	7.639589705775570727e-02
5.002929687499995115e-01	8.172269568141665719e-02
6.130859374999995115e-01	1.012937045407410058e-01
5.675781249999996003e-01	8.897177335014100352e-02
5.499999999999996003e-01	8.534550894146919475e-02
4.821289062499994893e-01	7.442398241396833147e-02
4.425781249999994893e-01	6.878708553891295374e-02
4.540039062499995337e-01	6.969594314123170320e-02
4.545898437499994449e-01	6.981792413195037073e-02
3.965820312499994671e-01	6.300313271271855420e-02
3.703124999999994893e-01	5.986546365893263832e-02
5.594726562499995337e-01	7.638643576779501065e-02
5.132812499999994671e-01	6.759746432477303779e-02
4.123046874999994893e-01	5.908770989320461658e-02
3.891601562499994449e-01	5.726102190061810315e-02
5.224609374999995559e-01	6.657191761413179532e-02
5.267578124999996447e-01	6.621405051246209705e-02
5.111328124999994227e-01	6.415342380142835532e-02
5.295898437499995115e-01	6.446497838232657929e-02
5.374023437499996225e-01	6.433227362532507876e-02
4.308593749999994893e-01	5.668545348727088012e-02
5.796874999999995781e-01	6.757013951097486093e-02
4.917968749999995781e-01	5.881014960420286042e-02
