3.987304687499994005e-01	1.065750444521223056e-01
5.207031249999996003e-01	1.288468943777948406e-01
6.622070312499996891e-01	1.717222825065499447e-01
5.968749999999996003e-01	1.375508143100608593e-01
5.358398437499996003e-01	1.130636675387354378e-01
3.973632812499995337e-01	8.757923592257989276e-02
6.562499999999996669e-01	1.410358930576789127e-01
5.610351562499995559e-01	1.125831040530687888e-01
5.656249999999996003e-01	1.064781632782420273e-01
5.374023437499996225e-01	9.976779249911241210e-02
5.056640624999995115e-01	9.048592102626226708e-02
3.776367187499993783e-01	7.015191013867705383e-02
6.113281249999995559e-01	1.061247669270479754e-01
5.200195312499996669e-01	8.563690565177722869e-02
3.948242187499995115e-01	6.934315006745045418e-02
4.595703124999995226e-01	7.474829496781641713e-02
4.855468749999996003e-01	7.591408977672842173e-02
4.429687499999995226e-01	6.807453733921783878e-02
4.292968749999994671e-01	6.648581764103822511e-02
4.957031249999995781e-01	7.188720943370123517e-02
6.213867187499997335e-01	9.240909756530274466e-02
5.570312499999996447e-01	7.984470003687911543e-02
5.108398437499994671e-01	6.997055313302107116e-02
4.762695312499996003e-01	6.534994912620187280e-02
5.102539062499994449e-01	6.775498953182533535e-02
5.798828124999995115e-01	7.817852443571723930e-02
5.583984374999995115e-01	7.365723391265888154e-02
4.595703124999995226e-01	5.923672935473679735e-02
4.684570312499996003e-01	6.004173633987282960e-02
5.129882812499995115e-01	6.341091993638091340e-02
4.686523437499995337e-01	5.792909295717385554e-02
4.845703124999995448e-01	5.959448861023654287e-02
4.621093749999994893e-01	5.521967127442660439e-02
4.644531249999994671e-01	5.469444272006157570e-02
4.356445312499995781e-01	5.239667917237939704e-02
