5.670898437499996003e-01	1.485155697226460403e-01
3.703124999999994893e-01	8.142349560114872653e-02
3.976562499999994893e-01	8.130814638054638388e-02
8.689453124999999556e-01	3.088955983113667592e-01
5.497070312499996447e-01	1.227197495291217216e-01
5.139648437499995115e-01	1.071892632001432005e-01
5.874999999999996891e-01	1.271941395915756889e-01
5.426757812499996003e-01	1.082091046306896259e-01
2.942382812499994005e-01	5.854413786123111724e-02
5.738281249999995781e-01	1.080135609616831305e-01
7.760742187499998224e-01	1.835217480160446502e-01
4.364257812499995337e-01	7.287142439271418470e-02
6.523437499999997780e-01	1.269108105130951070e-01
3.791992187499994005e-01	6.138301425932411737e-02
5.991210937499996669e-01	1.045985503246179976e-01
6.208007812499997113e-01	1.103402213066558557e-01
4.645507812499994893e-01	7.082575652987425918e-02
3.917968749999994893e-01	5.985040344280174313e-02
5.112304687499994449e-01	7.733224695950141614e-02
5.104492187499994893e-01	7.557085363213858487e-02
5.868164062499997558e-01	9.214892517827540097e-02
5.742187499999995559e-01	8.457777273145829222e-02
3.953124999999995115e-01	5.477391798882225854e-02
4.374023437499995337e-01	5.909046631363171209e-02
5.472656249999995337e-01	7.795315386720162720e-02
5.114257812499994893e-01	6.884854492899662726e-02
6.546874999999996447e-01	1.003895386143692364e-01
4.517578124999995226e-01	5.703339030646144975e-02
5.536132812499996447e-01	7.492323679117054991e-02
6.400390624999998668e-01	9.249524166323838670e-02
5.471679687499995115e-01	7.105995898569286706e-02
6.101562499999995115e-01	8.248049903521008364e-02
4.555664062499994449e-01	5.414097832431378349e-02
4.011718749999995115e-01	4.803922848590419514e-02
5.046874999999995115e-01	6.037987002548748233e-02
