5.573242187499996003e-01	1.318002089711464708e-01
4.609374999999995559e-01	1.068158430169890566e-01
5.572265624999996891e-01	1.267662179785493948e-01
5.502929687499995559e-01	1.152737664580135019e-01
8.150390624999999112e-01	2.011372596837072702e-01
4.427734374999995337e-01	9.326699699385865294e-02
4.417968749999995337e-01	9.178284966150550284e-02
3.359374999999994449e-01	8.040160799379872381e-02
4.575195312499995559e-01	8.515530470116187967e-02
1.849609374999993117e-01	6.331842274661265979e-02
5.067382812499995337e-01	9.112106761184611547e-02
4.051757812499994227e-01	7.330165967830545859e-02
5.609374999999995337e-01	9.513478620256174412e-02
6.405273437499997558e-01	1.098441343290989664e-01
5.255859374999996003e-01	8.228005230286138116e-02
3.607421874999994782e-01	7.001657080316767146e-02
4.648437499999995004e-01	7.423165342045597026e-02
5.356445312499996669e-01	8.239453182948881793e-02
5.038085937499995337e-01	7.389932119772181507e-02
5.037109374999995115e-01	7.452652337731294208e-02
4.015624999999994893e-01	6.367821396535151834e-02
4.537109374999995226e-01	6.590264495823738855e-02
4.136718749999994671e-01	6.033163297871823455e-02
5.134765624999995115e-01	6.878310118460916056e-02
3.803710937499994449e-01	5.790294995470206263e-02
4.472656249999995559e-01	6.032941877119579743e-02
4.840820312499996003e-01	6.238341974874201529e-02
4.987304687499994893e-01	6.298999321939478813e-02
5.500976562499996225e-01	7.027203547796892491e-02
5.451171874999996003e-01	6.809689164511428805e-02
4.844726562499995781e-01	5.961793131100340953e-02
4.488281249999994671e-01	5.711118077407267152e-02
4.507812499999995226e-01	5.525382439411910540e-02
3.494140624999994005e-01	5.261123445986531227e-02
5.533203124999996891e-01	6.549069706059312823e-02
