2.786132812499994005e-01	9.306816917122764932e-02
3.864257812499994893e-01	9.397171214513708182e-02
6.282226562499996225e-01	1.413952234123640184e-01
4.164062499999994782e-01	9.153985405079562154e-02
3.812499999999994227e-01	8.168744060063309886e-02
5.184570312499996447e-01	1.001704323173997491e-01
4.382812499999995115e-01	8.328596078296485183e-02
3.936523437499994671e-01	7.344653737939008109e-02
5.254882812499995781e-01	9.353476591943972462e-02
5.423828124999996447e-01	9.546135544601011547e-02
5.204101562499996447e-01	8.918498700232799226e-02
4.535156249999995337e-01	7.525643000959331141e-02
3.600585937499994893e-01	6.304080248609920945e-02
5.199218749999996447e-01	8.445017350803178668e-02
4.814453124999995004e-01	7.514140504598448844e-02
5.508789062499995781e-01	8.504881022744263663e-02
3.969726562499994449e-01	6.218848272815485911e-02
4.573242187499995115e-01	6.729862557162634429e-02
6.117187499999996447e-01	9.549092218709974433e-02
5.638671874999996447e-01	8.353558380688821949e-02
6.038085937499996225e-01	8.885798343130311971e-02
3.692382812499994671e-01	5.375709626266028662e-02
4.047851562499994449e-01	5.507514998905320425e-02
6.604492187499996225e-01	9.929562201953462397e-02
3.378906249999994449e-01	5.026074847628357600e-02
5.427734374999995115e-01	7.194940261544614801e-02
4.889648437499994893e-01	6.254914375519486647e-02
5.520507812499996225e-01	7.078748124670440622e-02
5.583007812499996003e-01	7.263757448215478474e-02
4.603515624999995337e-01	5.657049939927669135e-02
5.244140624999995559e-01	6.345573030706172513e-02
5.320312499999995115e-01	6.377165287655832404e-02
5.606445312499995781e-01	6.833967052994205371e-02
5.329101562499996003e-01	6.217083852085310280e-02
5.811523437499995781e-01	7.092774212475566609e-02
