6.086914062499996225e-01	1.830744536589045124e-01
4.686523437499995337e-01	1.199234007067804669e-01
3.384765624999994116e-01	8.009604076698470521e-02
5.455078124999996891e-01	1.303145437619943614e-01
3.990234374999994671e-01	8.524457385681138977e-02
5.179687499999996447e-01	1.145826578460664574e-01
4.793945312499995337e-01	9.896288466577779497e-02
5.029296874999995559e-01	9.964515833957016122e-02
3.675781249999994227e-01	7.491755290952954727e-02
6.086914062499996225e-01	1.198779575115272861e-01
6.984374999999997113e-01	1.432477134882296776e-01
5.348632812499996003e-01	9.654112685087272439e-02
4.766601562499995781e-01	8.352611369965338983e-02
4.797851562499995115e-01	8.241167835664765795e-02
4.831054687499994893e-01	8.185704176266531129e-02
5.594726562499995337e-01	9.004274715212207125e-02
5.522460937499996669e-01	8.739654954451854529e-02
5.997070312499996891e-01	9.376830478964942595e-02
5.587890624999996003e-01	8.537167231942682788e-02
4.200195312499995781e-01	6.835734630125013533e-02
4.639648437499994671e-01	6.973577379221117256e-02
4.849609374999995781e-01	7.000125204898226261e-02
5.175781249999995559e-01	7.306447252022854610e-02
4.985351562499995559e-01	6.952769662434064857e-02
6.472656249999996225e-01	9.072746346600477074e-02
4.942382812499995781e-01	6.587903368155241524e-02
5.859374999999996669e-01	7.820235905768506413e-02
5.073242187499995559e-01	6.592499001138370229e-02
4.794921874999995004e-01	6.209791516837131348e-02
4.216796874999995115e-01	6.001354434597194060e-02
4.651367187499995115e-01	5.982385748783480145e-02
5.782226562499995781e-01	7.094190512263306991e-02
5.316406249999995337e-01	6.558149711310794217e-02
5.339843749999996225e-01	6.299843125240048303e-02
4.094726562499995115e-01	5.434364481687722903e-02
