5.623046874999995115e-01	1.375854434818526706e-01
3.745117187499994449e-01	8.564199012861505034e-02
3.828124999999994449e-01	7.961872659709874622e-02
4.579101562499995337e-01	9.594692258094346393e-02
5.038085937499995337e-01	9.924720810908967128e-02
6.783203124999996891e-01	1.561721199818119910e-01
3.965820312499994671e-01	7.592379485379963100e-02
4.848632812499995559e-01	8.857169861676301992e-02
4.267578124999995004e-01	7.473311225707192362e-02
4.668945312499995781e-01	7.860030357610534035e-02
5.733398437499995781e-01	1.012489338259261185e-01
4.510742187499995337e-01	7.085786375726978170e-02
6.096679687499995115e-01	1.087488095252273912e-01
5.134765624999995115e-01	8.223534400101255304e-02
3.519531249999994227e-01	5.889844586363953555e-02
5.451171874999996003e-01	8.597711528808034409e-02
5.240234374999994671e-01	7.893735948005231595e-02
5.611328124999994671e-01	8.582116457473747129e-02
5.074218749999995781e-01	7.407226108890123395e-02
4.695312499999995670e-01	6.608465373380326136e-02
4.958984374999995670e-01	6.861235367522157402e-02
3.796874999999994005e-01	5.298888686147446708e-02
5.317382812499995559e-01	7.345572940540183449e-02
4.549804687499994227e-01	5.963640554924172499e-02
4.845703124999995448e-01	6.269134704106088529e-02
4.012695312499995337e-01	5.186234582250824621e-02
5.075195312499996003e-01	6.462558883602859128e-02
4.694335937499996003e-01	5.782531110002579744e-02
4.704101562499996003e-01	5.729443462046579505e-02
4.262695312499995559e-01	5.161299391433575579e-02
4.891601562499995337e-01	5.805347817286735795e-02
5.009765624999995559e-01	5.968199792340940502e-02
3.904296874999994560e-01	4.646564497749675060e-02
4.844726562499995781e-01	5.507813407569829567e-02
5.675781249999996003e-01	6.897865403062088119e-02
