5.968749999999996003e-01	1.589813602220461197e-01
4.873046874999995559e-01	1.143979092760446098e-01
4.917968749999995781e-01	1.045697615830452065e-01
5.821289062499995781e-01	1.305175824587254951e-01
4.096679687499994449e-01	8.334781536711513561e-02
4.342773437499994893e-01	8.449303163617717660e-02
3.582031249999994005e-01	7.255858263322723101e-02
4.395507812499994671e-01	8.147954059281510564e-02
4.789062499999995337e-01	8.700792956592226512e-02
5.288085937499994449e-01	9.611378947740106815e-02
6.569335937499997113e-01	1.310188669538200346e-01
4.744140624999995115e-01	7.671280776072436636e-02
4.214843749999994671e-01	6.884909273054132250e-02
4.625976562499994893e-01	7.513331109868645608e-02
6.774414062499997113e-01	1.249798595962377662e-01
4.524414062499995115e-01	6.959400045177585592e-02
4.858398437499995559e-01	7.281174052137202868e-02
5.532226562499996669e-01	8.443852932561347890e-02
5.153320312499996003e-01	7.518824672387977581e-02
5.230468749999995781e-01	7.642087539323147438e-02
4.255859374999995115e-01	5.821052314557661339e-02
4.757812499999995448e-01	6.568879690946477501e-02
4.543945312499995115e-01	6.113338833729099753e-02
5.694335937499995781e-01	7.947206793443575834e-02
5.336914062499996669e-01	7.048767744666405155e-02
4.326171874999995004e-01	5.533906027705272346e-02
5.106445312499995337e-01	6.489789009950881760e-02
5.170898437499995559e-01	6.525970804183696405e-02
5.261718749999996225e-01	6.611776277579925476e-02
5.444335937499996669e-01	6.771913748412032585e-02
4.395507812499994671e-01	5.341445669275868974e-02
6.004882812499996447e-01	7.633506905844839041e-02
5.356445312499996669e-01	6.488936646393400620e-02
5.226562499999996003e-01	6.153192962280994160e-02
4.895507812499995115e-01	5.616145604540934144e-02
