4.037109374999994782e-01	9.933999033257598366e-02
4.725585937499995337e-01	1.130287605058298978e-01
4.157226562499994893e-01	9.444971469781202056e-02
5.185546874999995559e-01	1.145635631593698855e-01
4.541992187499994671e-01	9.266455411223897820e-02
5.918945312499996891e-01	1.303247424487242179e-01
7.888671874999999556e-01	1.985049654487082704e-01
4.257812499999995004e-01	8.678075605988885832e-02
6.919921874999996891e-01	1.501223395652757642e-01
6.060546874999996891e-01	1.208786190364364438e-01
6.606445312499996669e-01	1.309978731657378825e-01
6.287109374999995115e-01	1.185692476926716588e-01
6.024414062499997558e-01	1.095948689109709218e-01
5.221679687499996003e-01	9.148413785489878380e-02
5.255859374999996003e-01	9.195344419086562415e-02
4.787109374999995448e-01	8.162695466380671949e-02
5.260742187499996003e-01	8.598264849753782524e-02
4.816406249999994893e-01	7.772937808557574269e-02
4.416992187499995115e-01	7.299349910211151704e-02
5.103515624999994671e-01	7.829952873567630478e-02
4.787109374999995448e-01	7.351805649438472590e-02
4.372070312499994893e-01	6.428639929717257229e-02
4.345703124999995004e-01	6.833973078086026665e-02
4.087890624999994671e-01	6.335525141210666955e-02
5.473632812499995559e-01	7.441525722212768978e-02
5.002929687499995115e-01	6.855563950685586438e-02
6.324218749999996891e-01	8.613362042551339637e-02
6.066406249999996003e-01	7.980430053490286668e-02
5.731445312499996447e-01	7.517083987627201647e-02
5.539062499999996003e-01	7.022359122355936734e-02
5.094726562499994893e-01	6.529463473035719556e-02
4.310546874999994782e-01	5.892537718010566056e-02
3.875976562499994227e-01	5.738212081786650542e-02
4.801757812499994893e-01	5.903157031208397520e-02
4.881835937499995337e-01	6.059337505468809920e-02
