4.120117187499994227e-01	9.910770234968784009e-02
5.190429687499995559e-01	1.270510980183172378e-01
4.498046874999995226e-01	9.506923318895338371e-02
4.402343749999995115e-01	9.532494620612226577e-02
3.958007812499995115e-01	8.644685113747041516e-02
4.871093749999995115e-01	9.920110630409154084e-02
2.790039062499993783e-01	6.777229986874867829e-02
4.741210937499995559e-01	8.984681801630158005e-02
4.560546874999995004e-01	8.344906752731688637e-02
3.266601562499994449e-01	6.381386775533308409e-02
5.504882812499996003e-01	9.935747015331472531e-02
5.270507812499996003e-01	8.990359842240902566e-02
5.571289062499996669e-01	9.650223685146014363e-02
3.850585937499995115e-01	6.931534319439533465e-02
4.001953124999994560e-01	6.611048947969021261e-02
4.829101562499995559e-01	7.568674537559197391e-02
6.580078124999997335e-01	1.105186082934658115e-01
4.083984374999994893e-01	6.469537996431515281e-02
3.873046874999994671e-01	6.058700031699668781e-02
6.045898437499995781e-01	9.148363725947830649e-02
4.684570312499996003e-01	6.886370595828512908e-02
4.987304687499994893e-01	7.162927870263079144e-02
6.085937499999996003e-01	8.569220221119734637e-02
4.271484374999994782e-01	5.954628372196486830e-02
5.310546874999995115e-01	7.074019466029851655e-02
4.669921874999995448e-01	6.453066879543342682e-02
5.648437499999996447e-01	7.429066619859123199e-02
5.700195312499997113e-01	7.461072933125131867e-02
4.749999999999995337e-01	6.214960203501075642e-02
5.364257812499996225e-01	6.669756032549424563e-02
4.811523437499994893e-01	6.021295387158531048e-02
4.793945312499995337e-01	5.893444124917064653e-02
3.275390624999993672e-01	5.137825027727119936e-02
4.900390624999995115e-01	5.992584333551104897e-02
5.638671874999996447e-01	6.642215981788381074e-02
