4.106445312499995559e-01	1.001058632178592062e-01
4.110351562499995337e-01	9.119979268196361233e-02
3.566406249999993783e-01	8.484954114422951776e-02
4.631835937499995115e-01	8.993572802297086777e-02
2.199218749999992950e-01	7.648996250331654978e-02
3.385742187499993783e-01	7.371927315285499438e-02
4.422851562499995337e-01	8.000812563776982245e-02
5.105468749999995115e-01	9.447957246887726812e-02
3.736328124999994116e-01	6.906521454110134406e-02
4.503906249999994893e-01	7.545851264186807794e-02
3.633789062499994671e-01	6.685586621079213365e-02
4.785156249999995559e-01	7.915807894441882764e-02
4.427734374999995337e-01	7.072520193528573917e-02
3.534179687499994227e-01	5.984726813982917809e-02
4.595703124999995226e-01	6.886210187522728843e-02
5.571289062499996669e-01	8.788154635331432707e-02
4.913085937499995781e-01	7.271137962854090642e-02
6.276367187499996003e-01	9.810443928454339046e-02
3.988281249999994227e-01	6.029927505410501154e-02
5.260742187499996003e-01	7.587917967789686857e-02
4.288085937499994671e-01	6.009632097228412295e-02
5.255859374999996003e-01	7.265272017205018362e-02
4.795898437499994671e-01	6.567994506422182577e-02
5.205078124999995559e-01	6.828509267041714403e-02
5.109374999999994893e-01	6.607286612062521214e-02
5.097656249999994449e-01	6.556248007318066229e-02
4.837890624999995337e-01	6.219543406894548210e-02
5.784179687499995115e-01	7.360907799012794683e-02
4.969726562499995337e-01	5.999784659171935458e-02
5.844726562499996669e-01	7.331315599230586733e-02
4.957031249999995781e-01	6.009408240104115173e-02
3.782226562499994005e-01	4.876261877219637692e-02
4.810546874999995226e-01	5.621083193236287717e-02
5.611328124999994671e-01	6.540266398107164036e-02
5.041992187499995115e-01	5.753066504938481734e-02
