6.082031249999996225e-01	1.609592306883245449e-01
3.625976562499994005e-01	9.847866765044098469e-02
3.050781249999993117e-01	8.566587045358933783e-02
2.966796874999994005e-01	7.958585460585938798e-02
7.074218749999997558e-01	1.797216207571061541e-01
4.162109374999994893e-01	8.417135762454938663e-02
5.249023437499995559e-01	1.106178997027403299e-01
5.595703124999995559e-01	1.137883085046465514e-01
4.192382812499995115e-01	8.422147151031525447e-02
5.190429687499995559e-01	9.936515627646964888e-02
4.631835937499995115e-01	8.744344986337923564e-02
4.805664062499994671e-01	8.699818129201877803e-02
4.666015624999995115e-01	7.978523982414753579e-02
3.505859374999994449e-01	7.066905775932222356e-02
6.469726562499996669e-01	1.136515418767361507e-01
6.004882812499996447e-01	1.004635604314883940e-01
4.475585937499995115e-01	7.316845959726163418e-02
5.472656249999995337e-01	8.720152546474659039e-02
4.713867187499994893e-01	7.354917652884926382e-02
4.011718749999995115e-01	6.648195707740829630e-02
3.769531249999994449e-01	6.501871234479125738e-02
4.696289062499995337e-01	6.890865175324142888e-02
5.262695312499996447e-01	7.592352829764714706e-02
4.143554687499994005e-01	6.228639137247931473e-02
5.068359374999995559e-01	7.107388122556877741e-02
5.540039062499996225e-01	7.581891307120723622e-02
5.186523437499995781e-01	6.941018292290590530e-02
5.400390624999997780e-01	7.026381275750655242e-02
4.974609374999995892e-01	6.469400011449359666e-02
5.946289062499997558e-01	7.561488996298647292e-02
4.473632812499995781e-01	6.034888305073345116e-02
4.452148437499995337e-01	5.695275535997016553e-02
5.031249999999996003e-01	6.169429223883806518e-02
4.978515624999995670e-01	6.130318592194175520e-02
4.634765624999995226e-01	5.629780545014956977e-02
