4.101562499999995004e-01	9.437196835990824262e-02
6.173828124999996003e-01	1.523678800821872403e-01
5.564453124999995115e-01	1.295591538323661862e-01
1.836914062499992728e-01	6.131787598305258463e-02
4.167968749999995115e-01	8.790363436882496495e-02
5.145507812499995337e-01	1.071530479027802407e-01
6.415039062499997558e-01	1.415520002976974057e-01
5.167968749999996003e-01	9.926054049720617334e-02
4.521484374999995004e-01	8.504334082474492018e-02
6.509765624999996891e-01	1.284582363576501629e-01
4.784179687499995337e-01	8.027894041850325291e-02
2.604492187499993783e-01	6.557971290275954601e-02
4.985351562499995559e-01	8.224023946280907549e-02
6.609374999999996225e-01	1.222088001261923407e-01
2.965820312499993783e-01	6.162885707364989391e-02
4.297851562499994671e-01	7.054130090306345857e-02
5.565429687499995337e-01	8.981197774402094325e-02
4.491210937499995337e-01	6.571662618833444547e-02
4.787109374999995448e-01	7.114134606421648743e-02
5.107421874999995559e-01	7.401227562055930076e-02
6.098632812499995559e-01	9.352171125874879365e-02
6.253906249999996447e-01	9.528329013453572249e-02
5.614257812499995337e-01	7.955618794712784880e-02
4.774414062499995337e-01	6.332247106751760779e-02
5.714843749999997113e-01	7.819700287113171000e-02
4.015624999999994893e-01	5.618878103980094740e-02
5.477539062499995337e-01	7.215293185555614330e-02
5.280273437499994893e-01	6.904774712753425359e-02
5.311523437499995337e-01	6.721464062078819079e-02
5.434570312499996669e-01	6.873713537717474065e-02
5.701171874999997335e-01	7.139725641250360688e-02
5.024414062499996669e-01	6.171734879797698137e-02
5.814453124999996447e-01	7.172472132141816115e-02
4.710937499999995337e-01	5.715930136046354360e-02
4.974609374999995892e-01	5.796796507261860881e-02
