4.186523437499994893e-01	1.084309322880010612e-01
4.874999999999995448e-01	1.255409540947471647e-01
4.366210937499994671e-01	1.064170422906192404e-01
5.089843749999994893e-01	1.243609020012720334e-01
4.866210937499995115e-01	1.149187167858919806e-01
2.772460937499993117e-01	7.027271295952600139e-02
3.487304687499993561e-01	8.479982636573657473e-02
6.260742187499996891e-01	1.300048266552798482e-01
5.134765624999995115e-01	1.095820069528442853e-01
8.560546874999999112e-01	1.873204830222689188e-01
6.832031249999996891e-01	1.415573837305999505e-01
5.692382812499996447e-01	1.176454721084522898e-01
4.346679687499994671e-01	9.855722086054588549e-02
3.672851562499994671e-01	8.716685896610595896e-02
3.378906249999994449e-01	8.151477321830494227e-02
5.245117187499995781e-01	1.010903435242155868e-01
3.848632812499994671e-01	8.190477812964797044e-02
4.014648437499994671e-01	8.684423817098356480e-02
5.388671874999997335e-01	9.241711505250213565e-02
6.618164062499997113e-01	1.076747097747288995e-01
3.937499999999994893e-01	8.479736436074718220e-02
5.058593749999995559e-01	8.928779953515894596e-02
5.992187499999996891e-01	9.554452515558875536e-02
5.304687499999996003e-01	8.942896876632144831e-02
5.359374999999996225e-01	8.903266104483736898e-02
2.951171874999994338e-01	7.558905796619660999e-02
3.335937499999994116e-01	7.670112956553055972e-02
5.722656249999996669e-01	8.764037898283870420e-02
4.862304687499995337e-01	8.299002240420375043e-02
3.640624999999994005e-01	7.745001327340722552e-02
5.687499999999996447e-01	8.487335565304454654e-02
4.616210937499994893e-01	7.613845656063419898e-02
5.582031249999995781e-01	8.138484896226937104e-02
3.155273437499993561e-01	6.622295085615752253e-02
4.711914062499995559e-01	7.498143675741429648e-02
