5.045898437499994893e-01	1.324167478942216980e-01
4.095703124999994782e-01	1.013837630968075776e-01
7.124023437499996669e-01	2.111619492449071656e-01
3.494140624999994005e-01	8.038684446313001941e-02
4.779296874999995337e-01	1.039806613970219173e-01
4.371093749999994671e-01	9.232018222988536138e-02
4.102539062499994671e-01	8.250431206342778712e-02
4.625976562499994893e-01	9.313910198766396642e-02
4.670898437499995115e-01	8.788808875756992656e-02
5.133789062499994893e-01	9.909057381704358680e-02
6.057617187499996225e-01	1.245014956799954386e-01
5.537109374999995559e-01	1.012065171231984473e-01
6.661132812499996891e-01	1.352463313433175385e-01
4.166015624999994671e-01	6.766045234978670941e-02
4.592773437499995115e-01	7.406161668495296613e-02
6.265624999999996891e-01	1.135234710783831480e-01
5.392578124999996003e-01	8.697578132712499577e-02
5.185546874999995559e-01	8.110574901154364580e-02
4.376953124999994893e-01	6.370036048777823201e-02
6.452148437499997113e-01	1.116757838749238979e-01
3.981445312499994893e-01	5.720168322026170094e-02
4.031249999999994560e-01	5.583208613641279378e-02
4.960937499999995559e-01	7.094185760497981330e-02
4.757812499999995448e-01	6.492904495384502206e-02
5.616210937499995781e-01	8.297493609587273944e-02
3.024414062499993783e-01	4.457920237740895658e-02
4.977539062499996003e-01	6.709541325566574510e-02
4.013671874999995004e-01	5.185681032538231455e-02
3.854492187499994893e-01	4.942035784931025216e-02
5.740234374999995115e-01	8.064363097719932927e-02
5.011718749999996003e-01	6.472598196653982228e-02
4.424804687499994671e-01	5.391064358362925024e-02
4.624999999999995226e-01	5.640369298026768480e-02
6.205078124999996447e-01	8.571111474642979788e-02
5.256835937499996225e-01	6.570961480503031971e-02
