3.006835937499994227e-01	7.585215337998839347e-02
4.278320312499994671e-01	1.061678019524294608e-01
4.212890624999994782e-01	9.517065603107914551e-02
5.132812499999994671e-01	1.196204463812274577e-01
5.432617187499996225e-01	1.252992514296391025e-01
4.065429687499994005e-01	8.267161005957453235e-02
4.754882812499995337e-01	9.413418594919371885e-02
6.048828124999996447e-01	1.324263240159644084e-01
4.692382812499995559e-01	9.032428159315943061e-02
5.106445312499995337e-01	9.653990823300934165e-02
4.587890624999995115e-01	8.164703343577178751e-02
5.120117187499995115e-01	8.969807498195513096e-02
5.617187499999996003e-01	9.824756034490013390e-02
4.313476562499994893e-01	7.229787093047657098e-02
4.554687499999994782e-01	7.352978398917725533e-02
6.062499999999996225e-01	1.010379377419579755e-01
5.847656249999996225e-01	9.363393201431119417e-02
5.305664062499996225e-01	8.133619302023067932e-02
5.086914062499995337e-01	7.669732267993165098e-02
5.209960937499996669e-01	7.630987867037783423e-02
5.730468749999996225e-01	8.485785659815063553e-02
4.463867187499994671e-01	6.476830792398818870e-02
4.025390624999994338e-01	5.996175163508851713e-02
5.431640624999996003e-01	7.433815764140273841e-02
5.256835937499996225e-01	7.149371880089178122e-02
4.030273437499994893e-01	5.774146976382589502e-02
4.953124999999996003e-01	6.510839252194478011e-02
5.210937499999996891e-01	6.656320937349359534e-02
5.474609374999994671e-01	6.961009885331513602e-02
3.810546874999994338e-01	5.247850541877024239e-02
4.073242187499994671e-01	5.362925843904309264e-02
4.045898437499994005e-01	5.178047777414593322e-02
4.797851562499995115e-01	5.800154435075723092e-02
4.983398437499995115e-01	5.964831575761640053e-02
4.587890624999995115e-01	5.409115625121564686e-02
