6.427734374999996003e-01	1.557904807689347304e-01
5.998046874999996003e-01	1.375262715984961193e-01
3.545898437499993561e-01	7.800493671615879587e-02
5.857421874999997335e-01	1.228152659321010559e-01
6.713867187499997780e-01	1.441392041529679646e-01
5.927734374999995559e-01	1.174155260810366697e-01
4.799804687499994449e-01	8.643085552554950757e-02
5.499023437499995781e-01	1.003700297451033119e-01
5.306640624999996447e-01	9.458190648352081398e-02
5.066406249999995115e-01	8.553854322092760420e-02
7.350585937499997113e-01	1.466742505052114620e-01
4.694335937499996003e-01	7.533535849079968372e-02
3.904296874999994560e-01	6.496338568979553862e-02
5.467773437499995337e-01	8.426792499342476706e-02
3.150390624999993561e-01	5.603381529677990691e-02
5.340820312499996447e-01	8.220756951206652230e-02
5.686523437499996225e-01	8.648556650867712803e-02
5.400390624999997780e-01	7.984054637996583492e-02
4.178710937499995337e-01	5.964800763426862662e-02
5.184570312499996447e-01	7.441850199816346656e-02
4.977539062499996003e-01	6.736070732679051709e-02
5.822265624999996003e-01	8.311849060205168949e-02
4.064453124999994338e-01	5.430143330722904393e-02
4.951171874999996114e-01	6.463064979707638935e-02
5.208984374999996447e-01	6.922525287833600216e-02
6.183593749999997113e-01	8.609336851637716670e-02
4.509765624999995115e-01	5.579113521131948139e-02
5.285156249999994893e-01	6.794241576126368309e-02
5.086914062499995337e-01	6.312351677786912085e-02
3.894531249999994005e-01	4.834681980872410079e-02
4.925781249999995337e-01	5.852673129205465674e-02
5.014648437499995559e-01	5.919333495482974328e-02
6.200195312499997558e-01	8.105342059132361610e-02
4.800781249999994671e-01	5.537005119469253639e-02
4.319335937499995115e-01	4.877975578585384137e-02
