6.203124999999997113e-01	1.801386368364289725e-01
5.648437499999996447e-01	1.499015795187443600e-01
7.272460937499997113e-01	2.036330787447771240e-01
5.068359374999995559e-01	1.225395741880433986e-01
4.376953124999994893e-01	1.042828688970541678e-01
6.119140624999996891e-01	1.405683232385435133e-01
7.611328124999996447e-01	1.756677979155640279e-01
4.249999999999994893e-01	9.498262743124569196e-02
4.354492187499995337e-01	8.935827451542535660e-02
6.117187499999996447e-01	1.234194824959307518e-01
4.112304687499994671e-01	8.691170689400129490e-02
3.979492187499994449e-01	8.643516084520663778e-02
5.984374999999996225e-01	1.099991383472036371e-01
4.287109374999995004e-01	8.496470346281484454e-02
4.313476562499994893e-01	8.526159874895808399e-02
5.419921874999995559e-01	9.150863317401480845e-02
5.605468749999995559e-01	9.637200795986972102e-02
5.383789062499996225e-01	9.241662248788770628e-02
3.665039062499994005e-01	7.361939705869649520e-02
5.176757812499995781e-01	8.412335100399663534e-02
3.850585937499995115e-01	7.628367407759804875e-02
5.276367187499995115e-01	8.401534480447427067e-02
5.847656249999996225e-01	8.752748363389639685e-02
4.502929687499994671e-01	7.241733576749707912e-02
4.329101562499995115e-01	7.492353545169079532e-02
6.209960937499997558e-01	8.757542037852816819e-02
6.369140624999998224e-01	8.833453578760290525e-02
5.541992187499995559e-01	7.920569564806424767e-02
4.077148437499994449e-01	6.759431763885435929e-02
5.547851562499995781e-01	7.712571353515673689e-02
4.308593749999994893e-01	6.895756759820013959e-02
5.350585937499995337e-01	7.300625203940802610e-02
4.839843749999995781e-01	7.002977498543644375e-02
5.594726562499995337e-01	7.141969865242554782e-02
5.668945312499996669e-01	7.109192223610380501e-02
