6.336914062499997558e-01	1.721223977682509454e-01
2.569335937499993561e-01	6.576466005862950659e-02
4.754882812499995337e-01	1.097965045544155444e-01
7.649414062499998446e-01	2.047309160842780140e-01
3.816406249999994005e-01	8.926281516113758474e-02
7.410156249999998446e-01	1.671820564197126491e-01
3.527343749999993783e-01	8.143437477574798355e-02
4.207031249999995115e-01	9.070012577680922061e-02
6.910156249999998002e-01	1.479704941633797344e-01
3.415039062499993783e-01	7.759092180555592078e-02
5.749999999999996225e-01	1.139494290904016910e-01
4.116210937499994449e-01	8.421951024084774196e-02
5.716796874999996447e-01	1.041087099362016100e-01
4.752929687499994893e-01	8.975329286266060802e-02
4.137695312499994893e-01	8.206865398661818134e-02
5.918945312499996891e-01	1.038999005966285971e-01
3.603515624999994449e-01	7.550916889761939699e-02
4.499999999999995115e-01	8.035505905167202034e-02
5.463867187499995559e-01	9.118109401848846496e-02
4.999023437499995337e-01	8.030554293210642736e-02
4.483398437499994671e-01	7.536598746344920496e-02
4.668945312499995781e-01	7.776554381734329668e-02
4.604492187499995559e-01	7.696888925696168671e-02
4.589843749999995559e-01	7.647610784394139050e-02
5.016601562499996003e-01	7.636440923652378088e-02
4.841796874999995670e-01	7.526717581464480167e-02
3.660156249999994005e-01	6.706001586314669360e-02
6.993164062499998002e-01	9.634646442174381320e-02
5.818359374999995115e-01	8.005356054754887707e-02
3.903320312499994893e-01	6.801882648222372374e-02
4.998046874999995670e-01	7.007501469511501213e-02
4.021484374999994560e-01	6.713353535623449442e-02
5.288085937499994449e-01	7.076774626191933981e-02
5.434570312499996669e-01	7.048226824153307202e-02
4.911132812499995337e-01	6.826239051855577389e-02
