4.793945312499995337e-01	1.128977788151812600e-01
5.171874999999995781e-01	1.191227263318251628e-01
4.124999999999994782e-01	9.139447380231781326e-02
4.276367187499994227e-01	9.130943074977095064e-02
5.222656249999996225e-01	1.061059815794415662e-01
3.622070312499994227e-01	7.346301137986509244e-02
4.958007812499996003e-01	9.720806487764252490e-02
5.070312499999996003e-01	9.654332500987876375e-02
6.234374999999996447e-01	1.256182421021569684e-01
3.989257812499994449e-01	7.001565386042678252e-02
4.209960937499994671e-01	7.239580775117820943e-02
3.785156249999994671e-01	6.282303993386634255e-02
7.379882812499998224e-01	1.575676828259528761e-01
5.995117187499996447e-01	1.034972713937410416e-01
4.097656249999994671e-01	6.380964823547022324e-02
4.502929687499994671e-01	6.931234120260539033e-02
3.997070312499995115e-01	6.038406697291330560e-02
4.177734374999995115e-01	6.212873130073493649e-02
4.092773437499994671e-01	6.038704121714132816e-02
4.622070312499995115e-01	6.689971602917067772e-02
3.921874999999994671e-01	5.580258822795723661e-02
3.879882812499995115e-01	5.371303831923576050e-02
3.958007812499995115e-01	5.487139318921897824e-02
5.860351562499996891e-01	8.875535373423391883e-02
4.525390624999994782e-01	5.922743109682453155e-02
5.262695312499996447e-01	7.227611907477912712e-02
4.455078124999995448e-01	5.737711641978486543e-02
4.398437499999994782e-01	5.547242541729956872e-02
4.888671874999995226e-01	6.298934161561886569e-02
4.492187499999995004e-01	5.640015693443191369e-02
4.587890624999995115e-01	5.739348703447832989e-02
5.063476562499995559e-01	6.269121682808806439e-02
4.919921874999995670e-01	6.127284997597630400e-02
5.944335937499997113e-01	7.736810157876022886e-02
3.470703124999994227e-01	4.130550261106288173e-02
