4.613281249999995337e-01	1.100399101067801033e-01
5.049804687499994671e-01	1.152689317363149862e-01
4.269531249999994893e-01	8.927728598932350990e-02
4.575195312499995559e-01	9.166125880712032437e-02
4.966796874999995781e-01	9.884381796528514397e-02
5.507812499999995559e-01	1.121897799236263454e-01
3.406249999999994005e-01	6.636272594097528121e-02
5.178710937499996225e-01	9.862551216633548556e-02
5.823242187499996225e-01	1.144545301759198469e-01
6.523437499999997780e-01	1.334757491137021357e-01
5.013671874999996447e-01	8.612159233320459961e-02
3.951171874999995226e-01	6.475525159338307857e-02
5.233398437499995337e-01	8.759783654841103717e-02
4.124023437499995115e-01	6.475250886342093226e-02
5.499999999999996003e-01	9.144564508148794735e-02
5.166015624999995559e-01	8.135401451996067401e-02
4.185546874999995226e-01	6.200259543669104506e-02
3.946289062499994671e-01	5.858054055299816154e-02
5.342773437499995781e-01	8.143465960186736796e-02
4.630859374999995448e-01	6.425536270290303775e-02
4.464843749999994893e-01	6.196694731241784299e-02
5.595703124999995559e-01	8.278886679037263108e-02
5.704101562499996891e-01	8.367479920424050754e-02
5.041992187499995115e-01	6.752500545931837406e-02
5.561523437499995559e-01	7.874295411882002715e-02
4.985351562499995559e-01	6.536125631102458755e-02
5.186523437499995781e-01	6.830778514749828723e-02
4.431640624999995115e-01	5.460786435745187961e-02
5.291992187499995337e-01	6.896398590575517074e-02
5.952148437499996669e-01	8.111133914943166601e-02
4.783203124999995115e-01	5.739095719835862752e-02
4.451171874999995670e-01	5.162114743896845104e-02
3.883789062499994893e-01	4.458460538088997865e-02
4.740234374999995337e-01	5.498412143728494822e-02
4.379882812499995559e-01	5.041449012057750562e-02
