6.121093749999996225e-01	1.529435683639740196e-01
6.408203124999998224e-01	1.543657284700980792e-01
3.547851562499994005e-01	1.027322194431170704e-01
4.763671874999995670e-01	1.079129889234900219e-01
6.083984374999995559e-01	1.288069127036735595e-01
4.886718749999995337e-01	1.023490092794375889e-01
6.710937499999998224e-01	1.368177029865637884e-01
5.286132812499995115e-01	1.032212810530985653e-01
4.186523437499994893e-01	8.287648675540219834e-02
8.787109374999997335e-01	1.932901099600142225e-01
5.918945312499996891e-01	1.077505618240915120e-01
4.792968749999995115e-01	8.439944481885718053e-02
4.913085937499995781e-01	8.379580316938987916e-02
4.066406249999994227e-01	7.497239042518477614e-02
6.082031249999996225e-01	9.915176995843293095e-02
5.790039062499995337e-01	9.191562890536351949e-02
4.459960937499994893e-01	7.493839206185012869e-02
3.582031249999994005e-01	7.070923620567190482e-02
2.705078124999993894e-01	7.214834913498008317e-02
4.270507812499995115e-01	6.662804276057900099e-02
5.024414062499996669e-01	7.457240121442482161e-02
4.721679687499995559e-01	6.894075215901988851e-02
3.367187499999994005e-01	6.405211616018591236e-02
5.031249999999996003e-01	6.943419991189822560e-02
5.122070312499995559e-01	6.951582489120038122e-02
4.788085937499995115e-01	6.596978805269108903e-02
5.225585937499995781e-01	6.653801701256935319e-02
4.738281249999994893e-01	6.281249659681129027e-02
3.296874999999993561e-01	5.846001673883911842e-02
5.450195312499996891e-01	6.750772385574681234e-02
3.542968749999994005e-01	5.445065343478246167e-02
5.204101562499996447e-01	6.284038306156954079e-02
5.450195312499996891e-01	6.620587331710554857e-02
4.958984374999995670e-01	6.019006835474382394e-02
5.203124999999996225e-01	6.131459405490877201e-02
