4.236328124999994560e-01	9.325687258229473087e-02
3.669921874999994560e-01	8.598790195451869178e-02
5.262695312499996447e-01	1.088464529952601345e-01
5.056640624999995115e-01	1.021277233579625382e-01
8.477539062499998002e-01	2.215560037577603281e-01
3.987304687499994005e-01	7.772311030232546825e-02
6.143554687499995781e-01	1.203228417268345507e-01
3.099609374999994227e-01	6.845920386534171120e-02
3.594726562499994671e-01	6.844786623044075979e-02
5.890624999999997113e-01	1.082702203626322301e-01
5.343749999999996003e-01	9.066703377035947864e-02
5.592773437499994893e-01	9.351678397832320633e-02
4.564453124999994782e-01	7.403613045994217323e-02
5.700195312499997113e-01	9.332214696732069048e-02
4.665039062499994893e-01	7.229457150129016407e-02
5.464843749999995781e-01	8.336641461754774884e-02
5.377929687499996003e-01	8.200959263394533294e-02
5.001953124999996003e-01	7.157667556195367042e-02
4.977539062499996003e-01	7.133544063806464275e-02
5.047851562499995337e-01	7.120280634264444797e-02
5.072265624999996447e-01	7.021999128527618705e-02
4.607421874999995670e-01	6.168652025302696212e-02
3.986328124999994338e-01	5.237046738404602109e-02
5.806640624999996891e-01	8.091626617736114024e-02
4.166992187499994893e-01	5.316378657168076977e-02
4.880859374999995670e-01	6.295578151804347156e-02
5.340820312499996447e-01	6.946187053621832863e-02
5.219726562499996669e-01	6.581069850613376071e-02
5.324218749999996003e-01	6.722031045185872244e-02
5.391601562499996891e-01	6.793711738044619364e-02
5.344726562499996225e-01	6.512163735434441103e-02
5.541992187499995559e-01	6.734878170846914092e-02
4.898437499999995226e-01	5.780581002313142647e-02
3.879882812499995115e-01	4.541473192382176199e-02
4.412109374999995115e-01	5.057152351068321117e-02
