4.565429687499994449e-01	1.028434254556691158e-01
5.439453124999995559e-01	1.188944199853373684e-01
5.541992187499995559e-01	1.218872191488445111e-01
6.961914062499997558e-01	1.658811127749599823e-01
3.809570312499994671e-01	7.818780558799794111e-02
3.901367187499994449e-01	7.549298577136613619e-02
4.678710937499995781e-01	8.997237317377371202e-02
5.958984374999996003e-01	1.204062562303997302e-01
5.955078124999997335e-01	1.126887893485227360e-01
4.902343749999995559e-01	8.502402776191719802e-02
4.252929687499994449e-01	7.260032474297804794e-02
4.496093749999995337e-01	7.479093044575611804e-02
4.427734374999995337e-01	7.164743502703874167e-02
5.062499999999995337e-01	8.282514238187940747e-02
5.891601562499997335e-01	9.937718266928816102e-02
5.806640624999996891e-01	9.764638114540578895e-02
5.015624999999995781e-01	7.521658514374164606e-02
5.204101562499996447e-01	8.021082999072855213e-02
4.686523437499995337e-01	6.786634310504910395e-02
4.979492187499995337e-01	7.311526920611097213e-02
3.985351562499994671e-01	5.520147583638100597e-02
4.047851562499994449e-01	5.472688539726126844e-02
3.917968749999994893e-01	5.309904977242738827e-02
5.240234374999994671e-01	7.464703208753309394e-02
5.059570312499995781e-01	6.939763460169377784e-02
5.447265624999997335e-01	7.683104956734389257e-02
6.051757812499996003e-01	8.987995018464223218e-02
5.013671874999996447e-01	6.567732177044420527e-02
3.732421874999994338e-01	4.654928335404701772e-02
4.076171874999994782e-01	4.918432450854890586e-02
4.573242187499995115e-01	5.629876563438541981e-02
5.267578124999996447e-01	6.790246925481444040e-02
5.126953124999995559e-01	6.470248660274172114e-02
5.198242187499996225e-01	6.307345315092059701e-02
4.507812499999995226e-01	5.263904379462840122e-02
