5.524414062499997113e-01	1.438397723133994499e-01
5.484374999999995781e-01	1.309437849874759696e-01
5.056640624999995115e-01	1.144092059512688692e-01
5.322265624999995559e-01	1.166791585218750482e-01
7.548828124999997780e-01	1.946346100955574088e-01
3.474609374999994560e-01	8.033749053651585703e-02
5.207031249999996003e-01	1.046224441791096388e-01
4.855468749999996003e-01	9.264892633360954921e-02
4.110351562499995337e-01	7.728766913761844770e-02
5.077148437499995337e-01	9.192562270999223017e-02
4.947265624999995781e-01	8.861030623662954908e-02
5.264648437499995781e-01	8.903004520540469535e-02
5.282226562499995337e-01	8.904454734425099049e-02
6.174804687499996225e-01	1.084668384115737294e-01
6.093749999999995559e-01	1.043582977549350338e-01
5.120117187499995115e-01	8.019207999415614574e-02
2.576171874999993450e-01	6.308301335050948977e-02
5.603515624999995115e-01	8.648750625206420850e-02
4.108398437499994893e-01	6.142042582510773979e-02
4.353515624999995115e-01	6.340482040061173885e-02
5.009765624999995559e-01	7.201722182244194026e-02
3.771484374999994338e-01	5.641751938172344383e-02
5.000976562499995781e-01	6.803593277189207145e-02
4.471679687499995337e-01	5.946805193135915046e-02
4.323242187499994893e-01	5.935130318701845042e-02
4.204101562499995559e-01	5.532940711847338100e-02
5.234374999999995559e-01	6.803835549733240617e-02
5.687499999999996447e-01	7.614089549794039735e-02
5.407226562499997113e-01	6.873999149642405493e-02
4.276367187499994227e-01	5.318120305016561800e-02
5.172851562499996003e-01	6.488530197164431301e-02
4.611328124999995448e-01	5.552626238926464813e-02
4.849609374999995781e-01	5.889241015827991615e-02
4.989257812499995337e-01	5.962280268898451779e-02
6.291992187499996225e-01	8.148719709684697221e-02
