4.436523437499995115e-01	1.110154207257868508e-01
5.124999999999995115e-01	1.223916984393427915e-01
3.645507812499994005e-01	9.161055161338720054e-02
4.131835937499994671e-01	9.193342584712996257e-02
6.265624999999996891e-01	1.416517751022452754e-01
4.294921874999994560e-01	9.007206624333084777e-02
2.758789062499993339e-01	6.534186409803749429e-02
6.126953124999996447e-01	1.305834310929452069e-01
4.067382812499994449e-01	7.756341704555450023e-02
5.181640624999996891e-01	9.848817667335156567e-02
5.961914062499996669e-01	1.103826838327005011e-01
4.222656249999995337e-01	7.412618737114111400e-02
5.487304687499995337e-01	9.748719943332176396e-02
6.291992187499996225e-01	1.152495404081057689e-01
6.189453124999997335e-01	1.089788407911753410e-01
6.613281249999996003e-01	1.187653018865880150e-01
3.366210937499993783e-01	5.695533146374130717e-02
4.888671874999995226e-01	7.472864734637814366e-02
6.069335937499996669e-01	9.931998083395500443e-02
4.110351562499995337e-01	6.255600359152561907e-02
5.663085937499995337e-01	8.636587370869007463e-02
5.336914062499996669e-01	7.756259823725342173e-02
5.858398437499996447e-01	8.662185009252404422e-02
4.394531249999994449e-01	6.097043868852105447e-02
5.314453124999996003e-01	7.418212270179211365e-02
6.548828124999996891e-01	9.948027206825379998e-02
4.567382812499994893e-01	5.967641761263989264e-02
5.366210937499996669e-01	7.221342757792888201e-02
5.633789062499995337e-01	7.550700002572216518e-02
5.875976562499997113e-01	7.876371256804122478e-02
4.844726562499995781e-01	5.926084360095458525e-02
4.780273437499995559e-01	5.904495425380369006e-02
5.567382812499995781e-01	7.041305595300138831e-02
4.684570312499996003e-01	5.683661811008536985e-02
5.109374999999994893e-01	6.056792939655560731e-02
