3.968749999999994782e-01	9.281115111093453385e-02
4.113281249999994893e-01	9.172949563146731711e-02
1.977539062499993061e-01	6.666265378013512544e-02
4.998046874999995670e-01	1.070019233467587039e-01
3.630859374999994560e-01	7.549768809087092913e-02
4.727539062499995781e-01	9.349055922886488623e-02
4.582031249999994893e-01	8.855300580693400980e-02
7.436523437499997780e-01	1.770949573990399095e-01
3.340820312499994671e-01	6.667919937396385444e-02
3.933593749999995115e-01	7.132732911787936780e-02
4.678710937499995781e-01	8.135736253083092340e-02
3.073242187499993783e-01	5.854540953765752231e-02
5.906249999999997335e-01	1.049069168267774549e-01
3.901367187499994449e-01	6.408886361809551513e-02
6.450195312499997780e-01	1.165648326341947871e-01
4.941406249999995559e-01	7.727591196714971022e-02
4.435546874999995448e-01	6.878768210737078170e-02
4.979492187499995337e-01	7.384107876270189219e-02
4.935546874999995892e-01	7.246368291055993449e-02
4.408203124999994782e-01	6.276143103460000983e-02
4.912109374999995559e-01	7.112457084737107416e-02
4.063476562499994671e-01	5.772275161647392322e-02
4.431640624999995115e-01	6.066530723588964974e-02
4.309570312499995115e-01	5.718357056259266297e-02
4.889648437499994893e-01	6.479839121999461660e-02
5.318359374999994671e-01	7.089726604032740853e-02
4.919921874999995670e-01	6.324087962891122849e-02
5.124023437499994893e-01	6.538889697692606973e-02
6.382812499999996891e-01	8.783422540052981953e-02
6.539062499999996891e-01	8.895359623664535198e-02
4.567382812499994893e-01	5.638956992570024612e-02
3.853515624999994671e-01	5.011046979572999355e-02
4.661132812499995115e-01	5.548825959694893284e-02
5.080078124999996003e-01	6.027402133205723295e-02
5.436523437499996003e-01	6.330197928344691305e-02
