5.559570312499996225e-01	1.246419902249247535e-01
4.991210937499995781e-01	1.049401592610901962e-01
3.124999999999913958e-02	nan
3.681640624999994449e-01	9.024533115261772209e-02
5.684570312499996891e-01	1.172726402654597350e-01
7.240234374999996447e-01	1.559762139709029993e-01
4.480468749999995115e-01	8.905213299751545131e-02
5.186523437499995781e-01	9.851017642436456223e-02
5.488281249999995559e-01	9.855698364312730220e-02
5.270507812499996003e-01	9.298967806292572635e-02
5.041015624999996003e-01	8.554983075131594727e-02
5.353515624999996003e-01	8.882566083073387131e-02
3.959960937499994449e-01	7.631624157341275472e-02
5.166992187499995781e-01	8.242298539193473883e-02
4.895507812499995115e-01	7.738344793268939203e-02
5.349609374999995115e-01	8.259280556677027485e-02
3.890624999999994227e-01	7.034712367362333518e-02
4.768554687499995115e-01	7.061905523013083108e-02
5.680664062499997113e-01	8.224437017703377373e-02
4.800781249999994671e-01	6.924012463764124548e-02
4.064453124999994338e-01	6.282732458984514878e-02
4.153320312499995115e-01	6.278791721421539407e-02
5.645507812499995781e-01	7.774400548743465311e-02
4.735351562499995337e-01	6.570312773836484155e-02
6.322265624999996447e-01	8.560429562562366090e-02
6.051757812499996003e-01	7.875356143445605417e-02
4.485351562499995115e-01	6.138896989480965849e-02
4.298828124999994338e-01	5.846878037422425373e-02
4.458984374999995226e-01	5.905362194685611493e-02
5.233398437499995337e-01	6.417791234613395845e-02
4.198242187499995337e-01	5.607419056801438151e-02
3.422851562499994449e-01	5.729357742985794616e-02
4.089843749999995115e-01	5.336447896456854301e-02
4.403320312499995337e-01	5.489056952768604086e-02
4.853515624999995559e-01	5.605888276506357931e-02
