4.463867187499994671e-01	1.118251718845622994e-01
3.348632812499994227e-01	8.575070155326144916e-02
4.240234374999994893e-01	9.831902403058420670e-02
4.944335937499996225e-01	1.068684306619202551e-01
5.355468749999996447e-01	1.096791895423330776e-01
4.892578124999995004e-01	1.018614633629156829e-01
4.680664062499995115e-01	9.856753018827182911e-02
6.891601562499998224e-01	1.364136336304105357e-01
5.519531249999996003e-01	1.054045763323821078e-01
4.163085937499995115e-01	9.005638640928052829e-02
4.532226562499994671e-01	8.549533803718679936e-02
4.182617187499995115e-01	8.729297616582039343e-02
5.842773437499996225e-01	9.537226510459613504e-02
4.523437499999994893e-01	8.706762610427148941e-02
4.554687499999994782e-01	8.634358073784986765e-02
3.291992187499993561e-01	7.846314538450038789e-02
5.284179687499994671e-01	8.520685630839025526e-02
5.465820312499996003e-01	8.500979122180329917e-02
4.810546874999995226e-01	8.145923947531905074e-02
4.053710937499994671e-01	7.846400703167318025e-02
6.169921874999997335e-01	8.829349461147510680e-02
4.543945312499995115e-01	7.329371727040115414e-02
3.784179687499994449e-01	7.586170647233979325e-02
4.391601562499994893e-01	7.361732356926004028e-02
4.901367187499995337e-01	7.076958042689111827e-02
4.449218749999995781e-01	7.343584956799505126e-02
3.724609374999994782e-01	6.933654759166994752e-02
5.383789062499996225e-01	7.307101962452430821e-02
4.391601562499994893e-01	7.068328115725849847e-02
5.736328124999996447e-01	7.374805403104257862e-02
5.324218749999996003e-01	7.151731063663288590e-02
3.714843749999994227e-01	7.058102801413065897e-02
6.093749999999995559e-01	7.501345018813972143e-02
4.605468749999995781e-01	6.543970057721087974e-02
5.320312499999995115e-01	6.692285059301060490e-02
