3.538085937499994005e-01	9.201085489898849779e-02
4.637695312499995337e-01	9.940635983818597865e-02
4.132812499999994893e-01	8.988109365717887600e-02
3.190429687499993783e-01	7.676015344084663461e-02
5.974609374999995115e-01	1.193032228218723900e-01
5.013671874999996447e-01	9.737517682068408398e-02
4.201171874999995448e-01	8.001774299409442071e-02
6.023437499999997335e-01	1.138316133706101657e-01
3.884765624999994560e-01	7.024858024785314570e-02
4.152343749999994893e-01	7.140252366658750294e-02
4.177734374999995115e-01	7.161566749746449412e-02
5.309570312499996003e-01	8.968042234238918220e-02
5.282226562499995337e-01	8.766115830932352804e-02
6.362304687499996669e-01	1.121383777286255601e-01
4.646484374999995115e-01	7.182607927714651508e-02
4.277343749999994449e-01	6.320804713483636761e-02
3.561523437499993783e-01	5.604994182396660224e-02
4.673828124999995226e-01	6.835634684925423477e-02
5.243164062499995337e-01	7.756917029731814905e-02
6.137695312499996669e-01	9.701164381828884797e-02
5.865234374999996891e-01	8.716315774830617202e-02
4.284179687499994893e-01	5.827561214433845532e-02
6.652343749999997113e-01	1.055099218872516675e-01
4.562499999999994893e-01	5.964917103534075199e-02
5.531249999999996447e-01	7.610452300762937661e-02
5.322265624999995559e-01	6.960233159381366830e-02
3.975585937499994671e-01	5.034005424439665782e-02
4.823242187499995337e-01	6.120037478037222006e-02
4.538085937499994893e-01	5.643362842655335471e-02
4.665039062499994893e-01	5.646744529892638864e-02
4.532226562499994671e-01	5.343041404737280953e-02
4.163085937499995115e-01	4.836722622813166561e-02
5.440429687499995781e-01	6.758050235181053966e-02
6.286132812499996003e-01	8.337899252393587979e-02
4.672851562499995559e-01	5.361741072012501941e-02
