2.080078124999992784e-01	5.877610367695370458e-02
7.597656249999996669e-01	2.445427440856725310e-01
4.053710937499994671e-01	1.080449509816378134e-01
5.854492187499996669e-01	1.457597585585319599e-01
3.212890624999993894e-01	8.211121010667438158e-02
5.296874999999995337e-01	1.225797183859983902e-01
3.507812499999994338e-01	8.081235583347777529e-02
6.821289062499996669e-01	1.621129225845878707e-01
4.676757812499995337e-01	9.870264341924503415e-02
4.316406249999994449e-01	8.776949666296629537e-02
5.043945312499995559e-01	9.688876714139112167e-02
6.121093749999996225e-01	1.169730876033217015e-01
4.283203124999994671e-01	7.734540186256549932e-02
6.290039062499995781e-01	1.179985674982763910e-01
5.675781249999996003e-01	9.968736850447011688e-02
4.438476562499995559e-01	7.635092258746424554e-02
5.791992187499995781e-01	9.907720424556039351e-02
4.990234374999995559e-01	8.059288477455242572e-02
4.427734374999995337e-01	7.238174316143829168e-02
5.173828124999995115e-01	8.068129733503981438e-02
6.271484374999996003e-01	9.695493459316283091e-02
5.575195312499996447e-01	8.203860723362883800e-02
3.488281249999993783e-01	5.783364705722814775e-02
4.939453124999995670e-01	6.901584463888593701e-02
5.352539062499995781e-01	7.580645363766887190e-02
6.031249999999996891e-01	8.587168554040698620e-02
4.853515624999995559e-01	6.559167863383093267e-02
5.745117187499996225e-01	7.938949977613866948e-02
5.497070312499996447e-01	7.203936967714436035e-02
4.873046874999995559e-01	6.245495839948867617e-02
5.539062499999996003e-01	7.107446288558180725e-02
4.986328124999995226e-01	6.344356263169841081e-02
4.448242187499995559e-01	5.624528556311971655e-02
4.398437499999994782e-01	5.516831237267411092e-02
5.100585937499994005e-01	6.116978043846498653e-02
