7.762695312499998668e-01	2.875465437498325172e-01
4.395507812499994671e-01	1.183482618096508704e-01
5.815429687499995559e-01	1.553319930324848219e-01
3.871093749999994227e-01	9.193501113226505705e-02
5.691406249999996225e-01	1.362222210007503764e-01
5.227539062499996225e-01	1.153581669451889530e-01
3.971679687499994893e-01	8.815777199388966090e-02
3.898437499999994338e-01	8.024388455213560256e-02
4.798828124999994782e-01	9.549452543299656593e-02
5.393554687499996225e-01	1.059040414118045670e-01
3.101562499999994116e-01	6.441478110709365767e-02
5.541015624999996447e-01	1.019237424953843840e-01
4.257812499999995004e-01	7.606420510072631203e-02
4.489257812499994893e-01	7.479487847831221836e-02
3.780273437499994671e-01	6.666705064339399633e-02
4.077148437499994449e-01	6.658883485792442547e-02
4.546874999999994671e-01	7.273066919648191186e-02
5.320312499999995115e-01	8.402528889863515593e-02
3.990234374999994671e-01	6.224734165267700042e-02
4.138671874999994560e-01	6.106607533924626047e-02
4.974609374999995892e-01	7.301846642717013669e-02
5.279296874999994671e-01	7.689330181519182794e-02
4.784179687499995337e-01	6.926935013545761077e-02
4.688476562499995781e-01	6.540922933705628495e-02
5.216796874999996003e-01	7.242860016262149536e-02
4.526367187499994449e-01	6.193471585406083030e-02
5.888671874999997780e-01	8.285419284711362242e-02
4.748046874999995448e-01	6.170571146187837225e-02
4.509765624999995115e-01	5.692605822653140635e-02
4.353515624999995115e-01	5.578014629699561133e-02
6.192382812499996891e-01	8.318979470745377358e-02
6.210937499999997780e-01	8.250421048672228197e-02
4.228515624999995004e-01	5.329113262632832054e-02
4.790039062499995559e-01	5.797372155430279006e-02
4.986328124999995226e-01	5.988798557442170239e-02
