5.166992187499995781e-01	1.173455850100300069e-01
6.263671874999996447e-01	1.391651463269282518e-01
5.598632812499995115e-01	1.202087946786909861e-01
3.917968749999994893e-01	8.791626680693277740e-02
4.208984374999995004e-01	8.521949684914850720e-02
3.952148437499994893e-01	7.892871207064129646e-02
4.925781249999995337e-01	9.137540806100312440e-02
5.711914062499997558e-01	1.049461420115347099e-01
6.237304687499996003e-01	1.126762009162599332e-01
6.466796874999996003e-01	1.166801285557087925e-01
4.952148437499995781e-01	8.408386498682450527e-02
4.779296874999995337e-01	8.079186363783771863e-02
5.600585937499994449e-01	8.916697332839364221e-02
4.368164062499995115e-01	7.322361822637772633e-02
4.474609374999995448e-01	7.136370993495372295e-02
5.570312499999996447e-01	8.242099179910668261e-02
5.973632812499996003e-01	8.725601080338157844e-02
4.490234374999995115e-01	6.609931710492962520e-02
4.907226562499995559e-01	7.044759805324900259e-02
4.100585937499995337e-01	6.401733596480074784e-02
5.972656249999995781e-01	8.208119272889925766e-02
5.910156249999997113e-01	7.965907036304235855e-02
4.688476562499995781e-01	6.427707616623172526e-02
4.636718749999995115e-01	6.401231159020684403e-02
4.137695312499994893e-01	5.745986924980949623e-02
4.515624999999995337e-01	6.033231684414572943e-02
5.509765624999996003e-01	6.824976569144622363e-02
4.158203124999994560e-01	5.683913141942496111e-02
5.643554687499995337e-01	6.896139427797061405e-02
4.517578124999995226e-01	5.700541113898496132e-02
4.346679687499994671e-01	5.412133822487925211e-02
4.648437499999995004e-01	5.525761422653186622e-02
4.755859374999995559e-01	5.615208663520415699e-02
4.326171874999995004e-01	5.419123473564612520e-02
4.117187499999994671e-01	5.220276565351336662e-02
