4.632812499999995337e-01	1.134818704184450827e-01
4.759765624999995337e-01	1.106545113531609420e-01
5.943359374999996891e-01	1.377734097857468698e-01
5.170898437499995559e-01	1.113383613818030582e-01
3.655273437499994005e-01	8.795094357801643004e-02
7.883789062499998446e-01	1.933327874427620552e-01
7.576171874999997335e-01	1.702702824868823350e-01
3.560546874999994116e-01	8.301391253440494611e-02
5.910156249999997113e-01	1.151396339978137395e-01
4.176757812499994893e-01	7.706117756248126449e-02
4.360351562499995559e-01	8.080512520065896709e-02
5.921874999999996447e-01	1.035657190259345328e-01
5.042968749999995337e-01	8.166797537279213426e-02
4.631835937499995115e-01	7.664971344499529882e-02
3.921874999999994671e-01	6.975417554690817312e-02
5.722656249999996669e-01	9.070914147594306975e-02
4.002929687499994227e-01	6.886142070998299558e-02
5.492187499999996447e-01	8.524877480597332913e-02
5.151367187499995559e-01	7.549676258059574707e-02
5.333984374999996003e-01	7.655298124978419938e-02
4.710937499999995337e-01	6.915303362381602925e-02
5.958984374999996003e-01	8.470075759245461466e-02
4.453124999999995559e-01	6.433594404530763866e-02
6.653320312499997335e-01	9.289858055908864487e-02
4.973632812499996225e-01	6.714163094797201414e-02
6.513671874999997780e-01	9.070382310290639460e-02
5.335937499999996447e-01	7.084730577599356038e-02
4.901367187499995337e-01	6.408143511568546724e-02
5.193359374999995115e-01	6.619076933683618047e-02
6.000976562499996669e-01	7.582771068404901837e-02
4.206054687499994893e-01	5.634090366338542766e-02
4.781249999999995226e-01	5.888556310641318570e-02
5.545898437499995337e-01	6.677854642409349062e-02
5.442382812499996225e-01	6.373986518165013215e-02
4.518554687499994893e-01	5.553997732011072691e-02
