7.220703124999998668e-01	1.720552830142566270e-01
5.745117187499996225e-01	1.238898564211407816e-01
3.889648437499994005e-01	9.140324661630686021e-02
2.357421874999993117e-01	9.477752921777286843e-02
5.339843749999996225e-01	1.068826885665459248e-01
5.124999999999995115e-01	9.582121551009421812e-02
4.160156249999994449e-01	8.465628759622099986e-02
5.920898437499996225e-01	1.075494313421035408e-01
5.511718749999996447e-01	9.327581404745774463e-02
7.623046874999996891e-01	1.466029061372472464e-01
4.539062499999995115e-01	7.895083797805507730e-02
4.522460937499994671e-01	7.834373225325580448e-02
4.786132812499995781e-01	7.707368975000476741e-02
5.071289062499996225e-01	7.944795152413074157e-02
3.588867187499994449e-01	7.116042583413642597e-02
5.348632812499996003e-01	8.026198289047639656e-02
3.241210937499994227e-01	6.965133561201439227e-02
5.152343749999995781e-01	7.503909082376207518e-02
5.399414062499997558e-01	7.744470306735945497e-02
5.527343749999996669e-01	7.841347044949496803e-02
2.650390624999993117e-01	7.111889373852860186e-02
6.357421874999997780e-01	8.981021670154935854e-02
4.749023437499995115e-01	6.429970782942398544e-02
5.063476562499995559e-01	6.771728603372036137e-02
6.112304687499995337e-01	8.069993093920298233e-02
4.197265624999995115e-01	5.993891741708599202e-02
4.010742187499994893e-01	5.602959312681544263e-02
4.855468749999996003e-01	6.234394940354085618e-02
5.055664062499994893e-01	6.279461890348740638e-02
4.461914062499995337e-01	5.703025764880282483e-02
4.602539062499995115e-01	5.771270246806241289e-02
4.962890624999995448e-01	5.875064673976117258e-02
6.200195312499997558e-01	7.576185092410771260e-02
4.256835937499995337e-01	5.232340928015328380e-02
5.540039062499996225e-01	6.363220805589382689e-02
