7.539062499999997780e-01	2.288309449072255808e-01
4.854492187499995781e-01	1.185278872664580208e-01
6.004882812499996447e-01	1.455179719554633710e-01
3.963867187499994227e-01	9.731725506945568260e-02
4.994140624999995337e-01	1.079794464604718340e-01
4.984374999999995337e-01	1.025935849056526794e-01
5.201171874999996891e-01	1.039878038358079543e-01
5.395507812499996669e-01	1.044704201882925010e-01
5.765624999999996447e-01	1.099212203097824636e-01
4.234374999999994671e-01	7.956161137793711646e-02
5.497070312499996447e-01	9.538952428293910601e-02
5.162109374999994671e-01	8.698526913785432912e-02
7.217773437499998002e-01	1.357298889969122402e-01
4.214843749999994671e-01	7.141904944457830307e-02
5.214843749999996669e-01	8.413113773636707315e-02
5.514648437499996003e-01	8.582530873234207880e-02
5.346679687499995559e-01	8.153684995473653441e-02
4.446289062499995115e-01	6.906252679389505988e-02
5.022460937499996225e-01	7.452908652929762789e-02
4.687499999999995559e-01	6.762865748779517405e-02
4.457031249999995337e-01	6.381412755704549133e-02
5.530273437499996225e-01	7.833857374356198444e-02
4.755859374999995559e-01	6.383865396763341304e-02
4.032226562499994227e-01	5.810133520116025907e-02
5.314453124999996003e-01	7.098329126735226924e-02
4.640624999999994893e-01	6.083576123446714223e-02
4.635742187499994893e-01	6.036179529049229969e-02
5.502929687499995559e-01	7.089905778716319718e-02
5.144531249999995115e-01	6.438808715458367582e-02
5.508789062499995781e-01	6.874625089265236355e-02
5.228515624999996447e-01	6.363524396865188892e-02
4.979492187499995337e-01	5.906326151628808752e-02
4.694335937499996003e-01	5.490823364016138991e-02
4.912109374999995559e-01	5.745368635722519074e-02
4.847656249999995337e-01	5.531303775794144811e-02
