5.367187499999996891e-01	1.349962667663030802e-01
4.099609374999995115e-01	9.126150077076657097e-02
5.695312499999996003e-01	1.285543081601337456e-01
7.806640624999998668e-01	2.089910573523048598e-01
4.864257812499995781e-01	1.019528636608340033e-01
3.541015624999994116e-01	7.725471669368812189e-02
4.869140624999995226e-01	9.613118499459116784e-02
4.561523437499994671e-01	8.643436867197339113e-02
4.860351562499996003e-01	9.099775044799471302e-02
4.069335937499994893e-01	7.435733005644072635e-02
4.781249999999995226e-01	8.282719782937311703e-02
3.972656249999995115e-01	6.940277133355740591e-02
5.195312499999995559e-01	8.672304379883007119e-02
4.620117187499994671e-01	7.407942372457296254e-02
4.599609374999995559e-01	7.269046296962190790e-02
4.872070312499995337e-01	7.499455977735966505e-02
5.305664062499996225e-01	8.034869877409696326e-02
4.061523437499994227e-01	6.184009239198118985e-02
6.305664062499997113e-01	9.936004786945419609e-02
4.133789062499995115e-01	6.150012668446688813e-02
5.622070312499996003e-01	8.012531077265544477e-02
5.635742187499995781e-01	7.942700630462917744e-02
5.609374999999995337e-01	7.775862900639808617e-02
4.834960937499995781e-01	6.433119151969884930e-02
4.244140624999994671e-01	5.786130339977050424e-02
4.301757812499994449e-01	5.746203009753137608e-02
4.911132812499995337e-01	6.172701391190994064e-02
4.168945312499995337e-01	5.435478952909616329e-02
5.008789062499995337e-01	6.207590040708676343e-02
3.931640624999994671e-01	5.240806583889159875e-02
5.754882812499996225e-01	7.169928286738468104e-02
4.958984374999995670e-01	6.046815515247755402e-02
5.206054687499995781e-01	6.229432199854231800e-02
5.162109374999994671e-01	5.939532670314605356e-02
5.678710937499996669e-01	6.709839709237477856e-02
