5.389648437499996447e-01	1.213595976709254676e-01
3.456054687499994227e-01	7.581358927469050712e-02
4.079101562499994893e-01	8.418768087272822387e-02
4.339843749999995337e-01	8.005923546371646049e-02
5.555664062499995337e-01	1.145216227112446639e-01
6.256835937499997113e-01	1.300335502473307370e-01
3.594726562499994671e-01	6.858514988933411827e-02
5.226562499999996003e-01	9.620870037482359693e-02
3.518554687499994005e-01	6.464341533875822554e-02
5.958007812499996891e-01	1.103020827985659869e-01
5.062499999999995337e-01	8.700670036017342512e-02
3.183593749999994449e-01	5.925698440670454370e-02
5.248046874999996447e-01	8.604302783306758129e-02
3.708984374999994560e-01	6.104842792366062948e-02
5.196289062499995781e-01	8.222730009058010214e-02
4.780273437499995559e-01	7.202566853696909521e-02
6.128906249999995781e-01	9.754360655559746185e-02
4.916992187499995559e-01	7.015228735846688879e-02
3.895507812499994227e-01	5.840461450840914864e-02
4.634765624999995226e-01	6.469028942143971450e-02
3.749023437499994227e-01	5.488999687641444442e-02
4.995117187499995559e-01	6.849955260721363182e-02
4.993164062499995115e-01	6.626502708335321734e-02
5.484374999999995781e-01	7.318033547545173267e-02
4.035156249999994893e-01	5.396513298456623309e-02
3.659179687499993783e-01	5.125642469672393037e-02
4.905273437499995115e-01	6.173131160999766054e-02
4.897460937499995559e-01	6.157243502633554660e-02
4.504882812499995115e-01	5.459738203189118400e-02
4.931640624999995559e-01	5.934236929380522219e-02
5.738281249999995781e-01	7.053201781008283655e-02
5.497070312499996447e-01	6.581192382040898514e-02
4.966796874999995781e-01	5.705881255104939404e-02
6.217773437499997113e-01	7.616677901513520255e-02
3.943359374999995115e-01	4.737682514737712181e-02
