5.197265624999996003e-01	1.148239477020834703e-01
4.241210937499995115e-01	1.046697945494536319e-01
5.696289062499996225e-01	1.185789825519108776e-01
8.416992187499998668e-01	1.951785580409612364e-01
5.219726562499996669e-01	1.056967750109680526e-01
5.233398437499995337e-01	1.074228719563575796e-01
4.905273437499995115e-01	1.023381719144872831e-01
4.008789062499994449e-01	9.075502131061459477e-02
5.230468749999995781e-01	9.645766284641113519e-02
6.422851562499997113e-01	1.125715079866027452e-01
2.227539062499993283e-01	8.204881738494153309e-02
5.049804687499994671e-01	9.002678863087003325e-02
4.412109374999995115e-01	8.822272147784246399e-02
5.339843749999996225e-01	8.746351000734421677e-02
6.201171874999997780e-01	9.622997797155988242e-02
4.895507812499995115e-01	8.370017083102837541e-02
4.457031249999995337e-01	8.231997396705489911e-02
4.869140624999995226e-01	8.016699241623390093e-02
5.489257812499995781e-01	8.365665530248457549e-02
5.424804687499995559e-01	8.311090042356927832e-02
5.598632812499995115e-01	7.985978223853409941e-02
4.064453124999994338e-01	7.982135113815001792e-02
6.241210937499995781e-01	8.399140071988329959e-02
3.992187499999994560e-01	7.585645439198451800e-02
5.316406249999995337e-01	7.420188785117542984e-02
5.708984374999996891e-01	7.606325228768592850e-02
3.813476562499994449e-01	7.707647793889040033e-02
4.350585937499995559e-01	6.959993970015133924e-02
6.008789062499996225e-01	7.596715887204133488e-02
5.122070312499995559e-01	6.940202976823092729e-02
4.851562499999995670e-01	6.765464081503609617e-02
5.666015624999996003e-01	7.076407273211646198e-02
5.730468749999996225e-01	6.930960836864855090e-02
5.083007812499995559e-01	6.540748010033831106e-02
4.834960937499995781e-01	6.519852193370005711e-02
