8.221679687499998668e-01	2.604814487512981946e-01
5.338867187499996003e-01	1.187345889583630992e-01
4.225585937499994893e-01	9.121416826480382989e-02
3.325195312499994449e-01	7.553304471519364793e-02
3.960937499999994671e-01	7.979310639968553720e-02
5.351562499999995559e-01	1.057126194463394453e-01
3.984374999999994449e-01	7.519109613105105783e-02
7.463867187499997335e-01	1.806657376638643453e-01
5.066406249999995115e-01	9.014338778827367393e-02
5.256835937499996225e-01	9.571623341051463396e-02
5.397460937499997113e-01	9.785236862945545511e-02
6.690429687499996891e-01	1.339222716296711024e-01
4.295898437499994227e-01	6.882780521208836655e-02
4.405273437499994671e-01	7.062992780366669776e-02
3.758789062499994227e-01	5.890676542914850128e-02
5.302734374999995559e-01	8.511002373264382748e-02
4.600585937499995781e-01	7.101133044721963383e-02
5.850585937499995781e-01	9.594410393772524748e-02
4.109374999999995115e-01	5.963543202329284892e-02
5.378906249999996225e-01	8.234169592948445415e-02
4.359374999999995337e-01	6.118275522729654109e-02
4.965820312499995559e-01	7.213460206123553653e-02
4.861328124999995670e-01	6.865762020198941384e-02
4.202148437499995115e-01	5.651793050840688698e-02
5.727539062499996669e-01	8.429241919656074722e-02
4.475585937499995115e-01	5.807403942518877399e-02
5.159179687499995115e-01	6.930595737801717449e-02
3.916015624999994449e-01	4.948080136721800387e-02
4.743164062499994893e-01	6.086532907065728831e-02
5.288085937499994449e-01	6.998359548746421743e-02
5.208984374999996447e-01	6.704568471155407383e-02
4.347656249999994893e-01	5.171003286009929339e-02
4.845703124999995448e-01	5.965685810921718402e-02
4.529296874999995115e-01	5.390762485043210095e-02
5.248046874999996447e-01	6.588898919137449461e-02
